geoid_o,geoid_d,lng_o,lat_o,lng_d,lat_d,date,visitor_flows,pop_flows
55079005000,55079020000,-87.98327608357046,43.07665137069942,-87.95273620994368,42.98405311376188,2020-07-17,2,60.0
55079005000,55079004300,-87.98327608357046,43.07665137069942,-87.93220867621264,43.094799127568905,2020-07-17,2,60.0
55079005000,55079060200,-87.98327608357046,43.07665137069942,-87.9245165328896,43.11556508690733,2020-07-17,2,60.0
55079005000,55079004500,-87.98327608357046,43.07665137069942,-87.92226909278084,43.08550885272536,2020-07-17,1,30.0
55079005000,55079015700,-87.98327608357046,43.07665137069942,-87.92777138656925,43.021663598322064,2020-07-17,1,30.0
55079005000,55079016200,-87.98327608357046,43.07665137069942,-87.94745090497267,43.01660575920564,2020-07-17,1,30.0
55079005000,55079019000,-87.98327608357046,43.07665137069942,-87.967877289968,42.995496154489715,2020-07-17,2,60.0
55079005000,55079091300,-87.98327608357046,43.07665137069942,-88.0097444924032,43.037871666045895,2020-07-17,1,30.0
55079005000,55079000101,-87.98327608357046,43.07665137069942,-88.00922083481396,43.18510784936368,2020-07-17,3,90.0
55079005000,55079010800,-87.98327608357046,43.07665137069942,-87.88986181293924,43.05733829509928,2020-07-17,1,30.0
55079005000,55079011200,-87.98327608357046,43.07665137069942,-87.89756439120579,43.055476240018415,2020-07-17,1,30.0
55079005000,55079011400,-87.98327608357046,43.07665137069942,-87.9106574898586,43.05269479350376,2020-07-17,2,60.0
55079005000,55079110100,-87.98327608357046,43.07665137069942,-87.9710022364233,43.012448953036525,2020-07-17,2,60.0
55079005000,55079000600,-87.98327608357046,43.07665137069942,-88.00190569680801,43.14010292722225,2020-07-17,1,30.0
55079005000,55079090300,-87.98327608357046,43.07665137069942,-88.0515779905257,43.06739040507833,2020-07-17,6,180.0
55079005000,55079101600,-87.98327608357046,43.07665137069942,-87.98881839806968,43.003113634057684,2020-07-17,1,30.0
55079005000,55079019200,-87.98327608357046,43.07665137069942,-87.9858350139744,42.99282711086924,2020-07-17,3,90.0
55079005000,55079090200,-87.98327608357046,43.07665137069942,-88.05200796218348,43.081902180003375,2020-07-17,3,90.0
55079005000,55079090900,-87.98327608357046,43.07665137069942,-88.00270912368009,43.06124682618238,2020-07-17,1,30.0
55079005000,55079120203,-87.98327608357046,43.07665137069942,-88.00776394431053,42.95694649923871,2020-07-17,1,30.0
55079005000,55079000501,-87.98327608357046,43.07665137069942,-88.04340002069712,43.115390222488664,2020-07-17,3,90.0
55079005000,55079001200,-87.98327608357046,43.07665137069942,-87.98620080987179,43.12617611256525,2020-07-17,1,30.0
55079005000,55079002700,-87.98327608357046,43.07665137069942,-87.97176690626681,43.100825271475365,2020-07-17,1,30.0
55079005000,55079003500,-87.98327608357046,43.07665137069942,-87.99830093777771,43.09359369867719,2020-07-17,2,60.0
55079005000,55079004800,-87.98327608357046,43.07665137069942,-87.96231596301399,43.077035360461494,2020-07-17,3,90.0
55079005000,55079003200,-87.98327608357046,43.07665137069942,-88.00111189801154,43.10115852758208,2020-07-17,1,30.0
55079005000,55079060101,-87.98327608357046,43.07665137069942,-87.92535691568614,43.13950788268824,2020-07-17,1,30.0
55079005000,55079090600,-87.98327608357046,43.07665137069942,-88.05435154566402,43.03795832032663,2020-07-17,1,30.0
55079005000,55079185300,-87.98327608357046,43.07665137069942,-88.04265402690729,43.049880154873065,2020-07-17,6,180.0
55079005000,55079014700,-87.98327608357046,43.07665137069942,-87.93551340137516,43.042200823908786,2020-07-17,1,30.0
55079005000,55079000800,-87.98327608357046,43.07665137069942,-87.97372753660457,43.14064967469203,2020-07-17,2,60.0
55079005000,55079004000,-87.98327608357046,43.07665137069942,-87.97205846198321,43.09342306765945,2020-07-17,2,60.0
55079005000,55079005400,-87.98327608357046,43.07665137069942,-88.02259608100492,43.0824437803151,2020-07-17,3,90.0
55079005000,55079000502,-87.98327608357046,43.07665137069942,-88.03128731150349,43.12480634966938,2020-07-17,1,30.0
55079005000,55079006200,-87.98327608357046,43.07665137069942,-87.96097127315564,43.067902782244275,2020-07-17,2,60.0
55079005000,55079186800,-87.98327608357046,43.07665137069942,-87.9506670108877,43.02815858561159,2020-07-17,2,60.0
55079005000,55079091200,-87.98327608357046,43.07665137069942,-88.00388284004167,43.0467075980639,2020-07-17,6,180.0
55079005000,55079100600,-87.98327608357046,43.07665137069942,-88.02237498004419,43.02035162464835,2020-07-17,1,30.0
55079005000,55079005000,-87.98327608357046,43.07665137069942,-87.98327608357046,43.07665137069942,2020-07-17,150,4512.0
55079005000,55079006800,-87.98327608357046,43.07665137069942,-87.92500216567623,43.079683301494654,2020-07-17,2,60.0
55079005000,55079101100,-87.98327608357046,43.07665137069942,-88.04276904850849,42.99420752845147,2020-07-17,1,30.0
55079005000,55079140201,-87.98327608357046,43.07665137069942,-87.99911426080601,42.93902100763907,2020-07-17,3,90.0
55079005000,55079091400,-87.98327608357046,43.07665137069942,-87.99383660813824,43.04031315098078,2020-07-17,1,30.0
55079005000,55079001600,-87.98327608357046,43.07665137069942,-88.01599665750028,43.11588641903863,2020-07-17,1,30.0
55079005000,55079008500,-87.98327608357046,43.07665137069942,-87.9298714910033,43.06776123229879,2020-07-17,1,30.0
55079005000,55079070100,-87.98327608357046,43.07665137069942,-87.9076583493148,43.12063010988105,2020-07-17,1,30.0
55079005000,55079091100,-87.98327608357046,43.07665137069942,-88.00381885772617,43.05493775558714,2020-07-17,1,30.0
55079005000,55079003600,-87.98327608357046,43.07665137069942,-87.98321131530031,43.092736225323044,2020-07-17,4,120.0
55079005000,55079003800,-87.98327608357046,43.07665137069942,-87.97215356169055,43.086187842345545,2020-07-17,4,120.0
55079005000,55079014400,-87.98327608357046,43.07665137069942,-87.90784049253895,43.042413401572134,2020-07-17,2,60.0
55079005000,55079100400,-87.98327608357046,43.07665137069942,-88.01166560297426,43.0170103539625,2020-07-17,1,30.0
55079005000,55079150100,-87.98327608357046,43.07665137069942,-87.97759713310646,42.91424119290261,2020-07-17,1,30.0
55079005000,55079021600,-87.98327608357046,43.07665137069942,-87.92488475274558,42.952251222261935,2020-07-17,1,30.0
55079005000,55079001800,-87.98327608357046,43.07665137069942,-87.99853790291819,43.115847306484916,2020-07-17,1,30.0
55079005000,55079003400,-87.98327608357046,43.07665137069942,-88.02444287795417,43.0934576342605,2020-07-17,5,150.0
55079005000,55079005500,-87.98327608357046,43.07665137069942,-88.03284541742188,43.08237006688624,2020-07-17,3,90.0
55079005000,55079005800,-87.98327608357046,43.07665137069942,-87.99994620357029,43.072303413103626,2020-07-17,4,120.0
55079005000,55079187000,-87.98327608357046,43.07665137069942,-87.88728455831759,43.05530607398437,2020-07-17,1,30.0
55079005000,55079002900,-87.98327608357046,43.07665137069942,-87.98131890013833,43.108341188298006,2020-07-17,3,90.0
55079005000,55079050102,-87.98327608357046,43.07665137069942,-87.96743569232115,43.172443064752215,2020-07-17,1,30.0
55079005000,55079007900,-87.98327608357046,43.07665137069942,-87.89683936352995,43.06599950452746,2020-07-17,1,30.0
55079005000,55079006300,-87.98327608357046,43.07665137069942,-87.95229119818997,43.07635281761954,2020-07-17,1,30.0
55079005000,55079185700,-87.98327608357046,43.07665137069942,-87.91471207902771,43.06752585199898,2020-07-17,1,30.0
55079005000,55079016300,-87.98327608357046,43.07665137069942,-87.93764055272034,43.01572710315665,2020-07-17,1,30.0
55079005000,55079000700,-87.98327608357046,43.07665137069942,-87.99009583376943,43.15588909293765,2020-07-17,1,30.0
55079005000,55079010700,-87.98327608357046,43.07665137069942,-87.90095083433016,43.0597678010215,2020-07-17,1,30.0
55079005000,55079012600,-87.98327608357046,43.07665137069942,-87.99443577770006,43.034032251200934,2020-07-17,1,30.0
55079005000,55079005200,-87.98327608357046,43.07665137069942,-88.0124256780363,43.086227920709504,2020-07-17,3,90.0
55079005000,55079005900,-87.98327608357046,43.07665137069942,-87.98523579862835,43.06821108392844,2020-07-17,4,120.0
55079005000,55079007200,-87.98327608357046,43.07665137069942,-87.89788270005259,43.07774402945858,2020-07-17,1,30.0
55079005000,55079007600,-87.98327608357046,43.07665137069942,-87.87859580944733,43.06399812725538,2020-07-17,1,30.0
55079005000,55079001300,-87.98327608357046,43.07665137069942,-87.99843350448002,43.126783535933505,2020-07-17,3,90.0
55079005000,55079001700,-87.98327608357046,43.07665137069942,-88.01621221830194,43.10855887721336,2020-07-17,4,120.0
55079005000,55079004200,-87.98327608357046,43.07665137069942,-87.94544782159862,43.09516547779425,2020-07-17,1,30.0
55079005000,55079012300,-87.98327608357046,43.07665137069942,-87.96196748080853,43.043599093031496,2020-07-17,1,30.0
55079005000,55079001500,-87.98327608357046,43.07665137069942,-88.01520145334699,43.123754077777434,2020-07-17,1,30.0
55079005000,55079080400,-87.98327608357046,43.07665137069942,-87.88848724040903,43.08594082590386,2020-07-17,2,60.0
55079005000,55079003900,-87.98327608357046,43.07665137069942,-87.96215160813261,43.086172227530916,2020-07-17,4,120.0
55079005000,55079000201,-87.98327608357046,43.07665137069942,-88.0472441211064,43.1799495757708,2020-07-17,2,60.0
55079005000,55079019800,-87.98327608357046,43.07665137069942,-87.98973307517815,42.982078809345225,2020-07-17,1,30.0
55079005000,55079009000,-87.98327608357046,43.07665137069942,-87.9610837883489,43.060355868415826,2020-07-17,1,30.0
55079005000,55079009100,-87.98327608357046,43.07665137069942,-87.96852806703085,43.060675408064526,2020-07-17,1,30.0
55079005000,55079013700,-87.98327608357046,43.07665137069942,-87.94529508707278,43.04229912697773,2020-07-17,1,30.0
55079005000,55079003700,-87.98327608357046,43.07665137069942,-87.98336380852676,43.08546039091554,2020-07-17,4,120.0
55079005000,55079001100,-87.98327608357046,43.07665137069942,-87.96901390366762,43.127689901740844,2020-07-17,3,90.0
55079005000,55079008900,-87.98327608357046,43.07665137069942,-87.95337828163817,43.06706338271535,2020-07-17,2,60.0
55079005000,55079004100,-87.98327608357046,43.07665137069942,-87.95681147526382,43.0940907627305,2020-07-17,1,30.0
55079005000,55079091000,-87.98327608357046,43.07665137069942,-87.99705672432205,43.06433297165757,2020-07-17,2,60.0
55079005000,55079186900,-87.98327608357046,43.07665137069942,-87.88804149673794,43.05226526687869,2020-07-17,1,30.0
55079005000,55079185600,-87.98327608357046,43.07665137069942,-87.91469071944607,43.06026722158336,2020-07-17,4,120.0
55079005000,55079005100,-87.98327608357046,43.07665137069942,-87.99757698420609,43.08261869423604,2020-07-17,4,120.0
55079005000,55079004900,-87.98327608357046,43.07665137069942,-87.97231517837423,43.077061406485264,2020-07-17,4,120.0
55079005000,55079007400,-87.98327608357046,43.07665137069942,-87.87216855868374,43.078043126250115,2020-07-17,1,30.0
55079005000,55079009200,-87.98327608357046,43.07665137069942,-87.97560474362125,43.06069020349929,2020-07-17,1,30.0
55079005000,55079005600,-87.98327608357046,43.07665137069942,-88.02758035548169,43.071050112322006,2020-07-17,1,30.0
55079005000,55079012900,-87.98327608357046,43.07665137069942,-87.99989477924994,43.028140622580246,2020-07-17,2,60.0
55079005000,55079006400,-87.98327608357046,43.07665137069942,-87.94234792087695,43.07421796319209,2020-07-17,1,30.0
55079005000,55079002500,-87.98327608357046,43.07665137069942,-87.96218045466739,43.10795733493045,2020-07-17,1,30.0
55079005000,55079009300,-87.98327608357046,43.07665137069942,-87.98314520393755,43.060746025032145,2020-07-17,1,30.0
55079005000,55079006500,-87.98327608357046,43.07665137069942,-87.94229465456391,43.0797331466399,2020-07-17,1,30.0
55079005000,55079090800,-87.98327608357046,43.07665137069942,-88.01754834659646,43.063072316879136,2020-07-17,1,30.0
55079005000,55079185400,-87.98327608357046,43.07665137069942,-87.93768935592728,43.06023552955454,2020-07-17,2,60.0
55079005000,55079008800,-87.98327608357046,43.07665137069942,-87.94617084834631,43.06788862375971,2020-07-17,1,30.0
55079005000,55079015900,-87.98327608357046,43.07665137069942,-87.9473669417017,43.02159668337006,2020-07-17,2,60.0
55079005000,55079006900,-87.98327608357046,43.07665137069942,-87.91078185483303,43.07979537793229,2020-07-17,1,30.0
55079005000,55079006700,-87.98327608357046,43.07665137069942,-87.92040407919447,43.07437828581977,2020-07-17,1,30.0
55079005000,55079008700,-87.98327608357046,43.07665137069942,-87.93997122125838,43.06781436915486,2020-07-17,1,30.0
55079005200,55079060200,-88.0124256780363,43.086227920709504,-87.9245165328896,43.11556508690733,2020-07-17,2,35.0
55079005200,55079000202,-88.0124256780363,43.086227920709504,-88.04132965001602,43.160382512849615,2020-07-17,1,17.0
55079005200,55079010800,-88.0124256780363,43.086227920709504,-87.88986181293924,43.05733829509928,2020-07-17,1,17.0
55079005200,55079160100,-88.0124256780363,43.086227920709504,-87.91471599062149,42.91513941042769,2020-07-17,1,17.0
55079005200,55079000600,-88.0124256780363,43.086227920709504,-88.00190569680801,43.14010292722225,2020-07-17,1,17.0
55079005200,55079090300,-88.0124256780363,43.086227920709504,-88.0515779905257,43.06739040507833,2020-07-17,3,53.0
55079005200,55079186300,-88.0124256780363,43.086227920709504,-87.91799927397663,43.040616743150025,2020-07-17,2,35.0
55079005200,55079021700,-88.0124256780363,43.086227920709504,-87.91312462574102,42.94052513723052,2020-07-17,1,17.0
55079005200,55079090200,-88.0124256780363,43.086227920709504,-88.05200796218348,43.081902180003375,2020-07-17,5,88.0
55079005200,55079120400,-88.0124256780363,43.086227920709504,-87.96548496050795,42.96670427425607,2020-07-17,1,17.0
55079005200,55079120203,-88.0124256780363,43.086227920709504,-88.00776394431053,42.95694649923871,2020-07-17,1,17.0
55079005200,55079160300,-88.0124256780363,43.086227920709504,-87.8893867076047,42.856940087232964,2020-07-17,1,17.0
55079005200,55079000501,-88.0124256780363,43.086227920709504,-88.04340002069712,43.115390222488664,2020-07-17,3,53.0
55079005200,55079003500,-88.0124256780363,43.086227920709504,-87.99830093777771,43.09359369867719,2020-07-17,1,17.0
55079005200,55079005300,-88.0124256780363,43.086227920709504,-88.01242727702714,43.07892288175221,2020-07-17,2,35.0
55079005200,55079185300,-88.0124256780363,43.086227920709504,-88.04265402690729,43.049880154873065,2020-07-17,1,17.0
55079005200,55079000800,-88.0124256780363,43.086227920709504,-87.97372753660457,43.14064967469203,2020-07-17,1,17.0
55079005200,55079005400,-88.0124256780363,43.086227920709504,-88.02259608100492,43.0824437803151,2020-07-17,1,17.0
55079005200,55079187200,-88.0124256780363,43.086227920709504,-88.00769048889484,42.863813659193866,2020-07-17,1,17.0
55079005200,55079160203,-88.0124256780363,43.086227920709504,-87.91638950191752,42.89402789790319,2020-07-17,1,17.0
55079005200,55079091200,-88.0124256780363,43.086227920709504,-88.00388284004167,43.0467075980639,2020-07-17,4,70.0
55079005200,55079014600,-88.0124256780363,43.086227920709504,-87.93032605572249,43.04237842637439,2020-07-17,1,17.0
55079005200,55079101100,-88.0124256780363,43.086227920709504,-88.04276904850849,42.99420752845147,2020-07-17,1,17.0
55079005200,55079186500,-88.0124256780363,43.086227920709504,-87.9130303085029,43.02319729476483,2020-07-17,1,17.0
55079005200,55079001600,-88.0124256780363,43.086227920709504,-88.01599665750028,43.11588641903863,2020-07-17,1,17.0
55079005200,55079120101,-88.0124256780363,43.086227920709504,-88.04814010007517,42.95916305909443,2020-07-17,2,35.0
55079005200,55079007700,-88.0124256780363,43.086227920709504,-87.88849935823362,43.06389053422122,2020-07-17,1,17.0
55079005200,55079001800,-88.0124256780363,43.086227920709504,-87.99853790291819,43.115847306484916,2020-07-17,1,17.0
55079005200,55079003400,-88.0124256780363,43.086227920709504,-88.02444287795417,43.0934576342605,2020-07-17,7,123.0
55079005200,55079005500,-88.0124256780363,43.086227920709504,-88.03284541742188,43.08237006688624,2020-07-17,1,17.0
55079005200,55079100800,-88.0124256780363,43.086227920709504,-88.05710943935104,43.023654444193184,2020-07-17,2,35.0
55079005200,55079050102,-88.0124256780363,43.086227920709504,-87.96743569232115,43.172443064752215,2020-07-17,1,17.0
55079005200,55079101700,-88.0124256780363,43.086227920709504,-88.00697190300957,43.00173437379505,2020-07-17,1,17.0
55079005200,55079005700,-88.0124256780363,43.086227920709504,-88.01309831915184,43.07138814037072,2020-07-17,1,17.0
55079005200,55079005200,-88.0124256780363,43.086227920709504,-88.0124256780363,43.086227920709504,2020-07-17,69,1220.0
55079005200,55079006600,-88.0124256780363,43.086227920709504,-87.93135214789555,43.075399167305534,2020-07-17,1,17.0
55079005200,55079000900,-88.0124256780363,43.086227920709504,-87.95566887882444,43.14970170326806,2020-07-17,1,17.0
55079005200,55079001300,-88.0124256780363,43.086227920709504,-87.99843350448002,43.126783535933505,2020-07-17,2,35.0
55079005200,55079001700,-88.0124256780363,43.086227920709504,-88.01621221830194,43.10855887721336,2020-07-17,2,35.0
55079005200,55079004200,-88.0124256780363,43.086227920709504,-87.94544782159862,43.09516547779425,2020-07-17,1,17.0
55079005200,55079001500,-88.0124256780363,43.086227920709504,-88.01520145334699,43.123754077777434,2020-07-17,2,35.0
55079005200,55079000201,-88.0124256780363,43.086227920709504,-88.0472441211064,43.1799495757708,2020-07-17,1,17.0
55079005200,55079012700,-88.0124256780363,43.086227920709504,-88.0122777504643,43.029662330242175,2020-07-17,1,17.0
55079005200,55079001900,-88.0124256780363,43.086227920709504,-87.98367415791445,43.115686316787006,2020-07-17,3,53.0
55079005200,55079016500,-88.0124256780363,43.086227920709504,-87.91153110922029,43.01579142211555,2020-07-17,1,17.0
55079005200,55079090700,-88.0124256780363,43.086227920709504,-88.02545440842808,43.059193901469925,2020-07-17,2,35.0
55079005200,55079101300,-88.0124256780363,43.086227920709504,-88.02770018483265,42.99907770295741,2020-07-17,1,17.0
55079005200,55079008900,-88.0124256780363,43.086227920709504,-87.95337828163817,43.06706338271535,2020-07-17,1,17.0
55079005200,55079005100,-88.0124256780363,43.086227920709504,-87.99757698420609,43.08261869423604,2020-07-17,2,35.0
55079005200,55079009200,-88.0124256780363,43.086227920709504,-87.97560474362125,43.06069020349929,2020-07-17,1,17.0
55079005200,55079012900,-88.0124256780363,43.086227920709504,-87.99989477924994,43.028140622580246,2020-07-17,1,17.0
55079005200,55079012200,-88.0124256780363,43.086227920709504,-87.95271101560115,43.04866661559741,2020-07-17,1,17.0
55079005200,55079001000,-88.0124256780363,43.086227920709504,-87.95348314468296,43.12464896388482,2020-07-17,1,17.0
55079005200,55079009300,-88.0124256780363,43.086227920709504,-87.98314520393755,43.060746025032145,2020-07-17,1,17.0
55079005200,55079090800,-88.0124256780363,43.086227920709504,-88.01754834659646,43.063072316879136,2020-07-17,3,53.0
55079016300,55079020000,-87.93764055272034,43.01572710315665,-87.95273620994368,42.98405311376188,2020-07-17,2,61.0
55079016300,55079004300,-87.93764055272034,43.01572710315665,-87.93220867621264,43.094799127568905,2020-07-17,1,30.0
55079016300,55079060200,-87.93764055272034,43.01572710315665,-87.9245165328896,43.11556508690733,2020-07-17,2,61.0
55079016300,55079004500,-87.93764055272034,43.01572710315665,-87.92226909278084,43.08550885272536,2020-07-17,1,30.0
55079016300,55079015700,-87.93764055272034,43.01572710315665,-87.92777138656925,43.021663598322064,2020-07-17,10,308.0
55079016300,55079016200,-87.93764055272034,43.01572710315665,-87.94745090497267,43.01660575920564,2020-07-17,5,154.0
55079016300,55079019000,-87.93764055272034,43.01572710315665,-87.967877289968,42.995496154489715,2020-07-17,1,30.0
55079016300,55079000101,-87.93764055272034,43.01572710315665,-88.00922083481396,43.18510784936368,2020-07-17,1,30.0
55079016300,55079000102,-87.93764055272034,43.01572710315665,-88.01167859828367,43.164645145767146,2020-07-17,1,30.0
55079016300,55079002300,-87.93764055272034,43.01572710315665,-87.93621856893152,43.105985427841645,2020-07-17,1,30.0
55079016300,55079110100,-87.93764055272034,43.01572710315665,-87.9710022364233,43.012448953036525,2020-07-17,8,246.0
55079016300,55079021200,-87.93764055272034,43.01572710315665,-87.92101040508955,42.965284697357816,2020-07-17,1,30.0
55079016300,55079160100,-87.93764055272034,43.01572710315665,-87.91471599062149,42.91513941042769,2020-07-17,2,61.0
55079016300,55079021700,-87.93764055272034,43.01572710315665,-87.91312462574102,42.94052513723052,2020-07-17,2,61.0
55079016300,55079120501,-87.93764055272034,43.01572710315665,-87.96680035551529,42.94072396992586,2020-07-17,2,61.0
55079016300,55079120400,-87.93764055272034,43.01572710315665,-87.96548496050795,42.96670427425607,2020-07-17,4,123.0
55079016300,55079120203,-87.93764055272034,43.01572710315665,-88.00776394431053,42.95694649923871,2020-07-17,1,30.0
55079016300,55079018400,-87.93764055272034,43.01572710315665,-87.90417459790928,42.9917062933768,2020-07-17,1,30.0
55079016300,55079160300,-87.93764055272034,43.01572710315665,-87.8893867076047,42.856940087232964,2020-07-17,3,92.0
55079016300,55079017300,-87.93764055272034,43.01572710315665,-87.94877202549131,43.0036525046766,2020-07-17,2,61.0
55079016300,55079004800,-87.93764055272034,43.01572710315665,-87.96231596301399,43.077035360461494,2020-07-17,1,30.0
55079016300,55079003200,-87.93764055272034,43.01572710315665,-88.00111189801154,43.10115852758208,2020-07-17,1,30.0
55079016300,55079005300,-87.93764055272034,43.01572710315665,-88.01242727702714,43.07892288175221,2020-07-17,1,30.0
55079016300,55079080300,-87.93764055272034,43.01572710315665,-87.87475616434764,43.089996653126924,2020-07-17,1,30.0
55079016300,55079185300,-87.93764055272034,43.01572710315665,-88.04265402690729,43.049880154873065,2020-07-17,1,30.0
55079016300,55079180500,-87.93764055272034,43.01572710315665,-87.87471526249948,42.93725893299447,2020-07-17,1,30.0
55079016300,55079186800,-87.93764055272034,43.01572710315665,-87.9506670108877,43.02815858561159,2020-07-17,6,184.0
55079016300,55079187200,-87.93764055272034,43.01572710315665,-88.00769048889484,42.863813659193866,2020-07-17,1,30.0
55079016300,55079170200,-87.93764055272034,43.01572710315665,-87.87263683893734,42.92275381108851,2020-07-17,1,30.0
55079016300,55079091200,-87.93764055272034,43.01572710315665,-88.00388284004167,43.0467075980639,2020-07-17,1,30.0
55079016300,55079020100,-87.93764055272034,43.01572710315665,-87.94099671150566,42.988482506396224,2020-07-17,2,61.0
55079016300,55079007000,-87.93764055272034,43.01572710315665,-87.91122456687498,43.07424564740019,2020-07-17,1,30.0
55079016300,55079101100,-87.93764055272034,43.01572710315665,-88.04276904850849,42.99420752845147,2020-07-17,2,61.0
55079016300,55079140100,-87.93764055272034,43.01572710315665,-88.0188613886232,42.93745223479677,2020-07-17,4,123.0
55079016300,55079091400,-87.93764055272034,43.01572710315665,-87.99383660813824,43.04031315098078,2020-07-17,1,30.0
55079016300,55079017900,-87.93764055272034,43.01572710315665,-87.90503327479618,42.998772533253295,2020-07-17,1,30.0
55079016300,55079016800,-87.93764055272034,43.01572710315665,-87.92935001478907,43.01036042537408,2020-07-17,13,400.0
55079016300,55079101400,-87.93764055272034,43.01572710315665,-88.02735540531337,43.00631524274058,2020-07-17,1,30.0
55079016300,55079007700,-87.93764055272034,43.01572710315665,-87.88849935823362,43.06389053422122,2020-07-17,2,61.0
55079016300,55079150100,-87.93764055272034,43.01572710315665,-87.97759713310646,42.91424119290261,2020-07-17,3,92.0
55079016300,55079021600,-87.93764055272034,43.01572710315665,-87.92488475274558,42.952251222261935,2020-07-17,1,30.0
55079016300,55079003400,-87.93764055272034,43.01572710315665,-88.02444287795417,43.0934576342605,2020-07-17,1,30.0
55079016300,55079021300,-87.93764055272034,43.01572710315665,-87.93877469638159,42.970224160413096,2020-07-17,1,30.0
55079016300,55079187000,-87.93764055272034,43.01572710315665,-87.88728455831759,43.05530607398437,2020-07-17,1,30.0
55079016300,55079019600,-87.93764055272034,43.01572710315665,-88.00769668957767,42.984657216409644,2020-07-17,1,30.0
55079016300,55079015800,-87.93764055272034,43.01572710315665,-87.93761636287321,43.021659379009066,2020-07-17,5,154.0
55079016300,55079185100,-87.93764055272034,43.01572710315665,-87.86132764015301,42.9760744263621,2020-07-17,1,30.0
55079016300,55079016300,-87.93764055272034,43.01572710315665,-87.93764055272034,43.01572710315665,2020-07-17,139,4283.0
55079016300,55079019900,-87.93764055272034,43.01572710315665,-87.98235255712866,42.973172118392476,2020-07-17,1,30.0
55079016300,55079101700,-87.93764055272034,43.01572710315665,-88.00697190300957,43.00173437379505,2020-07-17,1,30.0
55079016300,55079020400,-87.93764055272034,43.01572710315665,-87.9300852632457,42.98834002972675,2020-07-17,4,123.0
55079016300,55079017500,-87.93764055272034,43.01572710315665,-87.92965116916102,43.00287441605045,2020-07-17,7,215.0
55079016300,55079020300,-87.93764055272034,43.01572710315665,-87.92658964497383,42.979242665655576,2020-07-17,2,61.0
55079016300,55079016700,-87.93764055272034,43.01572710315665,-87.92209519609614,43.010301162214034,2020-07-17,3,92.0
55079016300,55079018800,-87.93764055272034,43.01572710315665,-87.94058386370827,42.99929639057026,2020-07-17,5,154.0
55079016300,55079004200,-87.93764055272034,43.01572710315665,-87.94544782159862,43.09516547779425,2020-07-17,1,30.0
55079016300,55079186600,-87.93764055272034,43.01572710315665,-87.91355022125023,43.001384465822476,2020-07-17,2,61.0
55079016300,55079003900,-87.93764055272034,43.01572710315665,-87.96215160813261,43.086172227530916,2020-07-17,3,92.0
55079016300,55079018200,-87.93764055272034,43.01572710315665,-87.87369831321716,42.99249911585218,2020-07-17,3,92.0
55079016300,55079004700,-87.93764055272034,43.01572710315665,-87.94760565609727,43.08576787197636,2020-07-17,1,30.0
55079016300,55079020200,-87.93764055272034,43.01572710315665,-87.94112496275925,42.977527635995024,2020-07-17,2,61.0
55079016300,55079018600,-87.93764055272034,43.01572710315665,-87.92255649026754,42.995575414800356,2020-07-17,3,92.0
55079016300,55079016000,-87.93764055272034,43.01572710315665,-87.95725941865898,43.02137414837421,2020-07-17,1,30.0
55079016300,55079019800,-87.93764055272034,43.01572710315665,-87.98973307517815,42.982078809345225,2020-07-17,1,30.0
55079016300,55079016400,-87.93764055272034,43.01572710315665,-87.92777599229481,43.01665943799343,2020-07-17,4,123.0
55079016300,55079016500,-87.93764055272034,43.01572710315665,-87.91153110922029,43.01579142211555,2020-07-17,2,61.0
55079016300,55079017600,-87.93764055272034,43.01572710315665,-87.92236059293215,43.00280872383964,2020-07-17,4,123.0
55079016300,55079018700,-87.93764055272034,43.01572710315665,-87.92991431934564,42.995583237143,2020-07-17,4,123.0
55079016300,55079009600,-87.93764055272034,43.01572710315665,-87.96486502955395,43.05277336645368,2020-07-17,1,30.0
55079016300,55079020600,-87.93764055272034,43.01572710315665,-87.90444286867323,42.9810337820488,2020-07-17,2,61.0
55079016300,55079170100,-87.93764055272034,43.01572710315665,-87.84892368656588,42.919583500675934,2020-07-17,1,30.0
55079016300,55079013400,-87.93764055272034,43.01572710315665,-87.95356038604784,43.03496530197635,2020-07-17,1,30.0
55079016300,55079185800,-87.93764055272034,43.01572710315665,-87.94265216254213,43.0538687550207,2020-07-17,1,30.0
55079016300,55079170600,-87.93764055272034,43.01572710315665,-87.86320935056827,42.907724102777856,2020-07-17,1,30.0
55079016300,55079014800,-87.93764055272034,43.01572710315665,-87.9402035907502,43.042125624825495,2020-07-17,1,30.0
55079016300,55079009200,-87.93764055272034,43.01572710315665,-87.97560474362125,43.06069020349929,2020-07-17,1,30.0
55079016300,55079186100,-87.93764055272034,43.01572710315665,-87.94279275484007,43.048652729679134,2020-07-17,1,30.0
55079016300,55079016900,-87.93764055272034,43.01572710315665,-87.93770785693083,43.00951913559766,2020-07-17,6,184.0
55079016300,55079012200,-87.93764055272034,43.01572710315665,-87.95271101560115,43.04866661559741,2020-07-17,1,30.0
55079016300,55079013300,-87.93764055272034,43.01572710315665,-87.96206431187025,43.03483590901066,2020-07-17,1,30.0
55079016300,55079017000,-87.93764055272034,43.01572710315665,-87.9475259715867,43.01041841584858,2020-07-17,1,30.0
55079016300,55079008800,-87.93764055272034,43.01572710315665,-87.94617084834631,43.06788862375971,2020-07-17,1,30.0
55079016300,55079015900,-87.93764055272034,43.01572710315665,-87.9473669417017,43.02159668337006,2020-07-17,4,123.0
55079004900,55079002100,-87.97231517837423,43.077061406485264,-87.95315716160212,43.115529640428136,2020-07-17,1,23.0
55079004900,55079002400,-87.97231517837423,43.077061406485264,-87.95188617843814,43.106404380820805,2020-07-17,2,46.0
55079004900,55079004300,-87.97231517837423,43.077061406485264,-87.93220867621264,43.094799127568905,2020-07-17,1,23.0
55079004900,55079060200,-87.97231517837423,43.077061406485264,-87.9245165328896,43.11556508690733,2020-07-17,7,164.0
55079004900,55079004400,-87.97231517837423,43.077061406485264,-87.90608569163814,43.089298213737145,2020-07-17,4,93.0
55079004900,55079000102,-87.97231517837423,43.077061406485264,-88.01167859828367,43.164645145767146,2020-07-17,1,23.0
55079004900,55079000202,-87.97231517837423,43.077061406485264,-88.04132965001602,43.160382512849615,2020-07-17,1,23.0
55079004900,55079002300,-87.97231517837423,43.077061406485264,-87.93621856893152,43.105985427841645,2020-07-17,1,23.0
55079004900,55079010800,-87.97231517837423,43.077061406485264,-87.88986181293924,43.05733829509928,2020-07-17,2,46.0
55079004900,55079011200,-87.97231517837423,43.077061406485264,-87.89756439120579,43.055476240018415,2020-07-17,1,23.0
55079004900,55079011400,-87.97231517837423,43.077061406485264,-87.9106574898586,43.05269479350376,2020-07-17,1,23.0
55079004900,55079110100,-87.97231517837423,43.077061406485264,-87.9710022364233,43.012448953036525,2020-07-17,7,164.0
55079004900,55079160100,-87.97231517837423,43.077061406485264,-87.91471599062149,42.91513941042769,2020-07-17,1,23.0
55079004900,55079000600,-87.97231517837423,43.077061406485264,-88.00190569680801,43.14010292722225,2020-07-17,1,23.0
55079004900,55079050101,-87.97231517837423,43.077061406485264,-87.98494662348081,43.17683059907653,2020-07-17,1,23.0
55079004900,55079090300,-87.97231517837423,43.077061406485264,-88.0515779905257,43.06739040507833,2020-07-17,2,46.0
55079004900,55079012400,-87.97231517837423,43.077061406485264,-87.97680856828566,43.04580144948212,2020-07-17,2,46.0
55079004900,55079090200,-87.97231517837423,43.077061406485264,-88.05200796218348,43.081902180003375,2020-07-17,4,93.0
55079004900,55079120400,-87.97231517837423,43.077061406485264,-87.96548496050795,42.96670427425607,2020-07-17,1,23.0
55079004900,55079120203,-87.97231517837423,43.077061406485264,-88.00776394431053,42.95694649923871,2020-07-17,2,46.0
55079004900,55079000501,-87.97231517837423,43.077061406485264,-88.04340002069712,43.115390222488664,2020-07-17,3,70.0
55079004900,55079002700,-87.97231517837423,43.077061406485264,-87.97176690626681,43.100825271475365,2020-07-17,1,23.0
55079004900,55079003500,-87.97231517837423,43.077061406485264,-87.99830093777771,43.09359369867719,2020-07-17,4,93.0
55079004900,55079004800,-87.97231517837423,43.077061406485264,-87.96231596301399,43.077035360461494,2020-07-17,5,117.0
55079004900,55079005300,-87.97231517837423,43.077061406485264,-88.01242727702714,43.07892288175221,2020-07-17,2,46.0
55079004900,55079021400,-87.97231517837423,43.077061406485264,-87.93891709359613,42.96295890378409,2020-07-17,1,23.0
55079004900,55079060101,-87.97231517837423,43.077061406485264,-87.92535691568614,43.13950788268824,2020-07-17,1,23.0
55079004900,55079185500,-87.97231517837423,43.077061406485264,-87.92624880733425,43.0601763240656,2020-07-17,1,23.0
55079004900,55079000302,-87.97231517837423,43.077061406485264,-88.04649688617519,43.13922972061493,2020-07-17,1,23.0
55079004900,55079185300,-87.97231517837423,43.077061406485264,-88.04265402690729,43.049880154873065,2020-07-17,4,93.0
55079004900,55079120502,-87.97231517837423,43.077061406485264,-87.96510992081555,42.95304728304586,2020-07-17,2,46.0
55079004900,55079004600,-87.97231517837423,43.077061406485264,-87.9321086251029,43.08569057130924,2020-07-17,3,70.0
55079004900,55079005400,-87.97231517837423,43.077061406485264,-88.02259608100492,43.0824437803151,2020-07-17,1,23.0
55079004900,55079006200,-87.97231517837423,43.077061406485264,-87.96097127315564,43.067902782244275,2020-07-17,1,23.0
55079004900,55079006000,-87.97231517837423,43.077061406485264,-87.97554005335066,43.067947929210746,2020-07-17,2,46.0
55079004900,55079160203,-87.97231517837423,43.077061406485264,-87.91638950191752,42.89402789790319,2020-07-17,1,23.0
55079004900,55079020100,-87.97231517837423,43.077061406485264,-87.94099671150566,42.988482506396224,2020-07-17,2,46.0
55079004900,55079160202,-87.97231517837423,43.077061406485264,-87.87217546542965,42.881379330302295,2020-07-17,1,23.0
55079004900,55079001400,-87.97231517837423,43.077061406485264,-88.01656972395298,43.130900969315825,2020-07-17,1,23.0
55079004900,55079002800,-87.97231517837423,43.077061406485264,-87.97141961541004,43.10830621321033,2020-07-17,2,46.0
55079004900,55079006800,-87.97231517837423,43.077061406485264,-87.92500216567623,43.079683301494654,2020-07-17,1,23.0
55079004900,55079007000,-87.97231517837423,43.077061406485264,-87.91122456687498,43.07424564740019,2020-07-17,1,23.0
55079004900,55079013600,-87.97231517837423,43.077061406485264,-87.9527511611333,43.04369545920421,2020-07-17,1,23.0
55079004900,55079140201,-87.97231517837423,43.077061406485264,-87.99911426080601,42.93902100763907,2020-07-17,1,23.0
55079004900,55079008100,-87.97231517837423,43.077061406485264,-87.90743836658615,43.067471782486706,2020-07-17,2,46.0
55079004900,55079003600,-87.97231517837423,43.077061406485264,-87.98321131530031,43.092736225323044,2020-07-17,7,164.0
55079004900,55079003800,-87.97231517837423,43.077061406485264,-87.97215356169055,43.086187842345545,2020-07-17,4,93.0
55079004900,55079014400,-87.97231517837423,43.077061406485264,-87.90784049253895,43.042413401572134,2020-07-17,2,46.0
55079004900,55079003400,-87.97231517837423,43.077061406485264,-88.02444287795417,43.0934576342605,2020-07-17,2,46.0
55079004900,55079016100,-87.97231517837423,43.077061406485264,-87.95946595975387,43.016089910899275,2020-07-17,2,46.0
55079004900,55079187000,-87.97231517837423,43.077061406485264,-87.88728455831759,43.05530607398437,2020-07-17,1,23.0
55079004900,55079002900,-87.97231517837423,43.077061406485264,-87.98131890013833,43.108341188298006,2020-07-17,2,46.0
55079004900,55079014100,-87.97231517837423,43.077061406485264,-87.92097269793881,43.04863570292668,2020-07-17,1,23.0
55079004900,55079019600,-87.97231517837423,43.077061406485264,-88.00769668957767,42.984657216409644,2020-07-17,1,23.0
55079004900,55079050102,-87.97231517837423,43.077061406485264,-87.96743569232115,43.172443064752215,2020-07-17,1,23.0
55079004900,55079006300,-87.97231517837423,43.077061406485264,-87.95229119818997,43.07635281761954,2020-07-17,1,23.0
55079004900,55079185700,-87.97231517837423,43.077061406485264,-87.91471207902771,43.06752585199898,2020-07-17,1,23.0
55079004900,55079000700,-87.97231517837423,43.077061406485264,-87.99009583376943,43.15588909293765,2020-07-17,1,23.0
55079004900,55079100200,-87.97231517837423,43.077061406485264,-87.99137992566246,43.01460892403096,2020-07-17,5,117.0
55079004900,55079005700,-87.97231517837423,43.077061406485264,-88.01309831915184,43.07138814037072,2020-07-17,1,23.0
55079004900,55079003100,-87.97231517837423,43.077061406485264,-87.98607018194353,43.10091760946077,2020-07-17,1,23.0
55079004900,55079005900,-87.97231517837423,43.077061406485264,-87.98523579862835,43.06821108392844,2020-07-17,4,93.0
55079004900,55079007200,-87.97231517837423,43.077061406485264,-87.89788270005259,43.07774402945858,2020-07-17,1,23.0
55079004900,55079007600,-87.97231517837423,43.077061406485264,-87.87859580944733,43.06399812725538,2020-07-17,1,23.0
55079004900,55079000900,-87.97231517837423,43.077061406485264,-87.95566887882444,43.14970170326806,2020-07-17,1,23.0
55079004900,55079001700,-87.97231517837423,43.077061406485264,-88.01621221830194,43.10855887721336,2020-07-17,2,46.0
55079004900,55079016700,-87.97231517837423,43.077061406485264,-87.92209519609614,43.010301162214034,2020-07-17,1,23.0
55079004900,55079004200,-87.97231517837423,43.077061406485264,-87.94544782159862,43.09516547779425,2020-07-17,3,70.0
55079004900,55079186600,-87.97231517837423,43.077061406485264,-87.91355022125023,43.001384465822476,2020-07-17,1,23.0
55079004900,55079014900,-87.97231517837423,43.077061406485264,-87.94481830610269,43.03704436935605,2020-07-17,1,23.0
55079004900,55079012300,-87.97231517837423,43.077061406485264,-87.96196748080853,43.043599093031496,2020-07-17,2,46.0
55079004900,55079001500,-87.97231517837423,43.077061406485264,-88.01520145334699,43.123754077777434,2020-07-17,1,23.0
55079004900,55079003900,-87.97231517837423,43.077061406485264,-87.96215160813261,43.086172227530916,2020-07-17,3,70.0
55079004900,55079000201,-87.97231517837423,43.077061406485264,-88.0472441211064,43.1799495757708,2020-07-17,3,70.0
55079004900,55079004700,-87.97231517837423,43.077061406485264,-87.94760565609727,43.08576787197636,2020-07-17,2,46.0
55079004900,55079018500,-87.97231517837423,43.077061406485264,-87.91439743752404,42.98441904059949,2020-07-17,1,23.0
55079004900,55079020500,-87.97231517837423,43.077061406485264,-87.92272370744391,42.988321496925906,2020-07-17,1,23.0
55079004900,55079002600,-87.97231517837423,43.077061406485264,-87.96192834607115,43.10067420371696,2020-07-17,2,46.0
55079004900,55079009000,-87.97231517837423,43.077061406485264,-87.9610837883489,43.060355868415826,2020-07-17,4,93.0
55079004900,55079009100,-87.97231517837423,43.077061406485264,-87.96852806703085,43.060675408064526,2020-07-17,7,164.0
55079004900,55079010600,-87.97231517837423,43.077061406485264,-87.90749884397533,43.060136167504425,2020-07-17,2,46.0
55079004900,55079000304,-87.97231517837423,43.077061406485264,-88.02644618111368,43.14364069729464,2020-07-17,1,23.0
55079004900,55079003700,-87.97231517837423,43.077061406485264,-87.98336380852676,43.08546039091554,2020-07-17,3,70.0
55079004900,55079001100,-87.97231517837423,43.077061406485264,-87.96901390366762,43.127689901740844,2020-07-17,2,46.0
55079004900,55079009600,-87.97231517837423,43.077061406485264,-87.96486502955395,43.05277336645368,2020-07-17,2,46.0
55079004900,55079090700,-87.97231517837423,43.077061406485264,-88.02545440842808,43.059193901469925,2020-07-17,1,23.0
55079004900,55079101300,-87.97231517837423,43.077061406485264,-88.02770018483265,42.99907770295741,2020-07-17,1,23.0
55079004900,55079008900,-87.97231517837423,43.077061406485264,-87.95337828163817,43.06706338271535,2020-07-17,1,23.0
55079004900,55079004100,-87.97231517837423,43.077061406485264,-87.95681147526382,43.0940907627305,2020-07-17,1,23.0
55079004900,55079013400,-87.97231517837423,43.077061406485264,-87.95356038604784,43.03496530197635,2020-07-17,1,23.0
55079004900,55079091000,-87.97231517837423,43.077061406485264,-87.99705672432205,43.06433297165757,2020-07-17,3,70.0
55079004900,55079185800,-87.97231517837423,43.077061406485264,-87.94265216254213,43.0538687550207,2020-07-17,1,23.0
55079004900,55079185600,-87.97231517837423,43.077061406485264,-87.91469071944607,43.06026722158336,2020-07-17,5,117.0
55079004900,55079005100,-87.97231517837423,43.077061406485264,-87.99757698420609,43.08261869423604,2020-07-17,4,93.0
55079004900,55079170600,-87.97231517837423,43.077061406485264,-87.86320935056827,42.907724102777856,2020-07-17,1,23.0
55079004900,55079004900,-87.97231517837423,43.077061406485264,-87.97231517837423,43.077061406485264,2020-07-17,150,3518.0
55079004900,55079009200,-87.97231517837423,43.077061406485264,-87.97560474362125,43.06069020349929,2020-07-17,1,23.0
55079004900,55079006400,-87.97231517837423,43.077061406485264,-87.94234792087695,43.07421796319209,2020-07-17,1,23.0
55079004900,55079012200,-87.97231517837423,43.077061406485264,-87.95271101560115,43.04866661559741,2020-07-17,1,23.0
55079004900,55079013300,-87.97231517837423,43.077061406485264,-87.96206431187025,43.03483590901066,2020-07-17,1,23.0
55079004900,55079006100,-87.97231517837423,43.077061406485264,-87.96847508739953,43.06791249267312,2020-07-17,7,164.0
55079004900,55079000303,-87.97231517837423,43.077061406485264,-88.04588241201564,43.12968529312476,2020-07-17,1,23.0
55079004900,55079001000,-87.97231517837423,43.077061406485264,-87.95348314468296,43.12464896388482,2020-07-17,1,23.0
55079004900,55079009300,-87.97231517837423,43.077061406485264,-87.98314520393755,43.060746025032145,2020-07-17,2,46.0
55079004900,55079008400,-87.97231517837423,43.077061406485264,-87.92332577697063,43.067583013115005,2020-07-17,1,23.0
55079004900,55079009900,-87.97231517837423,43.077061406485264,-87.94630275235495,43.060274421469344,2020-07-17,1,23.0
55079004900,55079003000,-87.97231517837423,43.077061406485264,-87.99619059962126,43.10851035065769,2020-07-17,2,46.0
55079004900,55079006500,-87.97231517837423,43.077061406485264,-87.94229465456391,43.0797331466399,2020-07-17,5,117.0
55079004900,55079185400,-87.97231517837423,43.077061406485264,-87.93768935592728,43.06023552955454,2020-07-17,3,70.0
55079004900,55079008800,-87.97231517837423,43.077061406485264,-87.94617084834631,43.06788862375971,2020-07-17,2,46.0
55079004900,55079015900,-87.97231517837423,43.077061406485264,-87.9473669417017,43.02159668337006,2020-07-17,1,23.0
55079004900,55079013500,-87.97231517837423,43.077061406485264,-87.9526122313311,43.040147622140005,2020-07-17,2,46.0
55079012800,55079020000,-88.03145321223326,43.03059221584991,-87.95273620994368,42.98405311376188,2020-07-17,2,48.0
55079012800,55079012800,-88.03145321223326,43.03059221584991,-88.03145321223326,43.03059221584991,2020-07-17,107,2585.0
55079012800,55079100700,-88.03145321223326,43.03059221584991,-88.03788629567484,43.0213025080197,2020-07-17,3,72.0
55079012800,55079091300,-88.03145321223326,43.03059221584991,-88.0097444924032,43.037871666045895,2020-07-17,1,24.0
55079012800,55079000102,-88.03145321223326,43.03059221584991,-88.01167859828367,43.164645145767146,2020-07-17,1,24.0
55079012800,55079010800,-88.03145321223326,43.03059221584991,-87.88986181293924,43.05733829509928,2020-07-17,2,48.0
55079012800,55079011200,-88.03145321223326,43.03059221584991,-87.89756439120579,43.055476240018415,2020-07-17,1,24.0
55079012800,55079011400,-88.03145321223326,43.03059221584991,-87.9106574898586,43.05269479350376,2020-07-17,1,24.0
55079012800,55079101000,-88.03145321223326,43.03059221584991,-88.05764456171738,42.99173938525954,2020-07-17,5,120.0
55079012800,55079160100,-88.03145321223326,43.03059221584991,-87.91471599062149,42.91513941042769,2020-07-17,2,48.0
55079012800,55079050101,-88.03145321223326,43.03059221584991,-87.98494662348081,43.17683059907653,2020-07-17,2,48.0
55079012800,55079090300,-88.03145321223326,43.03059221584991,-88.0515779905257,43.06739040507833,2020-07-17,1,24.0
55079012800,55079070300,-88.03145321223326,43.03059221584991,-87.90380003116019,43.10631443965618,2020-07-17,1,24.0
55079012800,55079090100,-88.03145321223326,43.03059221584991,-88.04837730790923,43.0973204568905,2020-07-17,1,24.0
55079012800,55079090200,-88.03145321223326,43.03059221584991,-88.05200796218348,43.081902180003375,2020-07-17,2,48.0
55079012800,55079120203,-88.03145321223326,43.03059221584991,-88.00776394431053,42.95694649923871,2020-07-17,2,48.0
55079012800,55079005300,-88.03145321223326,43.03059221584991,-88.01242727702714,43.07892288175221,2020-07-17,1,24.0
55079012800,55079090600,-88.03145321223326,43.03059221584991,-88.05435154566402,43.03795832032663,2020-07-17,2,48.0
55079012800,55079185300,-88.03145321223326,43.03059221584991,-88.04265402690729,43.049880154873065,2020-07-17,3,72.0
55079012800,55079012500,-88.03145321223326,43.03059221584991,-87.97654888060033,43.037091021714275,2020-07-17,1,24.0
55079012800,55079005400,-88.03145321223326,43.03059221584991,-88.02259608100492,43.0824437803151,2020-07-17,1,24.0
55079012800,55079000400,-88.03145321223326,43.03059221584991,-88.05554472050937,43.110954423820296,2020-07-17,1,24.0
55079012800,55079186800,-88.03145321223326,43.03059221584991,-87.9506670108877,43.02815858561159,2020-07-17,1,24.0
55079012800,55079160203,-88.03145321223326,43.03059221584991,-87.91638950191752,42.89402789790319,2020-07-17,2,48.0
55079012800,55079091200,-88.03145321223326,43.03059221584991,-88.00388284004167,43.0467075980639,2020-07-17,3,72.0
55079012800,55079100500,-88.03145321223326,43.03059221584991,-88.02674691869541,43.01326660162138,2020-07-17,2,48.0
55079012800,55079005000,-88.03145321223326,43.03059221584991,-87.98327608357046,43.07665137069942,2020-07-17,1,24.0
55079012800,55079100900,-88.03145321223326,43.03059221584991,-88.05216898532913,43.00959788353506,2020-07-17,3,72.0
55079012800,55079101100,-88.03145321223326,43.03059221584991,-88.04276904850849,42.99420752845147,2020-07-17,5,120.0
55079012800,55079013600,-88.03145321223326,43.03059221584991,-87.9527511611333,43.04369545920421,2020-07-17,2,48.0
55079012800,55079140100,-88.03145321223326,43.03059221584991,-88.0188613886232,42.93745223479677,2020-07-17,1,24.0
55079012800,55079140201,-88.03145321223326,43.03059221584991,-87.99911426080601,42.93902100763907,2020-07-17,1,24.0
55079012800,55079007500,-88.03145321223326,43.03059221584991,-87.87772470520909,43.071061371506396,2020-07-17,1,24.0
55079012800,55079100400,-88.03145321223326,43.03059221584991,-88.01166560297426,43.0170103539625,2020-07-17,4,96.0
55079012800,55079150100,-88.03145321223326,43.03059221584991,-87.97759713310646,42.91424119290261,2020-07-17,1,24.0
55079012800,55079001800,-88.03145321223326,43.03059221584991,-87.99853790291819,43.115847306484916,2020-07-17,1,24.0
55079012800,55079187000,-88.03145321223326,43.03059221584991,-87.88728455831759,43.05530607398437,2020-07-17,1,24.0
55079012800,55079002900,-88.03145321223326,43.03059221584991,-87.98131890013833,43.108341188298006,2020-07-17,1,24.0
55079012800,55079130100,-88.03145321223326,43.03059221584991,-88.04407902007586,42.942752065148895,2020-07-17,2,48.0
55079012800,55079101800,-88.03145321223326,43.03059221584991,-88.00969812606968,42.99373426381014,2020-07-17,1,24.0
55079012800,55079150301,-88.03145321223326,43.03059221584991,-88.05345903025625,42.89781994777656,2020-07-17,3,72.0
55079012800,55079019900,-88.03145321223326,43.03059221584991,-87.98235255712866,42.973172118392476,2020-07-17,1,24.0
55079012800,55079100200,-88.03145321223326,43.03059221584991,-87.99137992566246,43.01460892403096,2020-07-17,1,24.0
55079012800,55079005200,-88.03145321223326,43.03059221584991,-88.0124256780363,43.086227920709504,2020-07-17,1,24.0
55079012800,55079005900,-88.03145321223326,43.03059221584991,-87.98523579862835,43.06821108392844,2020-07-17,1,24.0
55079012800,55079007600,-88.03145321223326,43.03059221584991,-87.87859580944733,43.06399812725538,2020-07-17,1,24.0
55079012800,55079012300,-88.03145321223326,43.03059221584991,-87.96196748080853,43.043599093031496,2020-07-17,1,24.0
55079012800,55079080400,-88.03145321223326,43.03059221584991,-87.88848724040903,43.08594082590386,2020-07-17,1,24.0
55079012800,55079003900,-88.03145321223326,43.03059221584991,-87.96215160813261,43.086172227530916,2020-07-17,1,24.0
55079012800,55079007800,-88.03145321223326,43.03059221584991,-87.88801504624632,43.07075279367613,2020-07-17,1,24.0
55079012800,55079012700,-88.03145321223326,43.03059221584991,-88.0122777504643,43.029662330242175,2020-07-17,5,120.0
55079012800,55079016000,-88.03145321223326,43.03059221584991,-87.95725941865898,43.02137414837421,2020-07-17,1,24.0
55079012800,55079016500,-88.03145321223326,43.03059221584991,-87.91153110922029,43.01579142211555,2020-07-17,1,24.0
55079012800,55079009600,-88.03145321223326,43.03059221584991,-87.96486502955395,43.05277336645368,2020-07-17,1,24.0
55079012800,55079101300,-88.03145321223326,43.03059221584991,-88.02770018483265,42.99907770295741,2020-07-17,2,48.0
55079012800,55079101200,-88.03145321223326,43.03059221584991,-88.02772831407549,42.99180235090393,2020-07-17,1,24.0
55079012800,55079009200,-88.03145321223326,43.03059221584991,-87.97560474362125,43.06069020349929,2020-07-17,1,24.0
55079012800,55079005600,-88.03145321223326,43.03059221584991,-88.02758035548169,43.071050112322006,2020-07-17,2,48.0
55079012800,55079000301,-88.03145321223326,43.03059221584991,-88.06021668804352,43.1363311013577,2020-07-17,1,24.0
55079012800,55079012900,-88.03145321223326,43.03059221584991,-87.99989477924994,43.028140622580246,2020-07-17,2,48.0
55079012800,55079013300,-88.03145321223326,43.03059221584991,-87.96206431187025,43.03483590901066,2020-07-17,1,24.0
55079012800,55079120300,-88.03145321223326,43.03059221584991,-87.97376432533524,42.98091406493879,2020-07-17,1,24.0
55079012800,55079009300,-88.03145321223326,43.03059221584991,-87.98314520393755,43.060746025032145,2020-07-17,1,24.0
55079012800,55079170400,-88.03145321223326,43.03059221584991,-87.8734267877277,42.89848248246609,2020-07-17,1,24.0
55079012800,55079015900,-88.03145321223326,43.03059221584991,-87.9473669417017,43.02159668337006,2020-07-17,1,24.0
55079012800,55079013500,-88.03145321223326,43.03059221584991,-87.9526122313311,43.040147622140005,2020-07-17,1,24.0
55079021800,55079020000,-87.95694377227925,42.94079756603018,-87.95273620994368,42.98405311376188,2020-07-17,5,105.0
55079021800,55079004500,-87.95694377227925,42.94079756603018,-87.92226909278084,43.08550885272536,2020-07-17,1,21.0
55079021800,55079016200,-87.95694377227925,42.94079756603018,-87.94745090497267,43.01660575920564,2020-07-17,1,21.0
55079021800,55079110100,-87.95694377227925,42.94079756603018,-87.9710022364233,43.012448953036525,2020-07-17,5,105.0
55079021800,55079160100,-87.95694377227925,42.94079756603018,-87.91471599062149,42.91513941042769,2020-07-17,9,189.0
55079021800,55079090300,-87.95694377227925,42.94079756603018,-88.0515779905257,43.06739040507833,2020-07-17,2,42.0
55079021800,55079021700,-87.95694377227925,42.94079756603018,-87.91312462574102,42.94052513723052,2020-07-17,6,126.0
55079021800,55079120501,-87.95694377227925,42.94079756603018,-87.96680035551529,42.94072396992586,2020-07-17,3,63.0
55079021800,55079120400,-87.95694377227925,42.94079756603018,-87.96548496050795,42.96670427425607,2020-07-17,3,63.0
55079021800,55079120203,-87.95694377227925,42.94079756603018,-88.00776394431053,42.95694649923871,2020-07-17,11,231.0
55079021800,55079160300,-87.95694377227925,42.94079756603018,-87.8893867076047,42.856940087232964,2020-07-17,1,21.0
55079021800,55079017300,-87.95694377227925,42.94079756603018,-87.94877202549131,43.0036525046766,2020-07-17,1,21.0
55079021800,55079000501,-87.95694377227925,42.94079756603018,-88.04340002069712,43.115390222488664,2020-07-17,1,21.0
55079021800,55079021400,-87.95694377227925,42.94079756603018,-87.93891709359613,42.96295890378409,2020-07-17,1,21.0
55079021800,55079080300,-87.95694377227925,42.94079756603018,-87.87475616434764,43.089996653126924,2020-07-17,2,42.0
55079021800,55079120502,-87.95694377227925,42.94079756603018,-87.96510992081555,42.95304728304586,2020-07-17,7,147.0
55079021800,55079150304,-87.95694377227925,42.94079756603018,-88.02760163837803,42.91519132559998,2020-07-17,4,84.0
55079021800,55079005400,-87.95694377227925,42.94079756603018,-88.02259608100492,43.0824437803151,2020-07-17,2,42.0
55079021800,55079160204,-87.95694377227925,42.94079756603018,-87.9317944903397,42.879700165258704,2020-07-17,1,21.0
55079021800,55079186800,-87.95694377227925,42.94079756603018,-87.9506670108877,43.02815858561159,2020-07-17,2,42.0
55079021800,55079187200,-87.95694377227925,42.94079756603018,-88.00769048889484,42.863813659193866,2020-07-17,2,42.0
55079021800,55079160203,-87.95694377227925,42.94079756603018,-87.91638950191752,42.89402789790319,2020-07-17,1,21.0
55079021800,55079100500,-87.95694377227925,42.94079756603018,-88.02674691869541,43.01326660162138,2020-07-17,2,42.0
55079021800,55079020100,-87.95694377227925,42.94079756603018,-87.94099671150566,42.988482506396224,2020-07-17,1,21.0
55079021800,55079160202,-87.95694377227925,42.94079756603018,-87.87217546542965,42.881379330302295,2020-07-17,2,42.0
55079021800,55079180400,-87.95694377227925,42.94079756603018,-87.85633588550823,42.93709205888796,2020-07-17,1,21.0
55079021800,55079006800,-87.95694377227925,42.94079756603018,-87.92500216567623,43.079683301494654,2020-07-17,1,21.0
55079021800,55079100900,-87.95694377227925,42.94079756603018,-88.05216898532913,43.00959788353506,2020-07-17,2,42.0
55079021800,55079101100,-87.95694377227925,42.94079756603018,-88.04276904850849,42.99420752845147,2020-07-17,1,21.0
55079021800,55079140100,-87.95694377227925,42.94079756603018,-88.0188613886232,42.93745223479677,2020-07-17,2,42.0
55079021800,55079140201,-87.95694377227925,42.94079756603018,-87.99911426080601,42.93902100763907,2020-07-17,3,63.0
55079021800,55079140202,-87.95694377227925,42.94079756603018,-87.981557716435,42.93443757238657,2020-07-17,2,42.0
55079021800,55079017900,-87.95694377227925,42.94079756603018,-87.90503327479618,42.998772533253295,2020-07-17,1,21.0
55079021800,55079170700,-87.95694377227925,42.94079756603018,-87.84797376219025,42.90256149755693,2020-07-17,1,21.0
55079021800,55079018000,-87.95694377227925,42.94079756603018,-87.8945288084346,43.01098558683315,2020-07-17,1,21.0
55079021800,55079150100,-87.95694377227925,42.94079756603018,-87.97759713310646,42.91424119290261,2020-07-17,13,273.0
55079021800,55079021600,-87.95694377227925,42.94079756603018,-87.92488475274558,42.952251222261935,2020-07-17,6,126.0
55079021800,55079021300,-87.95694377227925,42.94079756603018,-87.93877469638159,42.970224160413096,2020-07-17,1,21.0
55079021800,55079120102,-87.95694377227925,42.94079756603018,-88.04966546230908,42.97409794368699,2020-07-17,2,42.0
55079021800,55079130100,-87.95694377227925,42.94079756603018,-88.04407902007586,42.942752065148895,2020-07-17,1,21.0
55079021800,55079100800,-87.95694377227925,42.94079756603018,-88.05710943935104,43.023654444193184,2020-07-17,1,21.0
55079021800,55079180300,-87.95694377227925,42.94079756603018,-87.87005593266791,42.951885652862586,2020-07-17,2,42.0
55079021800,55079020700,-87.95694377227925,42.94079756603018,-87.89282968229121,42.980391637955094,2020-07-17,1,21.0
55079021800,55079019900,-87.95694377227925,42.94079756603018,-87.98235255712866,42.973172118392476,2020-07-17,2,42.0
55079021800,55079020400,-87.95694377227925,42.94079756603018,-87.9300852632457,42.98834002972675,2020-07-17,1,21.0
55079021800,55079100200,-87.95694377227925,42.94079756603018,-87.99137992566246,43.01460892403096,2020-07-17,3,63.0
55079021800,55079016700,-87.95694377227925,42.94079756603018,-87.92209519609614,43.010301162214034,2020-07-17,1,21.0
55079021800,55079017400,-87.95694377227925,42.94079756603018,-87.9382983850757,43.00476614107047,2020-07-17,2,42.0
55079021800,55079021500,-87.95694377227925,42.94079756603018,-87.94398245259515,42.952098604888974,2020-07-17,2,42.0
55079021800,55079020200,-87.95694377227925,42.94079756603018,-87.94112496275925,42.977527635995024,2020-07-17,1,21.0
55079021800,55079016000,-87.95694377227925,42.94079756603018,-87.95725941865898,43.02137414837421,2020-07-17,2,42.0
55079021800,55079150303,-87.95694377227925,42.94079756603018,-88.02312771344377,42.88960646488504,2020-07-17,2,42.0
55079021800,55079018700,-87.95694377227925,42.94079756603018,-87.92991431934564,42.995583237143,2020-07-17,1,21.0
55079021800,55079180200,-87.95694377227925,42.94079756603018,-87.85506992096182,42.95465467367753,2020-07-17,2,42.0
55079021800,55079019300,-87.95694377227925,42.94079756603018,-87.99612754588766,42.99498021323571,2020-07-17,1,21.0
55079021800,55079170100,-87.95694377227925,42.94079756603018,-87.84892368656588,42.919583500675934,2020-07-17,1,21.0
55079021800,55079021800,-87.95694377227925,42.94079756603018,-87.95694377227925,42.94079756603018,2020-07-17,104,2188.0
55079021800,55079170600,-87.95694377227925,42.94079756603018,-87.86320935056827,42.907724102777856,2020-07-17,1,21.0
55079021800,55079009200,-87.95694377227925,42.94079756603018,-87.97560474362125,43.06069020349929,2020-07-17,1,21.0
55079021800,55079012900,-87.95694377227925,42.94079756603018,-87.99989477924994,43.028140622580246,2020-07-17,2,42.0
55079021800,55079013300,-87.95694377227925,42.94079756603018,-87.96206431187025,43.03483590901066,2020-07-17,1,21.0
55079101200,55079020000,-88.02772831407549,42.99180235090393,-87.95273620994368,42.98405311376188,2020-07-17,1,19.0
55079101200,55079091300,-88.02772831407549,42.99180235090393,-88.0097444924032,43.037871666045895,2020-07-17,1,19.0
55079101200,55079110100,-88.02772831407549,42.99180235090393,-87.9710022364233,43.012448953036525,2020-07-17,3,57.0
55079101200,55079101000,-88.02772831407549,42.99180235090393,-88.05764456171738,42.99173938525954,2020-07-17,12,228.0
55079101200,55079160100,-88.02772831407549,42.99180235090393,-87.91471599062149,42.91513941042769,2020-07-17,4,76.0
55079101200,55079090300,-88.02772831407549,42.99180235090393,-88.0515779905257,43.06739040507833,2020-07-17,1,19.0
55079101200,55079186300,-88.02772831407549,42.99180235090393,-87.91799927397663,43.040616743150025,2020-07-17,1,19.0
55079101200,55079019200,-88.02772831407549,42.99180235090393,-87.9858350139744,42.99282711086924,2020-07-17,2,38.0
55079101200,55079090200,-88.02772831407549,42.99180235090393,-88.05200796218348,43.081902180003375,2020-07-17,1,19.0
55079101200,55079120203,-88.02772831407549,42.99180235090393,-88.00776394431053,42.95694649923871,2020-07-17,6,114.0
55079101200,55079019400,-88.02772831407549,42.99180235090393,-88.02755647500341,42.984577749923744,2020-07-17,6,114.0
55079101200,55079021400,-88.02772831407549,42.99180235090393,-87.93891709359613,42.96295890378409,2020-07-17,1,19.0
55079101200,55079090600,-88.02772831407549,42.99180235090393,-88.05435154566402,43.03795832032663,2020-07-17,1,19.0
55079101200,55079080300,-88.02772831407549,42.99180235090393,-87.87475616434764,43.089996653126924,2020-07-17,2,38.0
55079101200,55079185300,-88.02772831407549,42.99180235090393,-88.04265402690729,43.049880154873065,2020-07-17,1,19.0
55079101200,55079120502,-88.02772831407549,42.99180235090393,-87.96510992081555,42.95304728304586,2020-07-17,1,19.0
55079101200,55079187400,-88.02772831407549,42.99180235090393,-87.90767949876499,43.03217517915639,2020-07-17,2,38.0
55079101200,55079150304,-88.02772831407549,42.99180235090393,-88.02760163837803,42.91519132559998,2020-07-17,4,76.0
55079101200,55079160203,-88.02772831407549,42.99180235090393,-87.91638950191752,42.89402789790319,2020-07-17,1,19.0
55079101200,55079091200,-88.02772831407549,42.99180235090393,-88.00388284004167,43.0467075980639,2020-07-17,1,19.0
55079101200,55079100500,-88.02772831407549,42.99180235090393,-88.02674691869541,43.01326660162138,2020-07-17,1,19.0
55079101200,55079020100,-88.02772831407549,42.99180235090393,-87.94099671150566,42.988482506396224,2020-07-17,2,38.0
55079101200,55079100900,-88.02772831407549,42.99180235090393,-88.05216898532913,43.00959788353506,2020-07-17,8,152.0
55079101200,55079101100,-88.02772831407549,42.99180235090393,-88.04276904850849,42.99420752845147,2020-07-17,7,133.0
55079101200,55079140100,-88.02772831407549,42.99180235090393,-88.0188613886232,42.93745223479677,2020-07-17,2,38.0
55079101200,55079140201,-88.02772831407549,42.99180235090393,-87.99911426080601,42.93902100763907,2020-07-17,2,38.0
55079101200,55079120101,-88.02772831407549,42.99180235090393,-88.04814010007517,42.95916305909443,2020-07-17,6,114.0
55079101200,55079030100,-88.02772831407549,42.99180235090393,-87.89837270942148,43.1819862198906,2020-07-17,1,19.0
55079101200,55079101400,-88.02772831407549,42.99180235090393,-88.02735540531337,43.00631524274058,2020-07-17,1,19.0
55079101200,55079100400,-88.02772831407549,42.99180235090393,-88.01166560297426,43.0170103539625,2020-07-17,3,57.0
55079101200,55079150100,-88.02772831407549,42.99180235090393,-87.97759713310646,42.91424119290261,2020-07-17,2,38.0
55079101200,55079021600,-88.02772831407549,42.99180235090393,-87.92488475274558,42.952251222261935,2020-07-17,1,19.0
55079101200,55079016100,-88.02772831407549,42.99180235090393,-87.95946595975387,43.016089910899275,2020-07-17,2,38.0
55079101200,55079120102,-88.02772831407549,42.99180235090393,-88.04966546230908,42.97409794368699,2020-07-17,1,19.0
55079101200,55079130100,-88.02772831407549,42.99180235090393,-88.04407902007586,42.942752065148895,2020-07-17,2,38.0
55079101200,55079014100,-88.02772831407549,42.99180235090393,-87.92097269793881,43.04863570292668,2020-07-17,1,19.0
55079101200,55079019600,-88.02772831407549,42.99180235090393,-88.00769668957767,42.984657216409644,2020-07-17,1,19.0
55079101200,55079101800,-88.02772831407549,42.99180235090393,-88.00969812606968,42.99373426381014,2020-07-17,2,38.0
55079101200,55079150301,-88.02772831407549,42.99180235090393,-88.05345903025625,42.89781994777656,2020-07-17,3,57.0
55079101200,55079100800,-88.02772831407549,42.99180235090393,-88.05710943935104,43.023654444193184,2020-07-17,1,19.0
55079101200,55079120201,-88.02772831407549,42.99180235090393,-88.01868214174351,42.96737507435749,2020-07-17,2,38.0
55079101200,55079050102,-88.02772831407549,42.99180235090393,-87.96743569232115,43.172443064752215,2020-07-17,1,19.0
55079101200,55079015800,-88.02772831407549,42.99180235090393,-87.93761636287321,43.021659379009066,2020-07-17,1,19.0
55079101200,55079019500,-88.02772831407549,42.99180235090393,-88.02769031152603,42.97732706705707,2020-07-17,1,19.0
55079101200,55079016300,-88.02772831407549,42.99180235090393,-87.93764055272034,43.01572710315665,2020-07-17,1,19.0
55079101200,55079019900,-88.02772831407549,42.99180235090393,-87.98235255712866,42.973172118392476,2020-07-17,1,19.0
55079101200,55079101500,-88.02772831407549,42.99180235090393,-88.00747595996755,43.007126720391405,2020-07-17,2,38.0
55079101200,55079101700,-88.02772831407549,42.99180235090393,-88.00697190300957,43.00173437379505,2020-07-17,1,19.0
55079101200,55079100200,-88.02772831407549,42.99180235090393,-87.99137992566246,43.01460892403096,2020-07-17,4,76.0
55079101200,55079120202,-88.02772831407549,42.99180235090393,-87.99868084532402,42.965848843600455,2020-07-17,1,19.0
55079101200,55079014900,-88.02772831407549,42.99180235090393,-87.94481830610269,43.03704436935605,2020-07-17,1,19.0
55079101200,55079001500,-88.02772831407549,42.99180235090393,-88.01520145334699,43.123754077777434,2020-07-17,1,19.0
55079101200,55079018200,-88.02772831407549,42.99180235090393,-87.87369831321716,42.99249911585218,2020-07-17,1,19.0
55079101200,55079020200,-88.02772831407549,42.99180235090393,-87.94112496275925,42.977527635995024,2020-07-17,1,19.0
55079101200,55079012700,-88.02772831407549,42.99180235090393,-88.0122777504643,43.029662330242175,2020-07-17,1,19.0
55079101200,55079019800,-88.02772831407549,42.99180235090393,-87.98973307517815,42.982078809345225,2020-07-17,1,19.0
55079101200,55079000304,-88.02772831407549,42.99180235090393,-88.02644618111368,43.14364069729464,2020-07-17,1,19.0
55079101200,55079009600,-88.02772831407549,42.99180235090393,-87.96486502955395,43.05277336645368,2020-07-17,2,38.0
55079101200,55079019300,-88.02772831407549,42.99180235090393,-87.99612754588766,42.99498021323571,2020-07-17,2,38.0
55079101200,55079101300,-88.02772831407549,42.99180235090393,-88.02770018483265,42.99907770295741,2020-07-17,16,304.0
55079101200,55079101200,-88.02772831407549,42.99180235090393,-88.02772831407549,42.99180235090393,2020-07-17,138,2626.0
55079101200,55079060102,-88.02772831407549,42.99180235090393,-87.93974960524739,43.148654535590595,2020-07-17,1,19.0
55079101200,55079008000,-88.02772831407549,42.99180235090393,-87.90282982859381,43.067480284048756,2020-07-17,1,19.0
55079101200,55079170300,-88.02772831407549,42.99180235090393,-87.87538996197884,42.9095536521384,2020-07-17,1,19.0
55079101200,55079009200,-88.02772831407549,42.99180235090393,-87.97560474362125,43.06069020349929,2020-07-17,1,19.0
55079101200,55079185400,-88.02772831407549,42.99180235090393,-87.93768935592728,43.06023552955454,2020-07-17,1,19.0
55079005400,55079020000,-88.02259608100492,43.0824437803151,-87.95273620994368,42.98405311376188,2020-07-17,2,40.0
55079005400,55079002100,-88.02259608100492,43.0824437803151,-87.95315716160212,43.115529640428136,2020-07-17,1,20.0
55079005400,55079060200,-88.02259608100492,43.0824437803151,-87.9245165328896,43.11556508690733,2020-07-17,2,40.0
55079005400,55079004400,-88.02259608100492,43.0824437803151,-87.90608569163814,43.089298213737145,2020-07-17,1,20.0
55079005400,55079000101,-88.02259608100492,43.0824437803151,-88.00922083481396,43.18510784936368,2020-07-17,2,40.0
55079005400,55079000202,-88.02259608100492,43.0824437803151,-88.04132965001602,43.160382512849615,2020-07-17,3,60.0
55079005400,55079002300,-88.02259608100492,43.0824437803151,-87.93621856893152,43.105985427841645,2020-07-17,1,20.0
55079005400,55079010800,-88.02259608100492,43.0824437803151,-87.88986181293924,43.05733829509928,2020-07-17,1,20.0
55079005400,55079011200,-88.02259608100492,43.0824437803151,-87.89756439120579,43.055476240018415,2020-07-17,1,20.0
55079005400,55079011400,-88.02259608100492,43.0824437803151,-87.9106574898586,43.05269479350376,2020-07-17,1,20.0
55079005400,55079101000,-88.02259608100492,43.0824437803151,-88.05764456171738,42.99173938525954,2020-07-17,2,40.0
55079005400,55079160100,-88.02259608100492,43.0824437803151,-87.91471599062149,42.91513941042769,2020-07-17,1,20.0
55079005400,55079000600,-88.02259608100492,43.0824437803151,-88.00190569680801,43.14010292722225,2020-07-17,6,121.0
55079005400,55079050101,-88.02259608100492,43.0824437803151,-87.98494662348081,43.17683059907653,2020-07-17,1,20.0
55079005400,55079090300,-88.02259608100492,43.0824437803151,-88.0515779905257,43.06739040507833,2020-07-17,11,222.0
55079005400,55079186300,-88.02259608100492,43.0824437803151,-87.91799927397663,43.040616743150025,2020-07-17,1,20.0
55079005400,55079090100,-88.02259608100492,43.0824437803151,-88.04837730790923,43.0973204568905,2020-07-17,4,80.0
55079005400,55079090200,-88.02259608100492,43.0824437803151,-88.05200796218348,43.081902180003375,2020-07-17,8,161.0
55079005400,55079090900,-88.02259608100492,43.0824437803151,-88.00270912368009,43.06124682618238,2020-07-17,2,40.0
55079005400,55079000501,-88.02259608100492,43.0824437803151,-88.04340002069712,43.115390222488664,2020-07-17,1,20.0
55079005400,55079001200,-88.02259608100492,43.0824437803151,-87.98620080987179,43.12617611256525,2020-07-17,1,20.0
55079005400,55079002700,-88.02259608100492,43.0824437803151,-87.97176690626681,43.100825271475365,2020-07-17,1,20.0
55079005400,55079003500,-88.02259608100492,43.0824437803151,-87.99830093777771,43.09359369867719,2020-07-17,4,80.0
55079005400,55079004800,-88.02259608100492,43.0824437803151,-87.96231596301399,43.077035360461494,2020-07-17,2,40.0
55079005400,55079005300,-88.02259608100492,43.0824437803151,-88.01242727702714,43.07892288175221,2020-07-17,3,60.0
55079005400,55079021400,-88.02259608100492,43.0824437803151,-87.93891709359613,42.96295890378409,2020-07-17,2,40.0
55079005400,55079080300,-88.02259608100492,43.0824437803151,-87.87475616434764,43.089996653126924,2020-07-17,1,20.0
55079005400,55079185300,-88.02259608100492,43.0824437803151,-88.04265402690729,43.049880154873065,2020-07-17,3,60.0
55079005400,55079187400,-88.02259608100492,43.0824437803151,-87.90767949876499,43.03217517915639,2020-07-17,1,20.0
55079005400,55079000800,-88.02259608100492,43.0824437803151,-87.97372753660457,43.14064967469203,2020-07-17,1,20.0
55079005400,55079005400,-88.02259608100492,43.0824437803151,-88.02259608100492,43.0824437803151,2020-07-17,155,3135.0
55079005400,55079186800,-88.02259608100492,43.0824437803151,-87.9506670108877,43.02815858561159,2020-07-17,1,20.0
55079005400,55079006000,-88.02259608100492,43.0824437803151,-87.97554005335066,43.067947929210746,2020-07-17,2,40.0
55079005400,55079091200,-88.02259608100492,43.0824437803151,-88.00388284004167,43.0467075980639,2020-07-17,5,101.0
55079005400,55079005000,-88.02259608100492,43.0824437803151,-87.98327608357046,43.07665137069942,2020-07-17,1,20.0
55079005400,55079001400,-88.02259608100492,43.0824437803151,-88.01656972395298,43.130900969315825,2020-07-17,1,20.0
55079005400,55079100900,-88.02259608100492,43.0824437803151,-88.05216898532913,43.00959788353506,2020-07-17,1,20.0
55079005400,55079007000,-88.02259608100492,43.0824437803151,-87.91122456687498,43.07424564740019,2020-07-17,1,20.0
55079005400,55079091400,-88.02259608100492,43.0824437803151,-87.99383660813824,43.04031315098078,2020-07-17,2,40.0
55079005400,55079003300,-88.02259608100492,43.0824437803151,-88.0173066794685,43.1010408446094,2020-07-17,1,20.0
55079005400,55079001600,-88.02259608100492,43.0824437803151,-88.01599665750028,43.11588641903863,2020-07-17,1,20.0
55079005400,55079030100,-88.02259608100492,43.0824437803151,-87.89837270942148,43.1819862198906,2020-07-17,1,20.0
55079005400,55079007700,-88.02259608100492,43.0824437803151,-87.88849935823362,43.06389053422122,2020-07-17,1,20.0
55079005400,55079003600,-88.02259608100492,43.0824437803151,-87.98321131530031,43.092736225323044,2020-07-17,3,60.0
55079005400,55079003800,-88.02259608100492,43.0824437803151,-87.97215356169055,43.086187842345545,2020-07-17,1,20.0
55079005400,55079011300,-88.02259608100492,43.0824437803151,-87.90713298111844,43.04890661506502,2020-07-17,1,20.0
55079005400,55079014400,-88.02259608100492,43.0824437803151,-87.90784049253895,43.042413401572134,2020-07-17,1,20.0
55079005400,55079021600,-88.02259608100492,43.0824437803151,-87.92488475274558,42.952251222261935,2020-07-17,1,20.0
55079005400,55079003400,-88.02259608100492,43.0824437803151,-88.02444287795417,43.0934576342605,2020-07-17,5,101.0
55079005400,55079005500,-88.02259608100492,43.0824437803151,-88.03284541742188,43.08237006688624,2020-07-17,6,121.0
55079005400,55079005800,-88.02259608100492,43.0824437803151,-87.99994620357029,43.072303413103626,2020-07-17,3,60.0
55079005400,55079187000,-88.02259608100492,43.0824437803151,-87.88728455831759,43.05530607398437,2020-07-17,1,20.0
55079005400,55079050102,-88.02259608100492,43.0824437803151,-87.96743569232115,43.172443064752215,2020-07-17,1,20.0
55079005400,55079000700,-88.02259608100492,43.0824437803151,-87.99009583376943,43.15588909293765,2020-07-17,2,40.0
55079005400,55079101500,-88.02259608100492,43.0824437803151,-88.00747595996755,43.007126720391405,2020-07-17,1,20.0
55079005400,55079010700,-88.02259608100492,43.0824437803151,-87.90095083433016,43.0597678010215,2020-07-17,1,20.0
55079005400,55079005700,-88.02259608100492,43.0824437803151,-88.01309831915184,43.07138814037072,2020-07-17,2,40.0
55079005400,55079003100,-88.02259608100492,43.0824437803151,-87.98607018194353,43.10091760946077,2020-07-17,1,20.0
55079005400,55079012600,-88.02259608100492,43.0824437803151,-87.99443577770006,43.034032251200934,2020-07-17,2,40.0
55079005400,55079005200,-88.02259608100492,43.0824437803151,-88.0124256780363,43.086227920709504,2020-07-17,3,60.0
55079005400,55079007200,-88.02259608100492,43.0824437803151,-87.89788270005259,43.07774402945858,2020-07-17,2,40.0
55079005400,55079007600,-88.02259608100492,43.0824437803151,-87.87859580944733,43.06399812725538,2020-07-17,1,20.0
55079005400,55079001300,-88.02259608100492,43.0824437803151,-87.99843350448002,43.126783535933505,2020-07-17,2,40.0
55079005400,55079001700,-88.02259608100492,43.0824437803151,-88.01621221830194,43.10855887721336,2020-07-17,1,20.0
55079005400,55079020300,-88.02259608100492,43.0824437803151,-87.92658964497383,42.979242665655576,2020-07-17,1,20.0
55079005400,55079014900,-88.02259608100492,43.0824437803151,-87.94481830610269,43.03704436935605,2020-07-17,2,40.0
55079005400,55079003900,-88.02259608100492,43.0824437803151,-87.96215160813261,43.086172227530916,2020-07-17,1,20.0
55079005400,55079000201,-88.02259608100492,43.0824437803151,-88.0472441211064,43.1799495757708,2020-07-17,1,20.0
55079005400,55079018500,-88.02259608100492,43.0824437803151,-87.91439743752404,42.98441904059949,2020-07-17,1,20.0
55079005400,55079021500,-88.02259608100492,43.0824437803151,-87.94398245259515,42.952098604888974,2020-07-17,1,20.0
55079005400,55079012700,-88.02259608100492,43.0824437803151,-88.0122777504643,43.029662330242175,2020-07-17,3,60.0
55079005400,55079013700,-88.02259608100492,43.0824437803151,-87.94529508707278,43.04229912697773,2020-07-17,1,20.0
55079005400,55079000304,-88.02259608100492,43.0824437803151,-88.02644618111368,43.14364069729464,2020-07-17,1,20.0
55079005400,55079001900,-88.02259608100492,43.0824437803151,-87.98367415791445,43.115686316787006,2020-07-17,1,20.0
55079005400,55079003700,-88.02259608100492,43.0824437803151,-87.98336380852676,43.08546039091554,2020-07-17,2,40.0
55079005400,55079001100,-88.02259608100492,43.0824437803151,-87.96901390366762,43.127689901740844,2020-07-17,1,20.0
55079005400,55079009600,-88.02259608100492,43.0824437803151,-87.96486502955395,43.05277336645368,2020-07-17,3,60.0
55079005400,55079019300,-88.02259608100492,43.0824437803151,-87.99612754588766,42.99498021323571,2020-07-17,1,20.0
55079005400,55079020600,-88.02259608100492,43.0824437803151,-87.90444286867323,42.9810337820488,2020-07-17,1,20.0
55079005400,55079090700,-88.02259608100492,43.0824437803151,-88.02545440842808,43.059193901469925,2020-07-17,5,101.0
55079005400,55079101300,-88.02259608100492,43.0824437803151,-88.02770018483265,42.99907770295741,2020-07-17,1,20.0
55079005400,55079004100,-88.02259608100492,43.0824437803151,-87.95681147526382,43.0940907627305,2020-07-17,1,20.0
55079005400,55079091000,-88.02259608100492,43.0824437803151,-87.99705672432205,43.06433297165757,2020-07-17,4,80.0
55079005400,55079186200,-88.02259608100492,43.0824437803151,-87.93244814260824,43.04856605375616,2020-07-17,1,20.0
55079005400,55079186900,-88.02259608100492,43.0824437803151,-87.88804149673794,43.05226526687869,2020-07-17,1,20.0
55079005400,55079005100,-88.02259608100492,43.0824437803151,-87.99757698420609,43.08261869423604,2020-07-17,6,121.0
55079005400,55079009200,-88.02259608100492,43.0824437803151,-87.97560474362125,43.06069020349929,2020-07-17,1,20.0
55079005400,55079005600,-88.02259608100492,43.0824437803151,-88.02758035548169,43.071050112322006,2020-07-17,1,20.0
55079005400,55079012900,-88.02259608100492,43.0824437803151,-87.99989477924994,43.028140622580246,2020-07-17,1,20.0
55079005400,55079002500,-88.02259608100492,43.0824437803151,-87.96218045466739,43.10795733493045,2020-07-17,2,40.0
55079005400,55079006100,-88.02259608100492,43.0824437803151,-87.96847508739953,43.06791249267312,2020-07-17,3,60.0
55079005400,55079009300,-88.02259608100492,43.0824437803151,-87.98314520393755,43.060746025032145,2020-07-17,2,40.0
55079005400,55079003000,-88.02259608100492,43.0824437803151,-87.99619059962126,43.10851035065769,2020-07-17,3,60.0
55079005400,55079090800,-88.02259608100492,43.0824437803151,-88.01754834659646,43.063072316879136,2020-07-17,1,20.0
55079005400,55079013000,-88.02259608100492,43.0824437803151,-87.9876687698922,43.02770173765977,2020-07-17,1,20.0
55079005400,55079021100,-88.02259608100492,43.0824437803151,-87.91444199314573,42.970152010378044,2020-07-17,1,20.0
55079005400,55079009700,-88.02259608100492,43.0824437803151,-87.95262115062044,43.05393954073114,2020-07-17,1,20.0
55079185900,55079002100,-87.93229166080955,43.05383765471328,-87.95315716160212,43.115529640428136,2020-07-17,1,23.0
55079185900,55079004400,-87.93229166080955,43.05383765471328,-87.90608569163814,43.089298213737145,2020-07-17,2,47.0
55079185900,55079019000,-87.93229166080955,43.05383765471328,-87.967877289968,42.995496154489715,2020-07-17,1,23.0
55079185900,55079002300,-87.93229166080955,43.05383765471328,-87.93621856893152,43.105985427841645,2020-07-17,1,23.0
55079185900,55079101000,-87.93229166080955,43.05383765471328,-88.05764456171738,42.99173938525954,2020-07-17,1,23.0
55079185900,55079000600,-87.93229166080955,43.05383765471328,-88.00190569680801,43.14010292722225,2020-07-17,1,23.0
55079185900,55079090300,-87.93229166080955,43.05383765471328,-88.0515779905257,43.06739040507833,2020-07-17,1,23.0
55079185900,55079120400,-87.93229166080955,43.05383765471328,-87.96548496050795,42.96670427425607,2020-07-17,1,23.0
55079185900,55079004800,-87.93229166080955,43.05383765471328,-87.96231596301399,43.077035360461494,2020-07-17,1,23.0
55079185900,55079185900,-87.93229166080955,43.05383765471328,-87.93229166080955,43.05383765471328,2020-07-17,36,857.0
55079185900,55079185500,-87.93229166080955,43.05383765471328,-87.92624880733425,43.0601763240656,2020-07-17,1,23.0
55079185900,55079014700,-87.93229166080955,43.05383765471328,-87.93551340137516,43.042200823908786,2020-07-17,1,23.0
55079185900,55079100900,-87.93229166080955,43.05383765471328,-88.05216898532913,43.00959788353506,2020-07-17,1,23.0
55079185900,55079003300,-87.93229166080955,43.05383765471328,-88.0173066794685,43.1010408446094,2020-07-17,1,23.0
55079185900,55079003800,-87.93229166080955,43.05383765471328,-87.97215356169055,43.086187842345545,2020-07-17,2,47.0
55079185900,55079014400,-87.93229166080955,43.05383765471328,-87.90784049253895,43.042413401572134,2020-07-17,2,47.0
55079185900,55079150100,-87.93229166080955,43.05383765471328,-87.97759713310646,42.91424119290261,2020-07-17,1,23.0
55079185900,55079006300,-87.93229166080955,43.05383765471328,-87.95229119818997,43.07635281761954,2020-07-17,1,23.0
55079185900,55079003100,-87.93229166080955,43.05383765471328,-87.98607018194353,43.10091760946077,2020-07-17,1,23.0
55079185900,55079009800,-87.93229166080955,43.05383765471328,-87.95409571434068,43.059778012269526,2020-07-17,1,23.0
55079185900,55079016700,-87.93229166080955,43.05383765471328,-87.92209519609614,43.010301162214034,2020-07-17,2,47.0
55079185900,55079002000,-87.93229166080955,43.05383765471328,-87.96815137233186,43.115621500302275,2020-07-17,1,23.0
55079185900,55079001900,-87.93229166080955,43.05383765471328,-87.98367415791445,43.115686316787006,2020-07-17,1,23.0
55079185900,55079003700,-87.93229166080955,43.05383765471328,-87.98336380852676,43.08546039091554,2020-07-17,1,23.0
55079185900,55079020600,-87.93229166080955,43.05383765471328,-87.90444286867323,42.9810337820488,2020-07-17,1,23.0
55079185900,55079004900,-87.93229166080955,43.05383765471328,-87.97231517837423,43.077061406485264,2020-07-17,1,23.0
55079185900,55079009200,-87.93229166080955,43.05383765471328,-87.97560474362125,43.06069020349929,2020-07-17,1,23.0
55079185900,55079016900,-87.93229166080955,43.05383765471328,-87.93770785693083,43.00951913559766,2020-07-17,1,23.0
55079185900,55079006100,-87.93229166080955,43.05383765471328,-87.96847508739953,43.06791249267312,2020-07-17,1,23.0
55079185900,55079009900,-87.93229166080955,43.05383765471328,-87.94630275235495,43.060274421469344,2020-07-17,1,23.0
55079185900,55079006500,-87.93229166080955,43.05383765471328,-87.94229465456391,43.0797331466399,2020-07-17,1,23.0
55079185900,55079185400,-87.93229166080955,43.05383765471328,-87.93768935592728,43.06023552955454,2020-07-17,2,47.0
55079185900,55079008700,-87.93229166080955,43.05383765471328,-87.93997122125838,43.06781436915486,2020-07-17,1,23.0
55079004100,55079002100,-87.95681147526382,43.0940907627305,-87.95315716160212,43.115529640428136,2020-07-17,1,22.0
55079004100,55079004300,-87.95681147526382,43.0940907627305,-87.93220867621264,43.094799127568905,2020-07-17,2,45.0
55079004100,55079060200,-87.95681147526382,43.0940907627305,-87.9245165328896,43.11556508690733,2020-07-17,3,67.0
55079004100,55079004500,-87.95681147526382,43.0940907627305,-87.92226909278084,43.08550885272536,2020-07-17,1,22.0
55079004100,55079000101,-87.95681147526382,43.0940907627305,-88.00922083481396,43.18510784936368,2020-07-17,2,45.0
55079004100,55079000102,-87.95681147526382,43.0940907627305,-88.01167859828367,43.164645145767146,2020-07-17,2,45.0
55079004100,55079000202,-87.95681147526382,43.0940907627305,-88.04132965001602,43.160382512849615,2020-07-17,2,45.0
55079004100,55079002300,-87.95681147526382,43.0940907627305,-87.93621856893152,43.105985427841645,2020-07-17,2,45.0
55079004100,55079010800,-87.95681147526382,43.0940907627305,-87.88986181293924,43.05733829509928,2020-07-17,2,45.0
55079004100,55079011400,-87.95681147526382,43.0940907627305,-87.9106574898586,43.05269479350376,2020-07-17,1,22.0
55079004100,55079110100,-87.95681147526382,43.0940907627305,-87.9710022364233,43.012448953036525,2020-07-17,1,22.0
55079004100,55079000600,-87.95681147526382,43.0940907627305,-88.00190569680801,43.14010292722225,2020-07-17,1,22.0
55079004100,55079090300,-87.95681147526382,43.0940907627305,-88.0515779905257,43.06739040507833,2020-07-17,1,22.0
55079004100,55079186300,-87.95681147526382,43.0940907627305,-87.91799927397663,43.040616743150025,2020-07-17,1,22.0
55079004100,55079021700,-87.95681147526382,43.0940907627305,-87.91312462574102,42.94052513723052,2020-07-17,1,22.0
55079004100,55079090100,-87.95681147526382,43.0940907627305,-88.04837730790923,43.0973204568905,2020-07-17,1,22.0
55079004100,55079090900,-87.95681147526382,43.0940907627305,-88.00270912368009,43.06124682618238,2020-07-17,1,22.0
55079004100,55079187300,-87.95681147526382,43.0940907627305,-87.9656302556773,42.887159701718595,2020-07-17,1,22.0
55079004100,55079001200,-87.95681147526382,43.0940907627305,-87.98620080987179,43.12617611256525,2020-07-17,1,22.0
55079004100,55079002700,-87.95681147526382,43.0940907627305,-87.97176690626681,43.100825271475365,2020-07-17,1,22.0
55079004100,55079003500,-87.95681147526382,43.0940907627305,-87.99830093777771,43.09359369867719,2020-07-17,2,45.0
55079004100,55079186000,-87.95681147526382,43.0940907627305,-87.92039854147795,43.053956957431964,2020-07-17,1,22.0
55079004100,55079005300,-87.95681147526382,43.0940907627305,-88.01242727702714,43.07892288175221,2020-07-17,1,22.0
55079004100,55079185500,-87.95681147526382,43.0940907627305,-87.92624880733425,43.0601763240656,2020-07-17,1,22.0
55079004100,55079185300,-87.95681147526382,43.0940907627305,-88.04265402690729,43.049880154873065,2020-07-17,1,22.0
55079004100,55079187400,-87.95681147526382,43.0940907627305,-87.90767949876499,43.03217517915639,2020-07-17,4,90.0
55079004100,55079180500,-87.95681147526382,43.0940907627305,-87.87471526249948,42.93725893299447,2020-07-17,2,45.0
55079004100,55079012500,-87.95681147526382,43.0940907627305,-87.97654888060033,43.037091021714275,2020-07-17,1,22.0
55079004100,55079004000,-87.95681147526382,43.0940907627305,-87.97205846198321,43.09342306765945,2020-07-17,1,22.0
55079004100,55079006200,-87.95681147526382,43.0940907627305,-87.96097127315564,43.067902782244275,2020-07-17,1,22.0
55079004100,55079091200,-87.95681147526382,43.0940907627305,-88.00388284004167,43.0467075980639,2020-07-17,1,22.0
55079004100,55079001400,-87.95681147526382,43.0940907627305,-88.01656972395298,43.130900969315825,2020-07-17,1,22.0
55079004100,55079140201,-87.95681147526382,43.0940907627305,-87.99911426080601,42.93902100763907,2020-07-17,2,45.0
55079004100,55079001600,-87.95681147526382,43.0940907627305,-88.01599665750028,43.11588641903863,2020-07-17,1,22.0
55079004100,55079016800,-87.95681147526382,43.0940907627305,-87.92935001478907,43.01036042537408,2020-07-17,1,22.0
55079004100,55079008100,-87.95681147526382,43.0940907627305,-87.90743836658615,43.067471782486706,2020-07-17,1,22.0
55079004100,55079003600,-87.95681147526382,43.0940907627305,-87.98321131530031,43.092736225323044,2020-07-17,4,90.0
55079004100,55079003800,-87.95681147526382,43.0940907627305,-87.97215356169055,43.086187842345545,2020-07-17,1,22.0
55079004100,55079014400,-87.95681147526382,43.0940907627305,-87.90784049253895,43.042413401572134,2020-07-17,1,22.0
55079004100,55079150100,-87.95681147526382,43.0940907627305,-87.97759713310646,42.91424119290261,2020-07-17,1,22.0
55079004100,55079001800,-87.95681147526382,43.0940907627305,-87.99853790291819,43.115847306484916,2020-07-17,2,45.0
55079004100,55079003400,-87.95681147526382,43.0940907627305,-88.02444287795417,43.0934576342605,2020-07-17,3,67.0
55079004100,55079187000,-87.95681147526382,43.0940907627305,-87.88728455831759,43.05530607398437,2020-07-17,1,22.0
55079004100,55079180300,-87.95681147526382,43.0940907627305,-87.87005593266791,42.951885652862586,2020-07-17,1,22.0
55079004100,55079007100,-87.95681147526382,43.0940907627305,-87.90149576859913,43.07383574480911,2020-07-17,1,22.0
55079004100,55079101500,-87.95681147526382,43.0940907627305,-88.00747595996755,43.007126720391405,2020-07-17,1,22.0
55079004100,55079003100,-87.95681147526382,43.0940907627305,-87.98607018194353,43.10091760946077,2020-07-17,1,22.0
55079004100,55079001300,-87.95681147526382,43.0940907627305,-87.99843350448002,43.126783535933505,2020-07-17,1,22.0
55079004100,55079004200,-87.95681147526382,43.0940907627305,-87.94544782159862,43.09516547779425,2020-07-17,1,22.0
55079004100,55079120202,-87.95681147526382,43.0940907627305,-87.99868084532402,42.965848843600455,2020-07-17,1,22.0
55079004100,55079002000,-87.95681147526382,43.0940907627305,-87.96815137233186,43.115621500302275,2020-07-17,2,45.0
55079004100,55079003900,-87.95681147526382,43.0940907627305,-87.96215160813261,43.086172227530916,2020-07-17,3,67.0
55079004100,55079004700,-87.95681147526382,43.0940907627305,-87.94760565609727,43.08576787197636,2020-07-17,5,112.0
55079004100,55079002600,-87.95681147526382,43.0940907627305,-87.96192834607115,43.10067420371696,2020-07-17,1,22.0
55079004100,55079009100,-87.95681147526382,43.0940907627305,-87.96852806703085,43.060675408064526,2020-07-17,1,22.0
55079004100,55079013700,-87.95681147526382,43.0940907627305,-87.94529508707278,43.04229912697773,2020-07-17,1,22.0
55079004100,55079001900,-87.95681147526382,43.0940907627305,-87.98367415791445,43.115686316787006,2020-07-17,2,45.0
55079004100,55079003700,-87.95681147526382,43.0940907627305,-87.98336380852676,43.08546039091554,2020-07-17,2,45.0
55079004100,55079004100,-87.95681147526382,43.0940907627305,-87.95681147526382,43.0940907627305,2020-07-17,90,2028.0
55079004100,55079170100,-87.95681147526382,43.0940907627305,-87.84892368656588,42.919583500675934,2020-07-17,3,67.0
55079004100,55079170600,-87.95681147526382,43.0940907627305,-87.86320935056827,42.907724102777856,2020-07-17,1,22.0
55079004100,55079004900,-87.95681147526382,43.0940907627305,-87.97231517837423,43.077061406485264,2020-07-17,1,22.0
55079004100,55079006400,-87.95681147526382,43.0940907627305,-87.94234792087695,43.07421796319209,2020-07-17,2,45.0
55079004100,55079002500,-87.95681147526382,43.0940907627305,-87.96218045466739,43.10795733493045,2020-07-17,1,22.0
55079004100,55079009900,-87.95681147526382,43.0940907627305,-87.94630275235495,43.060274421469344,2020-07-17,1,22.0
55079004100,55079003000,-87.95681147526382,43.0940907627305,-87.99619059962126,43.10851035065769,2020-07-17,1,22.0
55079004100,55079006500,-87.95681147526382,43.0940907627305,-87.94229465456391,43.0797331466399,2020-07-17,1,22.0
55079004100,55079185400,-87.95681147526382,43.0940907627305,-87.93768935592728,43.06023552955454,2020-07-17,1,22.0
55079004100,55079008800,-87.95681147526382,43.0940907627305,-87.94617084834631,43.06788862375971,2020-07-17,1,22.0
55079018800,55079020000,-87.94058386370827,42.99929639057026,-87.95273620994368,42.98405311376188,2020-07-17,2,20.0
55079018800,55079002400,-87.94058386370827,42.99929639057026,-87.95188617843814,43.106404380820805,2020-07-17,2,20.0
55079018800,55079004500,-87.94058386370827,42.99929639057026,-87.92226909278084,43.08550885272536,2020-07-17,1,10.0
55079018800,55079015700,-87.94058386370827,42.99929639057026,-87.92777138656925,43.021663598322064,2020-07-17,3,30.0
55079018800,55079016200,-87.94058386370827,42.99929639057026,-87.94745090497267,43.01660575920564,2020-07-17,3,30.0
55079018800,55079019000,-87.94058386370827,42.99929639057026,-87.967877289968,42.995496154489715,2020-07-17,1,10.0
55079018800,55079000101,-87.94058386370827,42.99929639057026,-88.00922083481396,43.18510784936368,2020-07-17,1,10.0
55079018800,55079011400,-87.94058386370827,42.99929639057026,-87.9106574898586,43.05269479350376,2020-07-17,1,10.0
55079018800,55079110100,-87.94058386370827,42.99929639057026,-87.9710022364233,43.012448953036525,2020-07-17,5,50.0
55079018800,55079160100,-87.94058386370827,42.99929639057026,-87.91471599062149,42.91513941042769,2020-07-17,1,10.0
55079018800,55079090300,-87.94058386370827,42.99929639057026,-88.0515779905257,43.06739040507833,2020-07-17,2,20.0
55079018800,55079021700,-87.94058386370827,42.99929639057026,-87.91312462574102,42.94052513723052,2020-07-17,1,10.0
55079018800,55079019200,-87.94058386370827,42.99929639057026,-87.9858350139744,42.99282711086924,2020-07-17,1,10.0
55079018800,55079120400,-87.94058386370827,42.99929639057026,-87.96548496050795,42.96670427425607,2020-07-17,1,10.0
55079018800,55079120203,-87.94058386370827,42.99929639057026,-88.00776394431053,42.95694649923871,2020-07-17,1,10.0
55079018800,55079018400,-87.94058386370827,42.99929639057026,-87.90417459790928,42.9917062933768,2020-07-17,1,10.0
55079018800,55079160300,-87.94058386370827,42.99929639057026,-87.8893867076047,42.856940087232964,2020-07-17,1,10.0
55079018800,55079017300,-87.94058386370827,42.99929639057026,-87.94877202549131,43.0036525046766,2020-07-17,3,30.0
55079018800,55079005300,-87.94058386370827,42.99929639057026,-88.01242727702714,43.07892288175221,2020-07-17,1,10.0
55079018800,55079021400,-87.94058386370827,42.99929639057026,-87.93891709359613,42.96295890378409,2020-07-17,1,10.0
55079018800,55079120502,-87.94058386370827,42.99929639057026,-87.96510992081555,42.95304728304586,2020-07-17,1,10.0
55079018800,55079187400,-87.94058386370827,42.99929639057026,-87.90767949876499,43.03217517915639,2020-07-17,1,10.0
55079018800,55079130200,-87.94058386370827,42.99929639057026,-88.05891051157585,42.93732261654573,2020-07-17,1,10.0
55079018800,55079160203,-87.94058386370827,42.99929639057026,-87.91638950191752,42.89402789790319,2020-07-17,1,10.0
55079018800,55079100600,-87.94058386370827,42.99929639057026,-88.02237498004419,43.02035162464835,2020-07-17,1,10.0
55079018800,55079018900,-87.94058386370827,42.99929639057026,-87.95323213052187,42.995654122863776,2020-07-17,1,10.0
55079018800,55079020100,-87.94058386370827,42.99929639057026,-87.94099671150566,42.988482506396224,2020-07-17,6,60.0
55079018800,55079007000,-87.94058386370827,42.99929639057026,-87.91122456687498,43.07424564740019,2020-07-17,1,10.0
55079018800,55079101100,-87.94058386370827,42.99929639057026,-88.04276904850849,42.99420752845147,2020-07-17,1,10.0
55079018800,55079186500,-87.94058386370827,42.99929639057026,-87.9130303085029,43.02319729476483,2020-07-17,1,10.0
55079018800,55079016800,-87.94058386370827,42.99929639057026,-87.92935001478907,43.01036042537408,2020-07-17,13,130.0
55079018800,55079101400,-87.94058386370827,42.99929639057026,-88.02735540531337,43.00631524274058,2020-07-17,1,10.0
55079018800,55079014400,-87.94058386370827,42.99929639057026,-87.90784049253895,43.042413401572134,2020-07-17,3,30.0
55079018800,55079150100,-87.94058386370827,42.99929639057026,-87.97759713310646,42.91424119290261,2020-07-17,3,30.0
55079018800,55079035200,-87.94058386370827,42.99929639057026,-87.9070718018067,43.16012040860922,2020-07-17,1,10.0
55079018800,55079016100,-87.94058386370827,42.99929639057026,-87.95946595975387,43.016089910899275,2020-07-17,1,10.0
55079018800,55079021300,-87.94058386370827,42.99929639057026,-87.93877469638159,42.970224160413096,2020-07-17,2,20.0
55079018800,55079130100,-87.94058386370827,42.99929639057026,-88.04407902007586,42.942752065148895,2020-07-17,1,10.0
55079018800,55079020700,-87.94058386370827,42.99929639057026,-87.89282968229121,42.980391637955094,2020-07-17,4,40.0
55079018800,55079016300,-87.94058386370827,42.99929639057026,-87.93764055272034,43.01572710315665,2020-07-17,1,10.0
55079018800,55079000700,-87.94058386370827,42.99929639057026,-87.99009583376943,43.15588909293765,2020-07-17,1,10.0
55079018800,55079020400,-87.94058386370827,42.99929639057026,-87.9300852632457,42.98834002972675,2020-07-17,2,20.0
55079018800,55079017500,-87.94058386370827,42.99929639057026,-87.92965116916102,43.00287441605045,2020-07-17,8,80.0
55079018800,55079009800,-87.94058386370827,42.99929639057026,-87.95409571434068,43.059778012269526,2020-07-17,1,10.0
55079018800,55079017400,-87.94058386370827,42.99929639057026,-87.9382983850757,43.00476614107047,2020-07-17,3,30.0
55079018800,55079018800,-87.94058386370827,42.99929639057026,-87.94058386370827,42.99929639057026,2020-07-17,164,1646.0
55079018800,55079186600,-87.94058386370827,42.99929639057026,-87.91355022125023,43.001384465822476,2020-07-17,1,10.0
55079018800,55079014900,-87.94058386370827,42.99929639057026,-87.94481830610269,43.03704436935605,2020-07-17,1,10.0
55079018800,55079080400,-87.94058386370827,42.99929639057026,-87.88848724040903,43.08594082590386,2020-07-17,1,10.0
55079018800,55079000201,-87.94058386370827,42.99929639057026,-88.0472441211064,43.1799495757708,2020-07-17,2,20.0
55079018800,55079018500,-87.94058386370827,42.99929639057026,-87.91439743752404,42.98441904059949,2020-07-17,1,10.0
55079018800,55079020500,-87.94058386370827,42.99929639057026,-87.92272370744391,42.988321496925906,2020-07-17,2,20.0
55079018800,55079021500,-87.94058386370827,42.99929639057026,-87.94398245259515,42.952098604888974,2020-07-17,2,20.0
55079018800,55079020200,-87.94058386370827,42.99929639057026,-87.94112496275925,42.977527635995024,2020-07-17,1,10.0
55079018800,55079016000,-87.94058386370827,42.99929639057026,-87.95725941865898,43.02137414837421,2020-07-17,1,10.0
55079018800,55079016400,-87.94058386370827,42.99929639057026,-87.92777599229481,43.01665943799343,2020-07-17,3,30.0
55079018800,55079009000,-87.94058386370827,42.99929639057026,-87.9610837883489,43.060355868415826,2020-07-17,1,10.0
55079018800,55079017600,-87.94058386370827,42.99929639057026,-87.92236059293215,43.00280872383964,2020-07-17,1,10.0
55079018800,55079018700,-87.94058386370827,42.99929639057026,-87.92991431934564,42.995583237143,2020-07-17,2,20.0
55079018800,55079009600,-87.94058386370827,42.99929639057026,-87.96486502955395,43.05277336645368,2020-07-17,2,20.0
55079018800,55079020600,-87.94058386370827,42.99929639057026,-87.90444286867323,42.9810337820488,2020-07-17,1,10.0
55079018800,55079008900,-87.94058386370827,42.99929639057026,-87.95337828163817,43.06706338271535,2020-07-17,1,10.0
55079018800,55079170600,-87.94058386370827,42.99929639057026,-87.86320935056827,42.907724102777856,2020-07-17,1,10.0
55079018800,55079185200,-87.94058386370827,42.99929639057026,-87.88193798921913,42.967674094622936,2020-07-17,1,10.0
55079018800,55079012900,-87.94058386370827,42.99929639057026,-87.99989477924994,43.028140622580246,2020-07-17,1,10.0
55079018800,55079016900,-87.94058386370827,42.99929639057026,-87.93770785693083,43.00951913559766,2020-07-17,6,60.0
55079018800,55079017100,-87.94058386370827,42.99929639057026,-87.95808412992528,43.01056521552099,2020-07-17,1,10.0
55079018800,55079013300,-87.94058386370827,42.99929639057026,-87.96206431187025,43.03483590901066,2020-07-17,1,10.0
55079018800,55079017000,-87.94058386370827,42.99929639057026,-87.9475259715867,43.01041841584858,2020-07-17,3,30.0
55079018800,55079017200,-87.94058386370827,42.99929639057026,-87.95621680562614,43.002904101727246,2020-07-17,1,10.0
55079018800,55079015900,-87.94058386370827,42.99929639057026,-87.9473669417017,43.02159668337006,2020-07-17,4,40.0
55079018900,55079020000,-87.95323213052187,42.995654122863776,-87.95273620994368,42.98405311376188,2020-07-17,3,113.0
55079018900,55079019000,-87.95323213052187,42.995654122863776,-87.967877289968,42.995496154489715,2020-07-17,1,37.0
55079018900,55079100100,-87.95323213052187,42.995654122863776,-87.98598444052216,43.01659648927991,2020-07-17,1,37.0
55079018900,55079110100,-87.95323213052187,42.995654122863776,-87.9710022364233,43.012448953036525,2020-07-17,3,113.0
55079018900,55079021200,-87.95323213052187,42.995654122863776,-87.92101040508955,42.965284697357816,2020-07-17,1,37.0
55079018900,55079160100,-87.95323213052187,42.995654122863776,-87.91471599062149,42.91513941042769,2020-07-17,1,37.0
55079018900,55079021700,-87.95323213052187,42.995654122863776,-87.91312462574102,42.94052513723052,2020-07-17,2,75.0
55079018900,55079120501,-87.95323213052187,42.995654122863776,-87.96680035551529,42.94072396992586,2020-07-17,1,37.0
55079018900,55079120203,-87.95323213052187,42.995654122863776,-88.00776394431053,42.95694649923871,2020-07-17,1,37.0
55079018900,55079160300,-87.95323213052187,42.995654122863776,-87.8893867076047,42.856940087232964,2020-07-17,1,37.0
55079018900,55079017300,-87.95323213052187,42.995654122863776,-87.94877202549131,43.0036525046766,2020-07-17,2,75.0
55079018900,55079002700,-87.95323213052187,42.995654122863776,-87.97176690626681,43.100825271475365,2020-07-17,1,37.0
55079018900,55079021400,-87.95323213052187,42.995654122863776,-87.93891709359613,42.96295890378409,2020-07-17,1,37.0
55079018900,55079185300,-87.95323213052187,42.995654122863776,-88.04265402690729,43.049880154873065,2020-07-17,1,37.0
55079018900,55079120502,-87.95323213052187,42.995654122863776,-87.96510992081555,42.95304728304586,2020-07-17,1,37.0
55079018900,55079180500,-87.95323213052187,42.995654122863776,-87.87471526249948,42.93725893299447,2020-07-17,1,37.0
55079018900,55079187200,-87.95323213052187,42.995654122863776,-88.00769048889484,42.863813659193866,2020-07-17,1,37.0
55079018900,55079018900,-87.95323213052187,42.995654122863776,-87.95323213052187,42.995654122863776,2020-07-17,43,1625.0
55079018900,55079020100,-87.95323213052187,42.995654122863776,-87.94099671150566,42.988482506396224,2020-07-17,2,75.0
55079018900,55079014600,-87.95323213052187,42.995654122863776,-87.93032605572249,43.04237842637439,2020-07-17,2,75.0
55079018900,55079140100,-87.95323213052187,42.995654122863776,-88.0188613886232,42.93745223479677,2020-07-17,1,37.0
55079018900,55079140201,-87.95323213052187,42.995654122863776,-87.99911426080601,42.93902100763907,2020-07-17,1,37.0
55079018900,55079180100,-87.95323213052187,42.995654122863776,-87.84722355247969,42.95102171952154,2020-07-17,1,37.0
55079018900,55079186500,-87.95323213052187,42.995654122863776,-87.9130303085029,43.02319729476483,2020-07-17,1,37.0
55079018900,55079016800,-87.95323213052187,42.995654122863776,-87.92935001478907,43.01036042537408,2020-07-17,1,37.0
55079018900,55079100400,-87.95323213052187,42.995654122863776,-88.01166560297426,43.0170103539625,2020-07-17,1,37.0
55079018900,55079018000,-87.95323213052187,42.995654122863776,-87.8945288084346,43.01098558683315,2020-07-17,1,37.0
55079018900,55079150100,-87.95323213052187,42.995654122863776,-87.97759713310646,42.91424119290261,2020-07-17,3,113.0
55079018900,55079003400,-87.95323213052187,42.995654122863776,-88.02444287795417,43.0934576342605,2020-07-17,1,37.0
55079018900,55079016100,-87.95323213052187,42.995654122863776,-87.95946595975387,43.016089910899275,2020-07-17,1,37.0
55079018900,55079180300,-87.95323213052187,42.995654122863776,-87.87005593266791,42.951885652862586,2020-07-17,1,37.0
55079018900,55079185100,-87.95323213052187,42.995654122863776,-87.86132764015301,42.9760744263621,2020-07-17,1,37.0
55079018900,55079020300,-87.95323213052187,42.995654122863776,-87.92658964497383,42.979242665655576,2020-07-17,1,37.0
55079018900,55079018800,-87.95323213052187,42.995654122863776,-87.94058386370827,42.99929639057026,2020-07-17,3,113.0
55079018900,55079018500,-87.95323213052187,42.995654122863776,-87.91439743752404,42.98441904059949,2020-07-17,2,75.0
55079018900,55079020500,-87.95323213052187,42.995654122863776,-87.92272370744391,42.988321496925906,2020-07-17,2,75.0
55079018900,55079016000,-87.95323213052187,42.995654122863776,-87.95725941865898,43.02137414837421,2020-07-17,2,75.0
55079018900,55079017100,-87.95323213052187,42.995654122863776,-87.95808412992528,43.01056521552099,2020-07-17,1,37.0
55079018900,55079017200,-87.95323213052187,42.995654122863776,-87.95621680562614,43.002904101727246,2020-07-17,1,37.0
55079018900,55079021100,-87.95323213052187,42.995654122863776,-87.91444199314573,42.970152010378044,2020-07-17,1,37.0
55079090300,55079060200,-88.0515779905257,43.06739040507833,-87.9245165328896,43.11556508690733,2020-07-17,2,40.0
55079090300,55079012800,-88.0515779905257,43.06739040507833,-88.03145321223326,43.03059221584991,2020-07-17,2,40.0
55079090300,55079110100,-88.0515779905257,43.06739040507833,-87.9710022364233,43.012448953036525,2020-07-17,2,40.0
55079090300,55079101000,-88.0515779905257,43.06739040507833,-88.05764456171738,42.99173938525954,2020-07-17,2,40.0
55079090300,55079090300,-88.0515779905257,43.06739040507833,-88.0515779905257,43.06739040507833,2020-07-17,155,3119.0
55079090300,55079186300,-88.0515779905257,43.06739040507833,-87.91799927397663,43.040616743150025,2020-07-17,1,20.0
55079090300,55079019100,-88.0515779905257,43.06739040507833,-87.96549351619066,42.982165146288615,2020-07-17,1,20.0
55079090300,55079090200,-88.0515779905257,43.06739040507833,-88.05200796218348,43.081902180003375,2020-07-17,11,221.0
55079090300,55079090900,-88.0515779905257,43.06739040507833,-88.00270912368009,43.06124682618238,2020-07-17,5,100.0
55079090300,55079120203,-88.0515779905257,43.06739040507833,-88.00776394431053,42.95694649923871,2020-07-17,2,40.0
55079090300,55079160300,-88.0515779905257,43.06739040507833,-87.8893867076047,42.856940087232964,2020-07-17,1,20.0
55079090300,55079000501,-88.0515779905257,43.06739040507833,-88.04340002069712,43.115390222488664,2020-07-17,1,20.0
55079090300,55079003500,-88.0515779905257,43.06739040507833,-87.99830093777771,43.09359369867719,2020-07-17,1,20.0
55079090300,55079090600,-88.0515779905257,43.06739040507833,-88.05435154566402,43.03795832032663,2020-07-17,4,80.0
55079090300,55079185300,-88.0515779905257,43.06739040507833,-88.04265402690729,43.049880154873065,2020-07-17,13,261.0
55079090300,55079187400,-88.0515779905257,43.06739040507833,-87.90767949876499,43.03217517915639,2020-07-17,1,20.0
55079090300,55079012500,-88.0515779905257,43.06739040507833,-87.97654888060033,43.037091021714275,2020-07-17,1,20.0
55079090300,55079005400,-88.0515779905257,43.06739040507833,-88.02259608100492,43.0824437803151,2020-07-17,1,20.0
55079090300,55079186800,-88.0515779905257,43.06739040507833,-87.9506670108877,43.02815858561159,2020-07-17,3,60.0
55079090300,55079160203,-88.0515779905257,43.06739040507833,-87.91638950191752,42.89402789790319,2020-07-17,1,20.0
55079090300,55079170200,-88.0515779905257,43.06739040507833,-87.87263683893734,42.92275381108851,2020-07-17,1,20.0
55079090300,55079091200,-88.0515779905257,43.06739040507833,-88.00388284004167,43.0467075980639,2020-07-17,5,100.0
55079090300,55079100900,-88.0515779905257,43.06739040507833,-88.05216898532913,43.00959788353506,2020-07-17,1,20.0
55079090300,55079101100,-88.0515779905257,43.06739040507833,-88.04276904850849,42.99420752845147,2020-07-17,1,20.0
55079090300,55079140201,-88.0515779905257,43.06739040507833,-87.99911426080601,42.93902100763907,2020-07-17,1,20.0
55079090300,55079091400,-88.0515779905257,43.06739040507833,-87.99383660813824,43.04031315098078,2020-07-17,2,40.0
55079090300,55079180100,-88.0515779905257,43.06739040507833,-87.84722355247969,42.95102171952154,2020-07-17,1,20.0
55079090300,55079120101,-88.0515779905257,43.06739040507833,-88.04814010007517,42.95916305909443,2020-07-17,2,40.0
55079090300,55079070100,-88.0515779905257,43.06739040507833,-87.9076583493148,43.12063010988105,2020-07-17,1,20.0
55079090300,55079101400,-88.0515779905257,43.06739040507833,-88.02735540531337,43.00631524274058,2020-07-17,2,40.0
55079090300,55079008100,-88.0515779905257,43.06739040507833,-87.90743836658615,43.067471782486706,2020-07-17,1,20.0
55079090300,55079003600,-88.0515779905257,43.06739040507833,-87.98321131530031,43.092736225323044,2020-07-17,1,20.0
55079090300,55079035100,-88.0515779905257,43.06739040507833,-87.89285549776399,43.15380150659221,2020-07-17,1,20.0
55079090300,55079005500,-88.0515779905257,43.06739040507833,-88.03284541742188,43.08237006688624,2020-07-17,1,20.0
55079090300,55079005800,-88.0515779905257,43.06739040507833,-87.99994620357029,43.072303413103626,2020-07-17,1,20.0
55079090300,55079120102,-88.0515779905257,43.06739040507833,-88.04966546230908,42.97409794368699,2020-07-17,1,20.0
55079090300,55079130100,-88.0515779905257,43.06739040507833,-88.04407902007586,42.942752065148895,2020-07-17,1,20.0
55079090300,55079101800,-88.0515779905257,43.06739040507833,-88.00969812606968,42.99373426381014,2020-07-17,1,20.0
55079090300,55079150301,-88.0515779905257,43.06739040507833,-88.05345903025625,42.89781994777656,2020-07-17,1,20.0
55079090300,55079120201,-88.0515779905257,43.06739040507833,-88.01868214174351,42.96737507435749,2020-07-17,3,60.0
55079090300,55079050102,-88.0515779905257,43.06739040507833,-87.96743569232115,43.172443064752215,2020-07-17,1,20.0
55079090300,55079185100,-88.0515779905257,43.06739040507833,-87.86132764015301,42.9760744263621,2020-07-17,1,20.0
55079090300,55079019900,-88.0515779905257,43.06739040507833,-87.98235255712866,42.973172118392476,2020-07-17,1,20.0
55079090300,55079101700,-88.0515779905257,43.06739040507833,-88.00697190300957,43.00173437379505,2020-07-17,2,40.0
55079090300,55079100200,-88.0515779905257,43.06739040507833,-87.99137992566246,43.01460892403096,2020-07-17,2,40.0
55079090300,55079007600,-88.0515779905257,43.06739040507833,-87.87859580944733,43.06399812725538,2020-07-17,1,20.0
55079090300,55079012300,-88.0515779905257,43.06739040507833,-87.96196748080853,43.043599093031496,2020-07-17,1,20.0
55079090300,55079000201,-88.0515779905257,43.06739040507833,-88.0472441211064,43.1799495757708,2020-07-17,2,40.0
55079090300,55079018500,-88.0515779905257,43.06739040507833,-87.91439743752404,42.98441904059949,2020-07-17,1,20.0
55079090300,55079018300,-88.0515779905257,43.06739040507833,-87.89285805580873,42.991354183119796,2020-07-17,1,20.0
55079090300,55079019300,-88.0515779905257,43.06739040507833,-87.99612754588766,42.99498021323571,2020-07-17,1,20.0
55079090300,55079090700,-88.0515779905257,43.06739040507833,-88.02545440842808,43.059193901469925,2020-07-17,4,80.0
55079090300,55079101300,-88.0515779905257,43.06739040507833,-88.02770018483265,42.99907770295741,2020-07-17,1,20.0
55079090300,55079170100,-88.0515779905257,43.06739040507833,-87.84892368656588,42.919583500675934,2020-07-17,1,20.0
55079090300,55079101200,-88.0515779905257,43.06739040507833,-88.02772831407549,42.99180235090393,2020-07-17,2,40.0
55079090300,55079185600,-88.0515779905257,43.06739040507833,-87.91469071944607,43.06026722158336,2020-07-17,1,20.0
55079090300,55079170600,-88.0515779905257,43.06739040507833,-87.86320935056827,42.907724102777856,2020-07-17,1,20.0
55079090300,55079005600,-88.0515779905257,43.06739040507833,-88.02758035548169,43.071050112322006,2020-07-17,2,40.0
55079090300,55079000301,-88.0515779905257,43.06739040507833,-88.06021668804352,43.1363311013577,2020-07-17,1,20.0
55079090300,55079120300,-88.0515779905257,43.06739040507833,-87.97376432533524,42.98091406493879,2020-07-17,2,40.0
55079090300,55079008400,-88.0515779905257,43.06739040507833,-87.92332577697063,43.067583013115005,2020-07-17,1,20.0
55079090300,55079170400,-88.0515779905257,43.06739040507833,-87.8734267877277,42.89848248246609,2020-07-17,1,20.0
55079000304,55079004300,-88.02644618111368,43.14364069729464,-87.93220867621264,43.094799127568905,2020-07-17,4,73.0
55079000304,55079060200,-88.02644618111368,43.14364069729464,-87.9245165328896,43.11556508690733,2020-07-17,4,73.0
55079000304,55079100700,-88.02644618111368,43.14364069729464,-88.03788629567484,43.0213025080197,2020-07-17,1,18.0
55079000304,55079000101,-88.02644618111368,43.14364069729464,-88.00922083481396,43.18510784936368,2020-07-17,7,128.0
55079000304,55079000102,-88.02644618111368,43.14364069729464,-88.01167859828367,43.164645145767146,2020-07-17,9,164.0
55079000304,55079000202,-88.02644618111368,43.14364069729464,-88.04132965001602,43.160382512849615,2020-07-17,9,164.0
55079000304,55079110100,-88.02644618111368,43.14364069729464,-87.9710022364233,43.012448953036525,2020-07-17,4,73.0
55079000304,55079000600,-88.02644618111368,43.14364069729464,-88.00190569680801,43.14010292722225,2020-07-17,21,384.0
55079000304,55079050101,-88.02644618111368,43.14364069729464,-87.98494662348081,43.17683059907653,2020-07-17,4,73.0
55079000304,55079090300,-88.02644618111368,43.14364069729464,-88.0515779905257,43.06739040507833,2020-07-17,3,54.0
55079000304,55079012400,-88.02644618111368,43.14364069729464,-87.97680856828566,43.04580144948212,2020-07-17,1,18.0
55079000304,55079021700,-88.02644618111368,43.14364069729464,-87.91312462574102,42.94052513723052,2020-07-17,2,36.0
55079000304,55079090100,-88.02644618111368,43.14364069729464,-88.04837730790923,43.0973204568905,2020-07-17,3,54.0
55079000304,55079090200,-88.02644618111368,43.14364069729464,-88.05200796218348,43.081902180003375,2020-07-17,2,36.0
55079000304,55079120203,-88.02644618111368,43.14364069729464,-88.00776394431053,42.95694649923871,2020-07-17,1,18.0
55079000304,55079160300,-88.02644618111368,43.14364069729464,-87.8893867076047,42.856940087232964,2020-07-17,1,18.0
55079000304,55079002700,-88.02644618111368,43.14364069729464,-87.97176690626681,43.100825271475365,2020-07-17,1,18.0
55079000304,55079003500,-88.02644618111368,43.14364069729464,-87.99830093777771,43.09359369867719,2020-07-17,2,36.0
55079000304,55079004800,-88.02644618111368,43.14364069729464,-87.96231596301399,43.077035360461494,2020-07-17,2,36.0
55079000304,55079186000,-88.02644618111368,43.14364069729464,-87.92039854147795,43.053956957431964,2020-07-17,1,18.0
55079000304,55079003200,-88.02644618111368,43.14364069729464,-88.00111189801154,43.10115852758208,2020-07-17,2,36.0
55079000304,55079000302,-88.02644618111368,43.14364069729464,-88.04649688617519,43.13922972061493,2020-07-17,1,18.0
55079000304,55079090600,-88.02644618111368,43.14364069729464,-88.05435154566402,43.03795832032663,2020-07-17,1,18.0
55079000304,55079185300,-88.02644618111368,43.14364069729464,-88.04265402690729,43.049880154873065,2020-07-17,3,54.0
55079000304,55079000800,-88.02644618111368,43.14364069729464,-87.97372753660457,43.14064967469203,2020-07-17,1,18.0
55079000304,55079000400,-88.02644618111368,43.14364069729464,-88.05554472050937,43.110954423820296,2020-07-17,1,18.0
55079000304,55079000502,-88.02644618111368,43.14364069729464,-88.03128731150349,43.12480634966938,2020-07-17,3,54.0
55079000304,55079021000,-88.02644618111368,43.14364069729464,-87.89993467732904,42.962739149255064,2020-07-17,1,18.0
55079000304,55079186800,-88.02644618111368,43.14364069729464,-87.9506670108877,43.02815858561159,2020-07-17,3,54.0
55079000304,55079091200,-88.02644618111368,43.14364069729464,-88.00388284004167,43.0467075980639,2020-07-17,1,18.0
55079000304,55079100500,-88.02644618111368,43.14364069729464,-88.02674691869541,43.01326660162138,2020-07-17,1,18.0
55079000304,55079020100,-88.02644618111368,43.14364069729464,-87.94099671150566,42.988482506396224,2020-07-17,1,18.0
55079000304,55079005000,-88.02644618111368,43.14364069729464,-87.98327608357046,43.07665137069942,2020-07-17,1,18.0
55079000304,55079003300,-88.02644618111368,43.14364069729464,-88.0173066794685,43.1010408446094,2020-07-17,1,18.0
55079000304,55079001600,-88.02644618111368,43.14364069729464,-88.01599665750028,43.11588641903863,2020-07-17,1,18.0
55079000304,55079101400,-88.02644618111368,43.14364069729464,-88.02735540531337,43.00631524274058,2020-07-17,1,18.0
55079000304,55079040100,-88.02644618111368,43.14364069729464,-87.93527423095499,43.17163768621121,2020-07-17,1,18.0
55079000304,55079014400,-88.02644618111368,43.14364069729464,-87.90784049253895,43.042413401572134,2020-07-17,1,18.0
55079000304,55079001800,-88.02644618111368,43.14364069729464,-87.99853790291819,43.115847306484916,2020-07-17,3,54.0
55079000304,55079003400,-88.02644618111368,43.14364069729464,-88.02444287795417,43.0934576342605,2020-07-17,4,73.0
55079000304,55079035200,-88.02644618111368,43.14364069729464,-87.9070718018067,43.16012040860922,2020-07-17,1,18.0
55079000304,55079014100,-88.02644618111368,43.14364069729464,-87.92097269793881,43.04863570292668,2020-07-17,1,18.0
55079000304,55079009400,-88.02644618111368,43.14364069729464,-87.98309572088205,43.053347935581954,2020-07-17,1,18.0
55079000304,55079100800,-88.02644618111368,43.14364069729464,-88.05710943935104,43.023654444193184,2020-07-17,1,18.0
55079000304,55079050102,-88.02644618111368,43.14364069729464,-87.96743569232115,43.172443064752215,2020-07-17,4,73.0
55079000304,55079007900,-88.02644618111368,43.14364069729464,-87.89683936352995,43.06599950452746,2020-07-17,1,18.0
55079000304,55079080200,-88.02644618111368,43.14364069729464,-87.8877423232882,43.0942616397457,2020-07-17,2,36.0
55079000304,55079000700,-88.02644618111368,43.14364069729464,-87.99009583376943,43.15588909293765,2020-07-17,5,91.0
55079000304,55079100200,-88.02644618111368,43.14364069729464,-87.99137992566246,43.01460892403096,2020-07-17,1,18.0
55079000304,55079005700,-88.02644618111368,43.14364069729464,-88.01309831915184,43.07138814037072,2020-07-17,1,18.0
55079000304,55079003100,-88.02644618111368,43.14364069729464,-87.98607018194353,43.10091760946077,2020-07-17,1,18.0
55079000304,55079005900,-88.02644618111368,43.14364069729464,-87.98523579862835,43.06821108392844,2020-07-17,3,54.0
55079000304,55079007600,-88.02644618111368,43.14364069729464,-87.87859580944733,43.06399812725538,2020-07-17,2,36.0
55079000304,55079009800,-88.02644618111368,43.14364069729464,-87.95409571434068,43.059778012269526,2020-07-17,3,54.0
55079000304,55079001300,-88.02644618111368,43.14364069729464,-87.99843350448002,43.126783535933505,2020-07-17,7,128.0
55079000304,55079001700,-88.02644618111368,43.14364069729464,-88.01621221830194,43.10855887721336,2020-07-17,1,18.0
55079000304,55079017400,-88.02644618111368,43.14364069729464,-87.9382983850757,43.00476614107047,2020-07-17,1,18.0
55079000304,55079186600,-88.02644618111368,43.14364069729464,-87.91355022125023,43.001384465822476,2020-07-17,1,18.0
55079000304,55079001500,-88.02644618111368,43.14364069729464,-88.01520145334699,43.123754077777434,2020-07-17,2,36.0
55079000304,55079000201,-88.02644618111368,43.14364069729464,-88.0472441211064,43.1799495757708,2020-07-17,3,54.0
55079000304,55079020200,-88.02644618111368,43.14364069729464,-87.94112496275925,42.977527635995024,2020-07-17,1,18.0
55079000304,55079002600,-88.02644618111368,43.14364069729464,-87.96192834607115,43.10067420371696,2020-07-17,1,18.0
55079000304,55079009000,-88.02644618111368,43.14364069729464,-87.9610837883489,43.060355868415826,2020-07-17,1,18.0
55079000304,55079013700,-88.02644618111368,43.14364069729464,-87.94529508707278,43.04229912697773,2020-07-17,1,18.0
55079000304,55079000304,-88.02644618111368,43.14364069729464,-88.02644618111368,43.14364069729464,2020-07-17,158,2894.0
55079000304,55079001100,-88.02644618111368,43.14364069729464,-87.96901390366762,43.127689901740844,2020-07-17,2,36.0
55079000304,55079016500,-88.02644618111368,43.14364069729464,-87.91153110922029,43.01579142211555,2020-07-17,1,18.0
55079000304,55079185200,-88.02644618111368,43.14364069729464,-87.88193798921913,42.967674094622936,2020-07-17,1,18.0
55079000304,55079004900,-88.02644618111368,43.14364069729464,-87.97231517837423,43.077061406485264,2020-07-17,2,36.0
55079000304,55079009200,-88.02644618111368,43.14364069729464,-87.97560474362125,43.06069020349929,2020-07-17,1,18.0
55079000304,55079000301,-88.02644618111368,43.14364069729464,-88.06021668804352,43.1363311013577,2020-07-17,1,18.0
55079000304,55079013300,-88.02644618111368,43.14364069729464,-87.96206431187025,43.03483590901066,2020-07-17,1,18.0
55079000304,55079001000,-88.02644618111368,43.14364069729464,-87.95348314468296,43.12464896388482,2020-07-17,2,36.0
55079000304,55079003000,-88.02644618111368,43.14364069729464,-87.99619059962126,43.10851035065769,2020-07-17,2,36.0
55079000304,55079013500,-88.02644618111368,43.14364069729464,-87.9526122313311,43.040147622140005,2020-07-17,2,36.0
55079013400,55079020000,-87.95356038604784,43.03496530197635,-87.95273620994368,42.98405311376188,2020-07-17,3,62.0
55079013400,55079002100,-87.95356038604784,43.03496530197635,-87.95315716160212,43.115529640428136,2020-07-17,1,20.0
55079013400,55079002400,-87.95356038604784,43.03496530197635,-87.95188617843814,43.106404380820805,2020-07-17,2,41.0
55079013400,55079060200,-87.95356038604784,43.03496530197635,-87.9245165328896,43.11556508690733,2020-07-17,1,20.0
55079013400,55079004400,-87.95356038604784,43.03496530197635,-87.90608569163814,43.089298213737145,2020-07-17,4,83.0
55079013400,55079012800,-87.95356038604784,43.03496530197635,-88.03145321223326,43.03059221584991,2020-07-17,1,20.0
55079013400,55079100100,-87.95356038604784,43.03496530197635,-87.98598444052216,43.01659648927991,2020-07-17,1,20.0
55079013400,55079100700,-87.95356038604784,43.03496530197635,-88.03788629567484,43.0213025080197,2020-07-17,1,20.0
55079013400,55079000102,-87.95356038604784,43.03496530197635,-88.01167859828367,43.164645145767146,2020-07-17,5,104.0
55079013400,55079002300,-87.95356038604784,43.03496530197635,-87.93621856893152,43.105985427841645,2020-07-17,2,41.0
55079013400,55079010800,-87.95356038604784,43.03496530197635,-87.88986181293924,43.05733829509928,2020-07-17,1,20.0
55079013400,55079011400,-87.95356038604784,43.03496530197635,-87.9106574898586,43.05269479350376,2020-07-17,1,20.0
55079013400,55079110100,-87.95356038604784,43.03496530197635,-87.9710022364233,43.012448953036525,2020-07-17,11,228.0
55079013400,55079021200,-87.95356038604784,43.03496530197635,-87.92101040508955,42.965284697357816,2020-07-17,2,41.0
55079013400,55079160100,-87.95356038604784,43.03496530197635,-87.91471599062149,42.91513941042769,2020-07-17,1,20.0
55079013400,55079050101,-87.95356038604784,43.03496530197635,-87.98494662348081,43.17683059907653,2020-07-17,1,20.0
55079013400,55079090300,-87.95356038604784,43.03496530197635,-88.0515779905257,43.06739040507833,2020-07-17,1,20.0
55079013400,55079120203,-87.95356038604784,43.03496530197635,-88.00776394431053,42.95694649923871,2020-07-17,1,20.0
55079013400,55079000501,-87.95356038604784,43.03496530197635,-88.04340002069712,43.115390222488664,2020-07-17,1,20.0
55079013400,55079003500,-87.95356038604784,43.03496530197635,-87.99830093777771,43.09359369867719,2020-07-17,3,62.0
55079013400,55079186000,-87.95356038604784,43.03496530197635,-87.92039854147795,43.053956957431964,2020-07-17,1,20.0
55079013400,55079185300,-87.95356038604784,43.03496530197635,-88.04265402690729,43.049880154873065,2020-07-17,1,20.0
55079013400,55079150304,-87.95356038604784,43.03496530197635,-88.02760163837803,42.91519132559998,2020-07-17,1,20.0
55079013400,55079000800,-87.95356038604784,43.03496530197635,-87.97372753660457,43.14064967469203,2020-07-17,1,20.0
55079013400,55079004000,-87.95356038604784,43.03496530197635,-87.97205846198321,43.09342306765945,2020-07-17,1,20.0
55079013400,55079004600,-87.95356038604784,43.03496530197635,-87.9321086251029,43.08569057130924,2020-07-17,1,20.0
55079013400,55079000400,-87.95356038604784,43.03496530197635,-88.05554472050937,43.110954423820296,2020-07-17,1,20.0
55079013400,55079000502,-87.95356038604784,43.03496530197635,-88.03128731150349,43.12480634966938,2020-07-17,1,20.0
55079013400,55079186800,-87.95356038604784,43.03496530197635,-87.9506670108877,43.02815858561159,2020-07-17,1,20.0
55079013400,55079170200,-87.95356038604784,43.03496530197635,-87.87263683893734,42.92275381108851,2020-07-17,2,41.0
55079013400,55079005000,-87.95356038604784,43.03496530197635,-87.98327608357046,43.07665137069942,2020-07-17,1,20.0
55079013400,55079140100,-87.95356038604784,43.03496530197635,-88.0188613886232,42.93745223479677,2020-07-17,1,20.0
55079013400,55079140201,-87.95356038604784,43.03496530197635,-87.99911426080601,42.93902100763907,2020-07-17,1,20.0
55079013400,55079186500,-87.95356038604784,43.03496530197635,-87.9130303085029,43.02319729476483,2020-07-17,4,83.0
55079013400,55079003300,-87.95356038604784,43.03496530197635,-88.0173066794685,43.1010408446094,2020-07-17,1,20.0
55079013400,55079001600,-87.95356038604784,43.03496530197635,-88.01599665750028,43.11588641903863,2020-07-17,1,20.0
55079013400,55079007700,-87.95356038604784,43.03496530197635,-87.88849935823362,43.06389053422122,2020-07-17,2,41.0
55079013400,55079003600,-87.95356038604784,43.03496530197635,-87.98321131530031,43.092736225323044,2020-07-17,2,41.0
55079013400,55079003800,-87.95356038604784,43.03496530197635,-87.97215356169055,43.086187842345545,2020-07-17,1,20.0
55079013400,55079014400,-87.95356038604784,43.03496530197635,-87.90784049253895,43.042413401572134,2020-07-17,1,20.0
55079013400,55079150100,-87.95356038604784,43.03496530197635,-87.97759713310646,42.91424119290261,2020-07-17,1,20.0
55079013400,55079001800,-87.95356038604784,43.03496530197635,-87.99853790291819,43.115847306484916,2020-07-17,1,20.0
55079013400,55079130100,-87.95356038604784,43.03496530197635,-88.04407902007586,42.942752065148895,2020-07-17,1,20.0
55079013400,55079009400,-87.95356038604784,43.03496530197635,-87.98309572088205,43.053347935581954,2020-07-17,1,20.0
55079013400,55079100800,-87.95356038604784,43.03496530197635,-88.05710943935104,43.023654444193184,2020-07-17,1,20.0
55079013400,55079007100,-87.95356038604784,43.03496530197635,-87.90149576859913,43.07383574480911,2020-07-17,1,20.0
55079013400,55079007900,-87.95356038604784,43.03496530197635,-87.89683936352995,43.06599950452746,2020-07-17,1,20.0
55079013400,55079006300,-87.95356038604784,43.03496530197635,-87.95229119818997,43.07635281761954,2020-07-17,1,20.0
55079013400,55079100200,-87.95356038604784,43.03496530197635,-87.99137992566246,43.01460892403096,2020-07-17,2,41.0
55079013400,55079005900,-87.95356038604784,43.03496530197635,-87.98523579862835,43.06821108392844,2020-07-17,1,20.0
55079013400,55079007600,-87.95356038604784,43.03496530197635,-87.87859580944733,43.06399812725538,2020-07-17,1,20.0
55079013400,55079009800,-87.95356038604784,43.03496530197635,-87.95409571434068,43.059778012269526,2020-07-17,1,20.0
55079013400,55079016700,-87.95356038604784,43.03496530197635,-87.92209519609614,43.010301162214034,2020-07-17,1,20.0
55079013400,55079004200,-87.95356038604784,43.03496530197635,-87.94544782159862,43.09516547779425,2020-07-17,1,20.0
55079013400,55079186600,-87.95356038604784,43.03496530197635,-87.91355022125023,43.001384465822476,2020-07-17,1,20.0
55079013400,55079014900,-87.95356038604784,43.03496530197635,-87.94481830610269,43.03704436935605,2020-07-17,3,62.0
55079013400,55079001500,-87.95356038604784,43.03496530197635,-88.01520145334699,43.123754077777434,2020-07-17,1,20.0
55079013400,55079000201,-87.95356038604784,43.03496530197635,-88.0472441211064,43.1799495757708,2020-07-17,3,62.0
55079013400,55079018500,-87.95356038604784,43.03496530197635,-87.91439743752404,42.98441904059949,2020-07-17,3,62.0
55079013400,55079020500,-87.95356038604784,43.03496530197635,-87.92272370744391,42.988321496925906,2020-07-17,1,20.0
55079013400,55079020200,-87.95356038604784,43.03496530197635,-87.94112496275925,42.977527635995024,2020-07-17,1,20.0
55079013400,55079016000,-87.95356038604784,43.03496530197635,-87.95725941865898,43.02137414837421,2020-07-17,1,20.0
55079013400,55079016400,-87.95356038604784,43.03496530197635,-87.92777599229481,43.01665943799343,2020-07-17,2,41.0
55079013400,55079009000,-87.95356038604784,43.03496530197635,-87.9610837883489,43.060355868415826,2020-07-17,1,20.0
55079013400,55079013700,-87.95356038604784,43.03496530197635,-87.94529508707278,43.04229912697773,2020-07-17,1,20.0
55079013400,55079018300,-87.95356038604784,43.03496530197635,-87.89285805580873,42.991354183119796,2020-07-17,1,20.0
55079013400,55079016500,-87.95356038604784,43.03496530197635,-87.91153110922029,43.01579142211555,2020-07-17,1,20.0
55079013400,55079009600,-87.95356038604784,43.03496530197635,-87.96486502955395,43.05277336645368,2020-07-17,4,83.0
55079013400,55079004100,-87.95356038604784,43.03496530197635,-87.95681147526382,43.0940907627305,2020-07-17,1,20.0
55079013400,55079170100,-87.95356038604784,43.03496530197635,-87.84892368656588,42.919583500675934,2020-07-17,1,20.0
55079013400,55079013400,-87.95356038604784,43.03496530197635,-87.95356038604784,43.03496530197635,2020-07-17,96,1997.0
55079013400,55079100300,-87.95356038604784,43.03496530197635,-88.00316709835943,43.017354422985534,2020-07-17,4,83.0
55079013400,55079021800,-87.95356038604784,43.03496530197635,-87.95694377227925,42.94079756603018,2020-07-17,1,20.0
55079013400,55079186900,-87.95356038604784,43.03496530197635,-87.88804149673794,43.05226526687869,2020-07-17,2,41.0
55079013400,55079185600,-87.95356038604784,43.03496530197635,-87.91469071944607,43.06026722158336,2020-07-17,2,41.0
55079013400,55079005100,-87.95356038604784,43.03496530197635,-87.99757698420609,43.08261869423604,2020-07-17,2,41.0
55079013400,55079170600,-87.95356038604784,43.03496530197635,-87.86320935056827,42.907724102777856,2020-07-17,2,41.0
55079013400,55079014800,-87.95356038604784,43.03496530197635,-87.9402035907502,43.042125624825495,2020-07-17,1,20.0
55079013400,55079008000,-87.95356038604784,43.03496530197635,-87.90282982859381,43.067480284048756,2020-07-17,1,20.0
55079013400,55079000301,-87.95356038604784,43.03496530197635,-88.06021668804352,43.1363311013577,2020-07-17,1,20.0
55079013400,55079012900,-87.95356038604784,43.03496530197635,-87.99989477924994,43.028140622580246,2020-07-17,1,20.0
55079013400,55079017100,-87.95356038604784,43.03496530197635,-87.95808412992528,43.01056521552099,2020-07-17,1,20.0
55079013400,55079012200,-87.95356038604784,43.03496530197635,-87.95271101560115,43.04866661559741,2020-07-17,3,62.0
55079013400,55079013300,-87.95356038604784,43.03496530197635,-87.96206431187025,43.03483590901066,2020-07-17,1,20.0
55079013400,55079006100,-87.95356038604784,43.03496530197635,-87.96847508739953,43.06791249267312,2020-07-17,1,20.0
55079013400,55079001000,-87.95356038604784,43.03496530197635,-87.95348314468296,43.12464896388482,2020-07-17,1,20.0
55079013400,55079009900,-87.95356038604784,43.03496530197635,-87.94630275235495,43.060274421469344,2020-07-17,1,20.0
55079013400,55079003000,-87.95356038604784,43.03496530197635,-87.99619059962126,43.10851035065769,2020-07-17,1,20.0
55079013400,55079006500,-87.95356038604784,43.03496530197635,-87.94229465456391,43.0797331466399,2020-07-17,1,20.0
55079013400,55079015900,-87.95356038604784,43.03496530197635,-87.9473669417017,43.02159668337006,2020-07-17,2,41.0
55079090100,55079012800,-88.04837730790923,43.0973204568905,-88.03145321223326,43.03059221584991,2020-07-17,2,55.0
55079090100,55079000101,-88.04837730790923,43.0973204568905,-88.00922083481396,43.18510784936368,2020-07-17,2,55.0
55079090100,55079000102,-88.04837730790923,43.0973204568905,-88.01167859828367,43.164645145767146,2020-07-17,3,83.0
55079090100,55079000202,-88.04837730790923,43.0973204568905,-88.04132965001602,43.160382512849615,2020-07-17,1,27.0
55079090100,55079011400,-88.04837730790923,43.0973204568905,-87.9106574898586,43.05269479350376,2020-07-17,1,27.0
55079090100,55079110100,-88.04837730790923,43.0973204568905,-87.9710022364233,43.012448953036525,2020-07-17,2,55.0
55079090100,55079101000,-88.04837730790923,43.0973204568905,-88.05764456171738,42.99173938525954,2020-07-17,1,27.0
55079090100,55079160100,-88.04837730790923,43.0973204568905,-87.91471599062149,42.91513941042769,2020-07-17,1,27.0
55079090100,55079000600,-88.04837730790923,43.0973204568905,-88.00190569680801,43.14010292722225,2020-07-17,2,55.0
55079090100,55079090300,-88.04837730790923,43.0973204568905,-88.0515779905257,43.06739040507833,2020-07-17,8,222.0
55079090100,55079186300,-88.04837730790923,43.0973204568905,-87.91799927397663,43.040616743150025,2020-07-17,3,83.0
55079090100,55079021700,-88.04837730790923,43.0973204568905,-87.91312462574102,42.94052513723052,2020-07-17,1,27.0
55079090100,55079070300,-88.04837730790923,43.0973204568905,-87.90380003116019,43.10631443965618,2020-07-17,1,27.0
55079090100,55079090100,-88.04837730790923,43.0973204568905,-88.04837730790923,43.0973204568905,2020-07-17,138,3832.0
55079090100,55079090200,-88.04837730790923,43.0973204568905,-88.05200796218348,43.081902180003375,2020-07-17,7,194.0
55079090100,55079090900,-88.04837730790923,43.0973204568905,-88.00270912368009,43.06124682618238,2020-07-17,2,55.0
55079090100,55079000501,-88.04837730790923,43.0973204568905,-88.04340002069712,43.115390222488664,2020-07-17,4,111.0
55079090100,55079004800,-88.04837730790923,43.0973204568905,-87.96231596301399,43.077035360461494,2020-07-17,1,27.0
55079090100,55079185900,-88.04837730790923,43.0973204568905,-87.93229166080955,43.05383765471328,2020-07-17,1,27.0
55079090100,55079185500,-88.04837730790923,43.0973204568905,-87.92624880733425,43.0601763240656,2020-07-17,1,27.0
55079090100,55079185300,-88.04837730790923,43.0973204568905,-88.04265402690729,43.049880154873065,2020-07-17,7,194.0
55079090100,55079187400,-88.04837730790923,43.0973204568905,-87.90767949876499,43.03217517915639,2020-07-17,1,27.0
55079090100,55079150304,-88.04837730790923,43.0973204568905,-88.02760163837803,42.91519132559998,2020-07-17,1,27.0
55079090100,55079000800,-88.04837730790923,43.0973204568905,-87.97372753660457,43.14064967469203,2020-07-17,1,27.0
55079090100,55079005400,-88.04837730790923,43.0973204568905,-88.02259608100492,43.0824437803151,2020-07-17,2,55.0
55079090100,55079000400,-88.04837730790923,43.0973204568905,-88.05554472050937,43.110954423820296,2020-07-17,6,166.0
55079090100,55079186800,-88.04837730790923,43.0973204568905,-87.9506670108877,43.02815858561159,2020-07-17,3,83.0
55079090100,55079187200,-88.04837730790923,43.0973204568905,-88.00769048889484,42.863813659193866,2020-07-17,1,27.0
55079090100,55079091200,-88.04837730790923,43.0973204568905,-88.00388284004167,43.0467075980639,2020-07-17,2,55.0
55079090100,55079100500,-88.04837730790923,43.0973204568905,-88.02674691869541,43.01326660162138,2020-07-17,1,27.0
55079090100,55079014600,-88.04837730790923,43.0973204568905,-87.93032605572249,43.04237842637439,2020-07-17,1,27.0
55079090100,55079100900,-88.04837730790923,43.0973204568905,-88.05216898532913,43.00959788353506,2020-07-17,1,27.0
55079090100,55079007000,-88.04837730790923,43.0973204568905,-87.91122456687498,43.07424564740019,2020-07-17,1,27.0
55079090100,55079101100,-88.04837730790923,43.0973204568905,-88.04276904850849,42.99420752845147,2020-07-17,1,27.0
55079090100,55079186500,-88.04837730790923,43.0973204568905,-87.9130303085029,43.02319729476483,2020-07-17,2,55.0
55079090100,55079101400,-88.04837730790923,43.0973204568905,-88.02735540531337,43.00631524274058,2020-07-17,1,27.0
55079090100,55079003800,-88.04837730790923,43.0973204568905,-87.97215356169055,43.086187842345545,2020-07-17,1,27.0
55079090100,55079014400,-88.04837730790923,43.0973204568905,-87.90784049253895,43.042413401572134,2020-07-17,1,27.0
55079090100,55079018000,-88.04837730790923,43.0973204568905,-87.8945288084346,43.01098558683315,2020-07-17,1,27.0
55079090100,55079003400,-88.04837730790923,43.0973204568905,-88.02444287795417,43.0934576342605,2020-07-17,4,111.0
55079090100,55079005800,-88.04837730790923,43.0973204568905,-87.99994620357029,43.072303413103626,2020-07-17,1,27.0
55079090100,55079016100,-88.04837730790923,43.0973204568905,-87.95946595975387,43.016089910899275,2020-07-17,1,27.0
55079090100,55079187000,-88.04837730790923,43.0973204568905,-87.88728455831759,43.05530607398437,2020-07-17,1,27.0
55079090100,55079002900,-88.04837730790923,43.0973204568905,-87.98131890013833,43.108341188298006,2020-07-17,1,27.0
55079090100,55079007300,-88.04837730790923,43.0973204568905,-87.88807891595606,43.0779148594549,2020-07-17,1,27.0
55079090100,55079185700,-88.04837730790923,43.0973204568905,-87.91471207902771,43.06752585199898,2020-07-17,1,27.0
55079090100,55079000700,-88.04837730790923,43.0973204568905,-87.99009583376943,43.15588909293765,2020-07-17,1,27.0
55079090100,55079100200,-88.04837730790923,43.0973204568905,-87.99137992566246,43.01460892403096,2020-07-17,1,27.0
55079090100,55079005900,-88.04837730790923,43.0973204568905,-87.98523579862835,43.06821108392844,2020-07-17,1,27.0
55079090100,55079017400,-88.04837730790923,43.0973204568905,-87.9382983850757,43.00476614107047,2020-07-17,1,27.0
55079090100,55079012300,-88.04837730790923,43.0973204568905,-87.96196748080853,43.043599093031496,2020-07-17,1,27.0
55079090100,55079000201,-88.04837730790923,43.0973204568905,-88.0472441211064,43.1799495757708,2020-07-17,3,83.0
55079090100,55079001900,-88.04837730790923,43.0973204568905,-87.98367415791445,43.115686316787006,2020-07-17,2,55.0
55079090100,55079101300,-88.04837730790923,43.0973204568905,-88.02770018483265,42.99907770295741,2020-07-17,1,27.0
55079090100,55079100300,-88.04837730790923,43.0973204568905,-88.00316709835943,43.017354422985534,2020-07-17,1,27.0
55079090100,55079101200,-88.04837730790923,43.0973204568905,-88.02772831407549,42.99180235090393,2020-07-17,1,27.0
55079090100,55079185600,-88.04837730790923,43.0973204568905,-87.91469071944607,43.06026722158336,2020-07-17,1,27.0
55079090100,55079014800,-88.04837730790923,43.0973204568905,-87.9402035907502,43.042125624825495,2020-07-17,1,27.0
55079090100,55079004900,-88.04837730790923,43.0973204568905,-87.97231517837423,43.077061406485264,2020-07-17,1,27.0
55079090100,55079017100,-88.04837730790923,43.0973204568905,-87.95808412992528,43.01056521552099,2020-07-17,1,27.0
55079090100,55079012200,-88.04837730790923,43.0973204568905,-87.95271101560115,43.04866661559741,2020-07-17,1,27.0
55079090100,55079009300,-88.04837730790923,43.0973204568905,-87.98314520393755,43.060746025032145,2020-07-17,2,55.0
55079090100,55079003000,-88.04837730790923,43.0973204568905,-87.99619059962126,43.10851035065769,2020-07-17,1,27.0
55079090100,55079006500,-88.04837730790923,43.0973204568905,-87.94229465456391,43.0797331466399,2020-07-17,1,27.0
55079008000,55079004400,-87.90282982859381,43.067480284048756,-87.90608569163814,43.089298213737145,2020-07-17,3,102.0
55079008000,55079010800,-87.90282982859381,43.067480284048756,-87.88986181293924,43.05733829509928,2020-07-17,2,68.0
55079008000,55079011200,-87.90282982859381,43.067480284048756,-87.89756439120579,43.055476240018415,2020-07-17,1,34.0
55079008000,55079110100,-87.90282982859381,43.067480284048756,-87.9710022364233,43.012448953036525,2020-07-17,2,68.0
55079008000,55079090300,-87.90282982859381,43.067480284048756,-88.0515779905257,43.06739040507833,2020-07-17,1,34.0
55079008000,55079090200,-87.90282982859381,43.067480284048756,-88.05200796218348,43.081902180003375,2020-07-17,1,34.0
55079008000,55079000501,-87.90282982859381,43.067480284048756,-88.04340002069712,43.115390222488664,2020-07-17,1,34.0
55079008000,55079160202,-87.90282982859381,43.067480284048756,-87.87217546542965,42.881379330302295,2020-07-17,1,34.0
55079008000,55079007000,-87.90282982859381,43.067480284048756,-87.91122456687498,43.07424564740019,2020-07-17,2,68.0
55079008000,55079013600,-87.90282982859381,43.067480284048756,-87.9527511611333,43.04369545920421,2020-07-17,1,34.0
55079008000,55079001600,-87.90282982859381,43.067480284048756,-88.01599665750028,43.11588641903863,2020-07-17,1,34.0
55079008000,55079008500,-87.90282982859381,43.067480284048756,-87.9298714910033,43.06776123229879,2020-07-17,1,34.0
55079008000,55079007700,-87.90282982859381,43.067480284048756,-87.88849935823362,43.06389053422122,2020-07-17,1,34.0
55079008000,55079008100,-87.90282982859381,43.067480284048756,-87.90743836658615,43.067471782486706,2020-07-17,6,205.0
55079008000,55079011300,-87.90282982859381,43.067480284048756,-87.90713298111844,43.04890661506502,2020-07-17,1,34.0
55079008000,55079014400,-87.90282982859381,43.067480284048756,-87.90784049253895,43.042413401572134,2020-07-17,1,34.0
55079008000,55079150100,-87.90282982859381,43.067480284048756,-87.97759713310646,42.91424119290261,2020-07-17,1,34.0
55079008000,55079015800,-87.90282982859381,43.067480284048756,-87.93761636287321,43.021659379009066,2020-07-17,3,102.0
55079008000,55079007900,-87.90282982859381,43.067480284048756,-87.89683936352995,43.06599950452746,2020-07-17,6,205.0
55079008000,55079185700,-87.90282982859381,43.067480284048756,-87.91471207902771,43.06752585199898,2020-07-17,2,68.0
55079008000,55079016300,-87.90282982859381,43.067480284048756,-87.93764055272034,43.01572710315665,2020-07-17,1,34.0
55079008000,55079010700,-87.90282982859381,43.067480284048756,-87.90095083433016,43.0597678010215,2020-07-17,6,205.0
55079008000,55079007200,-87.90282982859381,43.067480284048756,-87.89788270005259,43.07774402945858,2020-07-17,1,34.0
55079008000,55079007800,-87.90282982859381,43.067480284048756,-87.88801504624632,43.07075279367613,2020-07-17,1,34.0
55079008000,55079018500,-87.90282982859381,43.067480284048756,-87.91439743752404,42.98441904059949,2020-07-17,1,34.0
55079008000,55079016500,-87.90282982859381,43.067480284048756,-87.91153110922029,43.01579142211555,2020-07-17,1,34.0
55079008000,55079185600,-87.90282982859381,43.067480284048756,-87.91469071944607,43.06026722158336,2020-07-17,1,34.0
55079008000,55079008000,-87.90282982859381,43.067480284048756,-87.90282982859381,43.067480284048756,2020-07-17,42,1438.0
55079008000,55079015900,-87.90282982859381,43.067480284048756,-87.9473669417017,43.02159668337006,2020-07-17,1,34.0
55079008600,55079020000,-87.93517868399437,43.06762170689756,-87.95273620994368,42.98405311376188,2020-07-17,1,14.0
55079008600,55079004300,-87.93517868399437,43.06762170689756,-87.93220867621264,43.094799127568905,2020-07-17,2,29.0
55079008600,55079060200,-87.93517868399437,43.06762170689756,-87.9245165328896,43.11556508690733,2020-07-17,1,14.0
55079008600,55079004400,-87.93517868399437,43.06762170689756,-87.90608569163814,43.089298213737145,2020-07-17,4,58.0
55079008600,55079100700,-87.93517868399437,43.06762170689756,-88.03788629567484,43.0213025080197,2020-07-17,1,14.0
55079008600,55079000101,-87.93517868399437,43.06762170689756,-88.00922083481396,43.18510784936368,2020-07-17,1,14.0
55079008600,55079002300,-87.93517868399437,43.06762170689756,-87.93621856893152,43.105985427841645,2020-07-17,1,14.0
55079008600,55079011400,-87.93517868399437,43.06762170689756,-87.9106574898586,43.05269479350376,2020-07-17,1,14.0
55079008600,55079110100,-87.93517868399437,43.06762170689756,-87.9710022364233,43.012448953036525,2020-07-17,4,58.0
55079008600,55079090300,-87.93517868399437,43.06762170689756,-88.0515779905257,43.06739040507833,2020-07-17,1,14.0
55079008600,55079012400,-87.93517868399437,43.06762170689756,-87.97680856828566,43.04580144948212,2020-07-17,1,14.0
55079008600,55079021700,-87.93517868399437,43.06762170689756,-87.91312462574102,42.94052513723052,2020-07-17,1,14.0
55079008600,55079090200,-87.93517868399437,43.06762170689756,-88.05200796218348,43.081902180003375,2020-07-17,1,14.0
55079008600,55079090900,-87.93517868399437,43.06762170689756,-88.00270912368009,43.06124682618238,2020-07-17,2,29.0
55079008600,55079000501,-87.93517868399437,43.06762170689756,-88.04340002069712,43.115390222488664,2020-07-17,1,14.0
55079008600,55079000302,-87.93517868399437,43.06762170689756,-88.04649688617519,43.13922972061493,2020-07-17,1,14.0
55079008600,55079185300,-87.93517868399437,43.06762170689756,-88.04265402690729,43.049880154873065,2020-07-17,1,14.0
55079008600,55079004600,-87.93517868399437,43.06762170689756,-87.9321086251029,43.08569057130924,2020-07-17,1,14.0
55079008600,55079186800,-87.93517868399437,43.06762170689756,-87.9506670108877,43.02815858561159,2020-07-17,1,14.0
55079008600,55079006000,-87.93517868399437,43.06762170689756,-87.97554005335066,43.067947929210746,2020-07-17,1,14.0
55079008600,55079091200,-87.93517868399437,43.06762170689756,-88.00388284004167,43.0467075980639,2020-07-17,1,14.0
55079008600,55079007000,-87.93517868399437,43.06762170689756,-87.91122456687498,43.07424564740019,2020-07-17,2,29.0
55079008600,55079101100,-87.93517868399437,43.06762170689756,-88.04276904850849,42.99420752845147,2020-07-17,1,14.0
55079008600,55079008500,-87.93517868399437,43.06762170689756,-87.9298714910033,43.06776123229879,2020-07-17,4,58.0
55079008600,55079003600,-87.93517868399437,43.06762170689756,-87.98321131530031,43.092736225323044,2020-07-17,1,14.0
55079008600,55079003400,-87.93517868399437,43.06762170689756,-88.02444287795417,43.0934576342605,2020-07-17,1,14.0
55079008600,55079120201,-87.93517868399437,43.06762170689756,-88.01868214174351,42.96737507435749,2020-07-17,1,14.0
55079008600,55079006300,-87.93517868399437,43.06762170689756,-87.95229119818997,43.07635281761954,2020-07-17,1,14.0
55079008600,55079010700,-87.93517868399437,43.06762170689756,-87.90095083433016,43.0597678010215,2020-07-17,1,14.0
55079008600,55079100200,-87.93517868399437,43.06762170689756,-87.99137992566246,43.01460892403096,2020-07-17,1,14.0
55079008600,55079006600,-87.93517868399437,43.06762170689756,-87.93135214789555,43.075399167305534,2020-07-17,4,58.0
55079008600,55079001300,-87.93517868399437,43.06762170689756,-87.99843350448002,43.126783535933505,2020-07-17,1,14.0
55079008600,55079001700,-87.93517868399437,43.06762170689756,-88.01621221830194,43.10855887721336,2020-07-17,1,14.0
55079008600,55079004200,-87.93517868399437,43.06762170689756,-87.94544782159862,43.09516547779425,2020-07-17,1,14.0
55079008600,55079020500,-87.93517868399437,43.06762170689756,-87.92272370744391,42.988321496925906,2020-07-17,1,14.0
55079008600,55079010600,-87.93517868399437,43.06762170689756,-87.90749884397533,43.060136167504425,2020-07-17,1,14.0
55079008600,55079001900,-87.93517868399437,43.06762170689756,-87.98367415791445,43.115686316787006,2020-07-17,2,29.0
55079008600,55079001100,-87.93517868399437,43.06762170689756,-87.96901390366762,43.127689901740844,2020-07-17,1,14.0
55079008600,55079008900,-87.93517868399437,43.06762170689756,-87.95337828163817,43.06706338271535,2020-07-17,1,14.0
55079008600,55079004100,-87.93517868399437,43.06762170689756,-87.95681147526382,43.0940907627305,2020-07-17,1,14.0
55079008600,55079185600,-87.93517868399437,43.06762170689756,-87.91469071944607,43.06026722158336,2020-07-17,4,58.0
55079008600,55079005100,-87.93517868399437,43.06762170689756,-87.99757698420609,43.08261869423604,2020-07-17,1,14.0
55079008600,55079186100,-87.93517868399437,43.06762170689756,-87.94279275484007,43.048652729679134,2020-07-17,1,14.0
55079008600,55079001000,-87.93517868399437,43.06762170689756,-87.95348314468296,43.12464896388482,2020-07-17,1,14.0
55079008600,55079008400,-87.93517868399437,43.06762170689756,-87.92332577697063,43.067583013115005,2020-07-17,1,14.0
55079008600,55079009900,-87.93517868399437,43.06762170689756,-87.94630275235495,43.060274421469344,2020-07-17,4,58.0
55079008600,55079008600,-87.93517868399437,43.06762170689756,-87.93517868399437,43.06762170689756,2020-07-17,46,670.0
55079008600,55079006500,-87.93517868399437,43.06762170689756,-87.94229465456391,43.0797331466399,2020-07-17,1,14.0
55079008600,55079185400,-87.93517868399437,43.06762170689756,-87.93768935592728,43.06023552955454,2020-07-17,2,29.0
55079008600,55079015900,-87.93517868399437,43.06762170689756,-87.9473669417017,43.02159668337006,2020-07-17,1,14.0
55079008600,55079008700,-87.93517868399437,43.06762170689756,-87.93997122125838,43.06781436915486,2020-07-17,2,29.0
55079009300,55079020000,-87.98314520393755,43.060746025032145,-87.95273620994368,42.98405311376188,2020-07-17,3,83.0
55079009300,55079004300,-87.98314520393755,43.060746025032145,-87.93220867621264,43.094799127568905,2020-07-17,1,27.0
55079009300,55079004400,-87.98314520393755,43.060746025032145,-87.90608569163814,43.089298213737145,2020-07-17,1,27.0
55079009300,55079015700,-87.98314520393755,43.060746025032145,-87.92777138656925,43.021663598322064,2020-07-17,1,27.0
55079009300,55079002300,-87.98314520393755,43.060746025032145,-87.93621856893152,43.105985427841645,2020-07-17,1,27.0
55079009300,55079011400,-87.98314520393755,43.060746025032145,-87.9106574898586,43.05269479350376,2020-07-17,1,27.0
55079009300,55079110100,-87.98314520393755,43.060746025032145,-87.9710022364233,43.012448953036525,2020-07-17,2,55.0
55079009300,55079050101,-87.98314520393755,43.060746025032145,-87.98494662348081,43.17683059907653,2020-07-17,1,27.0
55079009300,55079090300,-87.98314520393755,43.060746025032145,-88.0515779905257,43.06739040507833,2020-07-17,5,139.0
55079009300,55079101600,-87.98314520393755,43.060746025032145,-87.98881839806968,43.003113634057684,2020-07-17,1,27.0
55079009300,55079186300,-87.98314520393755,43.060746025032145,-87.91799927397663,43.040616743150025,2020-07-17,1,27.0
55079009300,55079019100,-87.98314520393755,43.060746025032145,-87.96549351619066,42.982165146288615,2020-07-17,1,27.0
55079009300,55079090900,-87.98314520393755,43.060746025032145,-88.00270912368009,43.06124682618238,2020-07-17,3,83.0
55079009300,55079120203,-87.98314520393755,43.060746025032145,-88.00776394431053,42.95694649923871,2020-07-17,1,27.0
55079009300,55079000501,-87.98314520393755,43.060746025032145,-88.04340002069712,43.115390222488664,2020-07-17,1,27.0
55079009300,55079186000,-87.98314520393755,43.060746025032145,-87.92039854147795,43.053956957431964,2020-07-17,1,27.0
55079009300,55079005300,-87.98314520393755,43.060746025032145,-88.01242727702714,43.07892288175221,2020-07-17,1,27.0
55079009300,55079185300,-87.98314520393755,43.060746025032145,-88.04265402690729,43.049880154873065,2020-07-17,3,83.0
55079009300,55079120502,-87.98314520393755,43.060746025032145,-87.96510992081555,42.95304728304586,2020-07-17,2,55.0
55079009300,55079014700,-87.98314520393755,43.060746025032145,-87.93551340137516,43.042200823908786,2020-07-17,1,27.0
55079009300,55079000800,-87.98314520393755,43.060746025032145,-87.97372753660457,43.14064967469203,2020-07-17,1,27.0
55079009300,55079000502,-87.98314520393755,43.060746025032145,-88.03128731150349,43.12480634966938,2020-07-17,1,27.0
55079009300,55079170200,-87.98314520393755,43.060746025032145,-87.87263683893734,42.92275381108851,2020-07-17,1,27.0
55079009300,55079091200,-87.98314520393755,43.060746025032145,-88.00388284004167,43.0467075980639,2020-07-17,3,83.0
55079009300,55079180400,-87.98314520393755,43.060746025032145,-87.85633588550823,42.93709205888796,2020-07-17,1,27.0
55079009300,55079100900,-87.98314520393755,43.060746025032145,-88.05216898532913,43.00959788353506,2020-07-17,1,27.0
55079009300,55079120101,-87.98314520393755,43.060746025032145,-88.04814010007517,42.95916305909443,2020-07-17,2,55.0
55079009300,55079007700,-87.98314520393755,43.060746025032145,-87.88849935823362,43.06389053422122,2020-07-17,3,83.0
55079009300,55079003600,-87.98314520393755,43.060746025032145,-87.98321131530031,43.092736225323044,2020-07-17,2,55.0
55079009300,55079011300,-87.98314520393755,43.060746025032145,-87.90713298111844,43.04890661506502,2020-07-17,1,27.0
55079009300,55079070200,-87.98314520393755,43.060746025032145,-87.8919112738197,43.1133970416122,2020-07-17,1,27.0
55079009300,55079003400,-87.98314520393755,43.060746025032145,-88.02444287795417,43.0934576342605,2020-07-17,1,27.0
55079009300,55079005500,-87.98314520393755,43.060746025032145,-88.03284541742188,43.08237006688624,2020-07-17,2,55.0
55079009300,55079005800,-87.98314520393755,43.060746025032145,-87.99994620357029,43.072303413103626,2020-07-17,2,55.0
55079009300,55079009400,-87.98314520393755,43.060746025032145,-87.98309572088205,43.053347935581954,2020-07-17,3,83.0
55079009300,55079180300,-87.98314520393755,43.060746025032145,-87.87005593266791,42.951885652862586,2020-07-17,1,27.0
55079009300,55079010700,-87.98314520393755,43.060746025032145,-87.90095083433016,43.0597678010215,2020-07-17,1,27.0
55079009300,55079012600,-87.98314520393755,43.060746025032145,-87.99443577770006,43.034032251200934,2020-07-17,3,83.0
55079009300,55079005200,-87.98314520393755,43.060746025032145,-88.0124256780363,43.086227920709504,2020-07-17,1,27.0
55079009300,55079005900,-87.98314520393755,43.060746025032145,-87.98523579862835,43.06821108392844,2020-07-17,3,83.0
55079009300,55079186600,-87.98314520393755,43.060746025032145,-87.91355022125023,43.001384465822476,2020-07-17,3,83.0
55079009300,55079011000,-87.98314520393755,43.060746025032145,-87.89727240641399,43.050053518943756,2020-07-17,1,27.0
55079009300,55079014900,-87.98314520393755,43.060746025032145,-87.94481830610269,43.03704436935605,2020-07-17,1,27.0
55079009300,55079001500,-87.98314520393755,43.060746025032145,-88.01520145334699,43.123754077777434,2020-07-17,1,27.0
55079009300,55079000201,-87.98314520393755,43.060746025032145,-88.0472441211064,43.1799495757708,2020-07-17,1,27.0
55079009300,55079007800,-87.98314520393755,43.060746025032145,-87.88801504624632,43.07075279367613,2020-07-17,1,27.0
55079009300,55079020500,-87.98314520393755,43.060746025032145,-87.92272370744391,42.988321496925906,2020-07-17,1,27.0
55079009300,55079002600,-87.98314520393755,43.060746025032145,-87.96192834607115,43.10067420371696,2020-07-17,1,27.0
55079009300,55079004100,-87.98314520393755,43.060746025032145,-87.95681147526382,43.0940907627305,2020-07-17,2,55.0
55079009300,55079170100,-87.98314520393755,43.060746025032145,-87.84892368656588,42.919583500675934,2020-07-17,1,27.0
55079009300,55079091000,-87.98314520393755,43.060746025032145,-87.99705672432205,43.06433297165757,2020-07-17,1,27.0
55079009300,55079186200,-87.98314520393755,43.060746025032145,-87.93244814260824,43.04856605375616,2020-07-17,1,27.0
55079009300,55079101200,-87.98314520393755,43.060746025032145,-88.02772831407549,42.99180235090393,2020-07-17,1,27.0
55079009300,55079185600,-87.98314520393755,43.060746025032145,-87.91469071944607,43.06026722158336,2020-07-17,1,27.0
55079009300,55079005100,-87.98314520393755,43.060746025032145,-87.99757698420609,43.08261869423604,2020-07-17,1,27.0
55079009300,55079014800,-87.98314520393755,43.060746025032145,-87.9402035907502,43.042125624825495,2020-07-17,1,27.0
55079009300,55079009200,-87.98314520393755,43.060746025032145,-87.97560474362125,43.06069020349929,2020-07-17,1,27.0
55079009300,55079186100,-87.98314520393755,43.060746025032145,-87.94279275484007,43.048652729679134,2020-07-17,1,27.0
55079009300,55079009300,-87.98314520393755,43.060746025032145,-87.98314520393755,43.060746025032145,2020-07-17,74,2059.0
55079185600,55079060200,-87.91469071944607,43.06026722158336,-87.9245165328896,43.11556508690733,2020-07-17,1,24.0
55079185600,55079004400,-87.91469071944607,43.06026722158336,-87.90608569163814,43.089298213737145,2020-07-17,1,24.0
55079185600,55079004500,-87.91469071944607,43.06026722158336,-87.92226909278084,43.08550885272536,2020-07-17,2,48.0
55079185600,55079002300,-87.91469071944607,43.06026722158336,-87.93621856893152,43.105985427841645,2020-07-17,1,24.0
55079185600,55079011400,-87.91469071944607,43.06026722158336,-87.9106574898586,43.05269479350376,2020-07-17,1,24.0
55079185600,55079018100,-87.91469071944607,43.06026722158336,-87.88469234682039,42.998709042311724,2020-07-17,1,24.0
55079185600,55079090300,-87.91469071944607,43.06026722158336,-88.0515779905257,43.06739040507833,2020-07-17,1,24.0
55079185600,55079186300,-87.91469071944607,43.06026722158336,-87.91799927397663,43.040616743150025,2020-07-17,3,72.0
55079185600,55079090200,-87.91469071944607,43.06026722158336,-88.05200796218348,43.081902180003375,2020-07-17,1,24.0
55079185600,55079000501,-87.91469071944607,43.06026722158336,-88.04340002069712,43.115390222488664,2020-07-17,1,24.0
55079185600,55079186000,-87.91469071944607,43.06026722158336,-87.92039854147795,43.053956957431964,2020-07-17,2,48.0
55079185600,55079185500,-87.91469071944607,43.06026722158336,-87.92624880733425,43.0601763240656,2020-07-17,1,24.0
55079185600,55079185300,-87.91469071944607,43.06026722158336,-88.04265402690729,43.049880154873065,2020-07-17,1,24.0
55079185600,55079160203,-87.91469071944607,43.06026722158336,-87.91638950191752,42.89402789790319,2020-07-17,1,24.0
55079185600,55079160202,-87.91469071944607,43.06026722158336,-87.87217546542965,42.881379330302295,2020-07-17,1,24.0
55079185600,55079007000,-87.91469071944607,43.06026722158336,-87.91122456687498,43.07424564740019,2020-07-17,3,72.0
55079185600,55079101100,-87.91469071944607,43.06026722158336,-88.04276904850849,42.99420752845147,2020-07-17,1,24.0
55079185600,55079001600,-87.91469071944607,43.06026722158336,-88.01599665750028,43.11588641903863,2020-07-17,1,24.0
55079185600,55079007700,-87.91469071944607,43.06026722158336,-87.88849935823362,43.06389053422122,2020-07-17,1,24.0
55079185600,55079003600,-87.91469071944607,43.06026722158336,-87.98321131530031,43.092736225323044,2020-07-17,1,24.0
55079185600,55079011300,-87.91469071944607,43.06026722158336,-87.90713298111844,43.04890661506502,2020-07-17,1,24.0
55079185600,55079003400,-87.91469071944607,43.06026722158336,-88.02444287795417,43.0934576342605,2020-07-17,1,24.0
55079185600,55079002900,-87.91469071944607,43.06026722158336,-87.98131890013833,43.108341188298006,2020-07-17,1,24.0
55079185600,55079080200,-87.91469071944607,43.06026722158336,-87.8877423232882,43.0942616397457,2020-07-17,1,24.0
55079185600,55079185700,-87.91469071944607,43.06026722158336,-87.91471207902771,43.06752585199898,2020-07-17,2,48.0
55079185600,55079004700,-87.91469071944607,43.06026722158336,-87.94760565609727,43.08576787197636,2020-07-17,1,24.0
55079185600,55079002600,-87.91469071944607,43.06026722158336,-87.96192834607115,43.10067420371696,2020-07-17,1,24.0
55079185600,55079009000,-87.91469071944607,43.06026722158336,-87.9610837883489,43.060355868415826,2020-07-17,1,24.0
55079185600,55079013700,-87.91469071944607,43.06026722158336,-87.94529508707278,43.04229912697773,2020-07-17,1,24.0
55079185600,55079001100,-87.91469071944607,43.06026722158336,-87.96901390366762,43.127689901740844,2020-07-17,1,24.0
55079185600,55079185600,-87.91469071944607,43.06026722158336,-87.91469071944607,43.06026722158336,2020-07-17,47,1128.0
55079185600,55079008000,-87.91469071944607,43.06026722158336,-87.90282982859381,43.067480284048756,2020-07-17,1,24.0
55079185600,55079001000,-87.91469071944607,43.06026722158336,-87.95348314468296,43.12464896388482,2020-07-17,3,72.0
55079185600,55079008400,-87.91469071944607,43.06026722158336,-87.92332577697063,43.067583013115005,2020-07-17,1,24.0
55079185600,55079185400,-87.91469071944607,43.06026722158336,-87.93768935592728,43.06023552955454,2020-07-17,1,24.0
55079185600,55079015900,-87.91469071944607,43.06026722158336,-87.9473669417017,43.02159668337006,2020-07-17,1,24.0
55079185600,55079009700,-87.91469071944607,43.06026722158336,-87.95262115062044,43.05393954073114,2020-07-17,1,24.0
55079013700,55079004400,-87.94529508707278,43.04229912697773,-87.90608569163814,43.089298213737145,2020-07-17,1,23.0
55079013700,55079000101,-87.94529508707278,43.04229912697773,-88.00922083481396,43.18510784936368,2020-07-17,1,23.0
55079013700,55079002300,-87.94529508707278,43.04229912697773,-87.93621856893152,43.105985427841645,2020-07-17,1,23.0
55079013700,55079110100,-87.94529508707278,43.04229912697773,-87.9710022364233,43.012448953036525,2020-07-17,2,46.0
55079013700,55079012400,-87.94529508707278,43.04229912697773,-87.97680856828566,43.04580144948212,2020-07-17,1,23.0
55079013700,55079004800,-87.94529508707278,43.04229912697773,-87.96231596301399,43.077035360461494,2020-07-17,2,46.0
55079013700,55079186000,-87.94529508707278,43.04229912697773,-87.92039854147795,43.053956957431964,2020-07-17,1,23.0
55079013700,55079185500,-87.94529508707278,43.04229912697773,-87.92624880733425,43.0601763240656,2020-07-17,1,23.0
55079013700,55079014700,-87.94529508707278,43.04229912697773,-87.93551340137516,43.042200823908786,2020-07-17,2,46.0
55079013700,55079187400,-87.94529508707278,43.04229912697773,-87.90767949876499,43.03217517915639,2020-07-17,1,23.0
55079013700,55079012500,-87.94529508707278,43.04229912697773,-87.97654888060033,43.037091021714275,2020-07-17,1,23.0
55079013700,55079000400,-87.94529508707278,43.04229912697773,-88.05554472050937,43.110954423820296,2020-07-17,1,23.0
55079013700,55079186800,-87.94529508707278,43.04229912697773,-87.9506670108877,43.02815858561159,2020-07-17,2,46.0
55079013700,55079013600,-87.94529508707278,43.04229912697773,-87.9527511611333,43.04369545920421,2020-07-17,1,23.0
55079013700,55079140100,-87.94529508707278,43.04229912697773,-88.0188613886232,42.93745223479677,2020-07-17,1,23.0
55079013700,55079003300,-87.94529508707278,43.04229912697773,-88.0173066794685,43.1010408446094,2020-07-17,1,23.0
55079013700,55079016800,-87.94529508707278,43.04229912697773,-87.92935001478907,43.01036042537408,2020-07-17,1,23.0
55079013700,55079003800,-87.94529508707278,43.04229912697773,-87.97215356169055,43.086187842345545,2020-07-17,1,23.0
55079013700,55079005800,-87.94529508707278,43.04229912697773,-87.99994620357029,43.072303413103626,2020-07-17,1,23.0
55079013700,55079187000,-87.94529508707278,43.04229912697773,-87.88728455831759,43.05530607398437,2020-07-17,1,23.0
55079013700,55079007100,-87.94529508707278,43.04229912697773,-87.90149576859913,43.07383574480911,2020-07-17,2,46.0
55079013700,55079006300,-87.94529508707278,43.04229912697773,-87.95229119818997,43.07635281761954,2020-07-17,1,23.0
55079013700,55079007300,-87.94529508707278,43.04229912697773,-87.88807891595606,43.0779148594549,2020-07-17,1,23.0
55079013700,55079080200,-87.94529508707278,43.04229912697773,-87.8877423232882,43.0942616397457,2020-07-17,1,23.0
55079013700,55079101500,-87.94529508707278,43.04229912697773,-88.00747595996755,43.007126720391405,2020-07-17,1,23.0
55079013700,55079010700,-87.94529508707278,43.04229912697773,-87.90095083433016,43.0597678010215,2020-07-17,1,23.0
55079013700,55079100200,-87.94529508707278,43.04229912697773,-87.99137992566246,43.01460892403096,2020-07-17,1,23.0
55079013700,55079005900,-87.94529508707278,43.04229912697773,-87.98523579862835,43.06821108392844,2020-07-17,1,23.0
55079013700,55079009800,-87.94529508707278,43.04229912697773,-87.95409571434068,43.059778012269526,2020-07-17,1,23.0
55079013700,55079020300,-87.94529508707278,43.04229912697773,-87.92658964497383,42.979242665655576,2020-07-17,1,23.0
55079013700,55079014900,-87.94529508707278,43.04229912697773,-87.94481830610269,43.03704436935605,2020-07-17,2,46.0
55079013700,55079012300,-87.94529508707278,43.04229912697773,-87.96196748080853,43.043599093031496,2020-07-17,1,23.0
55079013700,55079002000,-87.94529508707278,43.04229912697773,-87.96815137233186,43.115621500302275,2020-07-17,2,46.0
55079013700,55079000201,-87.94529508707278,43.04229912697773,-88.0472441211064,43.1799495757708,2020-07-17,2,46.0
55079013700,55079020500,-87.94529508707278,43.04229912697773,-87.92272370744391,42.988321496925906,2020-07-17,1,23.0
55079013700,55079009000,-87.94529508707278,43.04229912697773,-87.9610837883489,43.060355868415826,2020-07-17,1,23.0
55079013700,55079013700,-87.94529508707278,43.04229912697773,-87.94529508707278,43.04229912697773,2020-07-17,56,1295.0
55079013700,55079009600,-87.94529508707278,43.04229912697773,-87.96486502955395,43.05277336645368,2020-07-17,2,46.0
55079013700,55079185800,-87.94529508707278,43.04229912697773,-87.94265216254213,43.0538687550207,2020-07-17,1,23.0
55079013700,55079100300,-87.94529508707278,43.04229912697773,-88.00316709835943,43.017354422985534,2020-07-17,1,23.0
55079013700,55079004900,-87.94529508707278,43.04229912697773,-87.97231517837423,43.077061406485264,2020-07-17,2,46.0
55079013700,55079186100,-87.94529508707278,43.04229912697773,-87.94279275484007,43.048652729679134,2020-07-17,3,69.0
55079013700,55079012900,-87.94529508707278,43.04229912697773,-87.99989477924994,43.028140622580246,2020-07-17,2,46.0
55079013700,55079006400,-87.94529508707278,43.04229912697773,-87.94234792087695,43.07421796319209,2020-07-17,2,46.0
55079013700,55079012200,-87.94529508707278,43.04229912697773,-87.95271101560115,43.04866661559741,2020-07-17,2,46.0
55079013700,55079001000,-87.94529508707278,43.04229912697773,-87.95348314468296,43.12464896388482,2020-07-17,1,23.0
55079013700,55079002200,-87.94529508707278,43.04229912697773,-87.9335870089048,43.11469059411332,2020-07-17,1,23.0
55079013700,55079015900,-87.94529508707278,43.04229912697773,-87.9473669417017,43.02159668337006,2020-07-17,1,23.0
55079013700,55079013500,-87.94529508707278,43.04229912697773,-87.9526122313311,43.040147622140005,2020-07-17,3,69.0
55079013700,55079009700,-87.94529508707278,43.04229912697773,-87.95262115062044,43.05393954073114,2020-07-17,1,23.0
55079001200,55079020000,-87.98620080987179,43.12617611256525,-87.95273620994368,42.98405311376188,2020-07-17,1,22.0
55079001200,55079002100,-87.98620080987179,43.12617611256525,-87.95315716160212,43.115529640428136,2020-07-17,4,91.0
55079001200,55079002400,-87.98620080987179,43.12617611256525,-87.95188617843814,43.106404380820805,2020-07-17,2,45.0
55079001200,55079004300,-87.98620080987179,43.12617611256525,-87.93220867621264,43.094799127568905,2020-07-17,1,22.0
55079001200,55079060200,-87.98620080987179,43.12617611256525,-87.9245165328896,43.11556508690733,2020-07-17,8,182.0
55079001200,55079004500,-87.98620080987179,43.12617611256525,-87.92226909278084,43.08550885272536,2020-07-17,1,22.0
55079001200,55079016200,-87.98620080987179,43.12617611256525,-87.94745090497267,43.01660575920564,2020-07-17,1,22.0
55079001200,55079100100,-87.98620080987179,43.12617611256525,-87.98598444052216,43.01659648927991,2020-07-17,1,22.0
55079001200,55079000101,-87.98620080987179,43.12617611256525,-88.00922083481396,43.18510784936368,2020-07-17,3,68.0
55079001200,55079000102,-87.98620080987179,43.12617611256525,-88.01167859828367,43.164645145767146,2020-07-17,4,91.0
55079001200,55079000202,-87.98620080987179,43.12617611256525,-88.04132965001602,43.160382512849615,2020-07-17,1,22.0
55079001200,55079002300,-87.98620080987179,43.12617611256525,-87.93621856893152,43.105985427841645,2020-07-17,2,45.0
55079001200,55079010800,-87.98620080987179,43.12617611256525,-87.88986181293924,43.05733829509928,2020-07-17,2,45.0
55079001200,55079110100,-87.98620080987179,43.12617611256525,-87.9710022364233,43.012448953036525,2020-07-17,3,68.0
55079001200,55079000600,-87.98620080987179,43.12617611256525,-88.00190569680801,43.14010292722225,2020-07-17,8,182.0
55079001200,55079050101,-87.98620080987179,43.12617611256525,-87.98494662348081,43.17683059907653,2020-07-17,2,45.0
55079001200,55079090300,-87.98620080987179,43.12617611256525,-88.0515779905257,43.06739040507833,2020-07-17,3,68.0
55079001200,55079019100,-87.98620080987179,43.12617611256525,-87.96549351619066,42.982165146288615,2020-07-17,1,22.0
55079001200,55079090200,-87.98620080987179,43.12617611256525,-88.05200796218348,43.081902180003375,2020-07-17,2,45.0
55079001200,55079019400,-87.98620080987179,43.12617611256525,-88.02755647500341,42.984577749923744,2020-07-17,1,22.0
55079001200,55079000501,-87.98620080987179,43.12617611256525,-88.04340002069712,43.115390222488664,2020-07-17,5,114.0
55079001200,55079001200,-87.98620080987179,43.12617611256525,-87.98620080987179,43.12617611256525,2020-07-17,121,2760.0
55079001200,55079003500,-87.98620080987179,43.12617611256525,-87.99830093777771,43.09359369867719,2020-07-17,1,22.0
55079001200,55079186000,-87.98620080987179,43.12617611256525,-87.92039854147795,43.053956957431964,2020-07-17,1,22.0
55079001200,55079003200,-87.98620080987179,43.12617611256525,-88.00111189801154,43.10115852758208,2020-07-17,1,22.0
55079001200,55079060101,-87.98620080987179,43.12617611256525,-87.92535691568614,43.13950788268824,2020-07-17,3,68.0
55079001200,55079000302,-87.98620080987179,43.12617611256525,-88.04649688617519,43.13922972061493,2020-07-17,3,68.0
55079001200,55079000800,-87.98620080987179,43.12617611256525,-87.97372753660457,43.14064967469203,2020-07-17,1,22.0
55079001200,55079004600,-87.98620080987179,43.12617611256525,-87.9321086251029,43.08569057130924,2020-07-17,1,22.0
55079001200,55079000502,-87.98620080987179,43.12617611256525,-88.03128731150349,43.12480634966938,2020-07-17,1,22.0
55079001200,55079006200,-87.98620080987179,43.12617611256525,-87.96097127315564,43.067902782244275,2020-07-17,1,22.0
55079001200,55079186800,-87.98620080987179,43.12617611256525,-87.9506670108877,43.02815858561159,2020-07-17,2,45.0
55079001200,55079091200,-87.98620080987179,43.12617611256525,-88.00388284004167,43.0467075980639,2020-07-17,1,22.0
55079001200,55079020100,-87.98620080987179,43.12617611256525,-87.94099671150566,42.988482506396224,2020-07-17,1,22.0
55079001200,55079006800,-87.98620080987179,43.12617611256525,-87.92500216567623,43.079683301494654,2020-07-17,3,68.0
55079001200,55079100900,-87.98620080987179,43.12617611256525,-88.05216898532913,43.00959788353506,2020-07-17,3,68.0
55079001200,55079186500,-87.98620080987179,43.12617611256525,-87.9130303085029,43.02319729476483,2020-07-17,1,22.0
55079001200,55079003300,-87.98620080987179,43.12617611256525,-88.0173066794685,43.1010408446094,2020-07-17,1,22.0
55079001200,55079008500,-87.98620080987179,43.12617611256525,-87.9298714910033,43.06776123229879,2020-07-17,1,22.0
55079001200,55079030100,-87.98620080987179,43.12617611256525,-87.89837270942148,43.1819862198906,2020-07-17,2,45.0
55079001200,55079003600,-87.98620080987179,43.12617611256525,-87.98321131530031,43.092736225323044,2020-07-17,2,45.0
55079001200,55079100400,-87.98620080987179,43.12617611256525,-88.01166560297426,43.0170103539625,2020-07-17,1,22.0
55079001200,55079001800,-87.98620080987179,43.12617611256525,-87.99853790291819,43.115847306484916,2020-07-17,1,22.0
55079001200,55079003400,-87.98620080987179,43.12617611256525,-88.02444287795417,43.0934576342605,2020-07-17,2,45.0
55079001200,55079050102,-87.98620080987179,43.12617611256525,-87.96743569232115,43.172443064752215,2020-07-17,2,45.0
55079001200,55079006300,-87.98620080987179,43.12617611256525,-87.95229119818997,43.07635281761954,2020-07-17,1,22.0
55079001200,55079000700,-87.98620080987179,43.12617611256525,-87.99009583376943,43.15588909293765,2020-07-17,2,45.0
55079001200,55079100200,-87.98620080987179,43.12617611256525,-87.99137992566246,43.01460892403096,2020-07-17,2,45.0
55079001200,55079017500,-87.98620080987179,43.12617611256525,-87.92965116916102,43.00287441605045,2020-07-17,1,22.0
55079001200,55079005900,-87.98620080987179,43.12617611256525,-87.98523579862835,43.06821108392844,2020-07-17,3,68.0
55079001200,55079007600,-87.98620080987179,43.12617611256525,-87.87859580944733,43.06399812725538,2020-07-17,1,22.0
55079001200,55079000900,-87.98620080987179,43.12617611256525,-87.95566887882444,43.14970170326806,2020-07-17,2,45.0
55079001200,55079001300,-87.98620080987179,43.12617611256525,-87.99843350448002,43.126783535933505,2020-07-17,10,228.0
55079001200,55079001700,-87.98620080987179,43.12617611256525,-88.01621221830194,43.10855887721336,2020-07-17,3,68.0
55079001200,55079004200,-87.98620080987179,43.12617611256525,-87.94544782159862,43.09516547779425,2020-07-17,1,22.0
55079001200,55079186600,-87.98620080987179,43.12617611256525,-87.91355022125023,43.001384465822476,2020-07-17,1,22.0
55079001200,55079001500,-87.98620080987179,43.12617611256525,-88.01520145334699,43.123754077777434,2020-07-17,3,68.0
55079001200,55079000201,-87.98620080987179,43.12617611256525,-88.0472441211064,43.1799495757708,2020-07-17,4,91.0
55079001200,55079004700,-87.98620080987179,43.12617611256525,-87.94760565609727,43.08576787197636,2020-07-17,2,45.0
55079001200,55079018500,-87.98620080987179,43.12617611256525,-87.91439743752404,42.98441904059949,2020-07-17,1,22.0
55079001200,55079016000,-87.98620080987179,43.12617611256525,-87.95725941865898,43.02137414837421,2020-07-17,2,45.0
55079001200,55079002600,-87.98620080987179,43.12617611256525,-87.96192834607115,43.10067420371696,2020-07-17,1,22.0
55079001200,55079000304,-87.98620080987179,43.12617611256525,-88.02644618111368,43.14364069729464,2020-07-17,4,91.0
55079001200,55079001900,-87.98620080987179,43.12617611256525,-87.98367415791445,43.115686316787006,2020-07-17,7,159.0
55079001200,55079001100,-87.98620080987179,43.12617611256525,-87.96901390366762,43.127689901740844,2020-07-17,2,45.0
55079001200,55079101300,-87.98620080987179,43.12617611256525,-88.02770018483265,42.99907770295741,2020-07-17,1,22.0
55079001200,55079008900,-87.98620080987179,43.12617611256525,-87.95337828163817,43.06706338271535,2020-07-17,2,45.0
55079001200,55079013400,-87.98620080987179,43.12617611256525,-87.95356038604784,43.03496530197635,2020-07-17,1,22.0
55079001200,55079091000,-87.98620080987179,43.12617611256525,-87.99705672432205,43.06433297165757,2020-07-17,1,22.0
55079001200,55079186200,-87.98620080987179,43.12617611256525,-87.93244814260824,43.04856605375616,2020-07-17,2,45.0
55079001200,55079100300,-87.98620080987179,43.12617611256525,-88.00316709835943,43.017354422985534,2020-07-17,1,22.0
55079001200,55079005100,-87.98620080987179,43.12617611256525,-87.99757698420609,43.08261869423604,2020-07-17,3,68.0
55079001200,55079060102,-87.98620080987179,43.12617611256525,-87.93974960524739,43.148654535590595,2020-07-17,2,45.0
55079001200,55079009200,-87.98620080987179,43.12617611256525,-87.97560474362125,43.06069020349929,2020-07-17,1,22.0
55079001200,55079005600,-87.98620080987179,43.12617611256525,-88.02758035548169,43.071050112322006,2020-07-17,1,22.0
55079001200,55079000301,-87.98620080987179,43.12617611256525,-88.06021668804352,43.1363311013577,2020-07-17,2,45.0
55079001200,55079006400,-87.98620080987179,43.12617611256525,-87.94234792087695,43.07421796319209,2020-07-17,1,22.0
55079001200,55079001000,-87.98620080987179,43.12617611256525,-87.95348314468296,43.12464896388482,2020-07-17,1,22.0
55079001200,55079009300,-87.98620080987179,43.12617611256525,-87.98314520393755,43.060746025032145,2020-07-17,2,45.0
55079001200,55079185400,-87.98620080987179,43.12617611256525,-87.93768935592728,43.06023552955454,2020-07-17,1,22.0
55079012500,55079020000,-87.97654888060033,43.037091021714275,-87.95273620994368,42.98405311376188,2020-07-17,2,47.0
55079012500,55079060200,-87.97654888060033,43.037091021714275,-87.9245165328896,43.11556508690733,2020-07-17,1,23.0
55079012500,55079004400,-87.97654888060033,43.037091021714275,-87.90608569163814,43.089298213737145,2020-07-17,1,23.0
55079012500,55079015700,-87.97654888060033,43.037091021714275,-87.92777138656925,43.021663598322064,2020-07-17,2,47.0
55079012500,55079100100,-87.97654888060033,43.037091021714275,-87.98598444052216,43.01659648927991,2020-07-17,1,23.0
55079012500,55079011200,-87.97654888060033,43.037091021714275,-87.89756439120579,43.055476240018415,2020-07-17,1,23.0
55079012500,55079011400,-87.97654888060033,43.037091021714275,-87.9106574898586,43.05269479350376,2020-07-17,1,23.0
55079012500,55079110100,-87.97654888060033,43.037091021714275,-87.9710022364233,43.012448953036525,2020-07-17,2,47.0
55079012500,55079021200,-87.97654888060033,43.037091021714275,-87.92101040508955,42.965284697357816,2020-07-17,1,23.0
55079012500,55079090300,-87.97654888060033,43.037091021714275,-88.0515779905257,43.06739040507833,2020-07-17,1,23.0
55079012500,55079186300,-87.97654888060033,43.037091021714275,-87.91799927397663,43.040616743150025,2020-07-17,2,47.0
55079012500,55079012400,-87.97654888060033,43.037091021714275,-87.97680856828566,43.04580144948212,2020-07-17,2,47.0
55079012500,55079021700,-87.97654888060033,43.037091021714275,-87.91312462574102,42.94052513723052,2020-07-17,1,23.0
55079012500,55079070300,-87.97654888060033,43.037091021714275,-87.90380003116019,43.10631443965618,2020-07-17,1,23.0
55079012500,55079090100,-87.97654888060033,43.037091021714275,-88.04837730790923,43.0973204568905,2020-07-17,1,23.0
55079012500,55079090200,-87.97654888060033,43.037091021714275,-88.05200796218348,43.081902180003375,2020-07-17,2,47.0
55079012500,55079120203,-87.97654888060033,43.037091021714275,-88.00776394431053,42.95694649923871,2020-07-17,1,23.0
55079012500,55079170500,-87.97654888060033,43.037091021714275,-87.85764758199707,42.897602993060175,2020-07-17,1,23.0
55079012500,55079003200,-87.97654888060033,43.037091021714275,-88.00111189801154,43.10115852758208,2020-07-17,1,23.0
55079012500,55079090600,-87.97654888060033,43.037091021714275,-88.05435154566402,43.03795832032663,2020-07-17,1,23.0
55079012500,55079185300,-87.97654888060033,43.037091021714275,-88.04265402690729,43.049880154873065,2020-07-17,2,47.0
55079012500,55079187400,-87.97654888060033,43.037091021714275,-87.90767949876499,43.03217517915639,2020-07-17,2,47.0
55079012500,55079012500,-87.97654888060033,43.037091021714275,-87.97654888060033,43.037091021714275,2020-07-17,70,1670.0
55079012500,55079000502,-87.97654888060033,43.037091021714275,-88.03128731150349,43.12480634966938,2020-07-17,1,23.0
55079012500,55079186800,-87.97654888060033,43.037091021714275,-87.9506670108877,43.02815858561159,2020-07-17,1,23.0
55079012500,55079187200,-87.97654888060033,43.037091021714275,-88.00769048889484,42.863813659193866,2020-07-17,2,47.0
55079012500,55079091200,-87.97654888060033,43.037091021714275,-88.00388284004167,43.0467075980639,2020-07-17,10,238.0
55079012500,55079160202,-87.97654888060033,43.037091021714275,-87.87217546542965,42.881379330302295,2020-07-17,1,23.0
55079012500,55079014600,-87.97654888060033,43.037091021714275,-87.93032605572249,43.04237842637439,2020-07-17,2,47.0
55079012500,55079091400,-87.97654888060033,43.037091021714275,-87.99383660813824,43.04031315098078,2020-07-17,3,71.0
55079012500,55079120101,-87.97654888060033,43.037091021714275,-88.04814010007517,42.95916305909443,2020-07-17,2,47.0
55079012500,55079030100,-87.97654888060033,43.037091021714275,-87.89837270942148,43.1819862198906,2020-07-17,2,47.0
55079012500,55079018000,-87.97654888060033,43.037091021714275,-87.8945288084346,43.01098558683315,2020-07-17,1,23.0
55079012500,55079005800,-87.97654888060033,43.037091021714275,-87.99994620357029,43.072303413103626,2020-07-17,1,23.0
55079012500,55079016100,-87.97654888060033,43.037091021714275,-87.95946595975387,43.016089910899275,2020-07-17,1,23.0
55079012500,55079185100,-87.97654888060033,43.037091021714275,-87.86132764015301,42.9760744263621,2020-07-17,1,23.0
55079012500,55079185700,-87.97654888060033,43.037091021714275,-87.91471207902771,43.06752585199898,2020-07-17,1,23.0
55079012500,55079101500,-87.97654888060033,43.037091021714275,-88.00747595996755,43.007126720391405,2020-07-17,1,23.0
55079012500,55079012600,-87.97654888060033,43.037091021714275,-87.99443577770006,43.034032251200934,2020-07-17,3,71.0
55079012500,55079006600,-87.97654888060033,43.037091021714275,-87.93135214789555,43.075399167305534,2020-07-17,1,23.0
55079012500,55079009800,-87.97654888060033,43.037091021714275,-87.95409571434068,43.059778012269526,2020-07-17,1,23.0
55079012500,55079186600,-87.97654888060033,43.037091021714275,-87.91355022125023,43.001384465822476,2020-07-17,1,23.0
55079012500,55079012700,-87.97654888060033,43.037091021714275,-88.0122777504643,43.029662330242175,2020-07-17,1,23.0
55079012500,55079009000,-87.97654888060033,43.037091021714275,-87.9610837883489,43.060355868415826,2020-07-17,1,23.0
55079012500,55079018700,-87.97654888060033,43.037091021714275,-87.92991431934564,42.995583237143,2020-07-17,1,23.0
55079012500,55079009600,-87.97654888060033,43.037091021714275,-87.96486502955395,43.05277336645368,2020-07-17,1,23.0
55079012500,55079013400,-87.97654888060033,43.037091021714275,-87.95356038604784,43.03496530197635,2020-07-17,1,23.0
55079012500,55079100300,-87.97654888060033,43.037091021714275,-88.00316709835943,43.017354422985534,2020-07-17,1,23.0
55079012500,55079186900,-87.97654888060033,43.037091021714275,-87.88804149673794,43.05226526687869,2020-07-17,1,23.0
55079012500,55079004900,-87.97654888060033,43.037091021714275,-87.97231517837423,43.077061406485264,2020-07-17,1,23.0
55079012500,55079012900,-87.97654888060033,43.037091021714275,-87.99989477924994,43.028140622580246,2020-07-17,1,23.0
55079012500,55079009900,-87.97654888060033,43.037091021714275,-87.94630275235495,43.060274421469344,2020-07-17,1,23.0
55079012500,55079013000,-87.97654888060033,43.037091021714275,-87.9876687698922,43.02770173765977,2020-07-17,2,47.0
55079080100,55079004300,-87.89773689723896,43.0955518884228,-87.93220867621264,43.094799127568905,2020-07-17,1,28.0
55079080100,55079060200,-87.89773689723896,43.0955518884228,-87.9245165328896,43.11556508690733,2020-07-17,3,84.0
55079080100,55079004400,-87.89773689723896,43.0955518884228,-87.90608569163814,43.089298213737145,2020-07-17,5,140.0
55079080100,55079160100,-87.89773689723896,43.0955518884228,-87.91471599062149,42.91513941042769,2020-07-17,1,28.0
55079080100,55079186300,-87.89773689723896,43.0955518884228,-87.91799927397663,43.040616743150025,2020-07-17,1,28.0
55079080100,55079070300,-87.89773689723896,43.0955518884228,-87.90380003116019,43.10631443965618,2020-07-17,2,56.0
55079080100,55079160300,-87.89773689723896,43.0955518884228,-87.8893867076047,42.856940087232964,2020-07-17,1,28.0
55079080100,55079004800,-87.89773689723896,43.0955518884228,-87.96231596301399,43.077035360461494,2020-07-17,1,28.0
55079080100,55079060101,-87.89773689723896,43.0955518884228,-87.92535691568614,43.13950788268824,2020-07-17,1,28.0
55079080100,55079090600,-87.89773689723896,43.0955518884228,-88.05435154566402,43.03795832032663,2020-07-17,1,28.0
55079080100,55079080300,-87.89773689723896,43.0955518884228,-87.87475616434764,43.089996653126924,2020-07-17,2,56.0
55079080100,55079185300,-87.89773689723896,43.0955518884228,-88.04265402690729,43.049880154873065,2020-07-17,1,28.0
55079080100,55079014700,-87.89773689723896,43.0955518884228,-87.93551340137516,43.042200823908786,2020-07-17,1,28.0
55079080100,55079150304,-87.89773689723896,43.0955518884228,-88.02760163837803,42.91519132559998,2020-07-17,1,28.0
55079080100,55079080100,-87.89773689723896,43.0955518884228,-87.89773689723896,43.0955518884228,2020-07-17,72,2028.0
55079080100,55079170200,-87.89773689723896,43.0955518884228,-87.87263683893734,42.92275381108851,2020-07-17,1,28.0
55079080100,55079007500,-87.89773689723896,43.0955518884228,-87.87772470520909,43.071061371506396,2020-07-17,2,56.0
55079080100,55079070100,-87.89773689723896,43.0955518884228,-87.9076583493148,43.12063010988105,2020-07-17,1,28.0
55079080100,55079030100,-87.89773689723896,43.0955518884228,-87.89837270942148,43.1819862198906,2020-07-17,1,28.0
55079080100,55079035100,-87.89773689723896,43.0955518884228,-87.89285549776399,43.15380150659221,2020-07-17,1,28.0
55079080100,55079011300,-87.89773689723896,43.0955518884228,-87.90713298111844,43.04890661506502,2020-07-17,1,28.0
55079080100,55079070200,-87.89773689723896,43.0955518884228,-87.8919112738197,43.1133970416122,2020-07-17,2,56.0
55079080100,55079150100,-87.89773689723896,43.0955518884228,-87.97759713310646,42.91424119290261,2020-07-17,1,28.0
55079080100,55079021600,-87.89773689723896,43.0955518884228,-87.92488475274558,42.952251222261935,2020-07-17,2,56.0
55079080100,55079035200,-87.89773689723896,43.0955518884228,-87.9070718018067,43.16012040860922,2020-07-17,4,112.0
55079080100,55079014100,-87.89773689723896,43.0955518884228,-87.92097269793881,43.04863570292668,2020-07-17,1,28.0
55079080100,55079050102,-87.89773689723896,43.0955518884228,-87.96743569232115,43.172443064752215,2020-07-17,4,112.0
55079080100,55079007100,-87.89773689723896,43.0955518884228,-87.90149576859913,43.07383574480911,2020-07-17,1,28.0
55079080100,55079007300,-87.89773689723896,43.0955518884228,-87.88807891595606,43.0779148594549,2020-07-17,2,56.0
55079080100,55079080200,-87.89773689723896,43.0955518884228,-87.8877423232882,43.0942616397457,2020-07-17,14,394.0
55079080100,55079020400,-87.89773689723896,43.0955518884228,-87.9300852632457,42.98834002972675,2020-07-17,2,56.0
55079080100,55079005900,-87.89773689723896,43.0955518884228,-87.98523579862835,43.06821108392844,2020-07-17,1,28.0
55079080100,55079007200,-87.89773689723896,43.0955518884228,-87.89788270005259,43.07774402945858,2020-07-17,1,28.0
55079080100,55079007600,-87.89773689723896,43.0955518884228,-87.87859580944733,43.06399812725538,2020-07-17,1,28.0
55079080100,55079080400,-87.89773689723896,43.0955518884228,-87.88848724040903,43.08594082590386,2020-07-17,9,253.0
55079080100,55079000201,-87.89773689723896,43.0955518884228,-88.0472441211064,43.1799495757708,2020-07-17,1,28.0
55079080100,55079007800,-87.89773689723896,43.0955518884228,-87.88801504624632,43.07075279367613,2020-07-17,2,56.0
55079080100,55079018500,-87.89773689723896,43.0955518884228,-87.91439743752404,42.98441904059949,2020-07-17,1,28.0
55079080100,55079009000,-87.89773689723896,43.0955518884228,-87.9610837883489,43.060355868415826,2020-07-17,1,28.0
55079080100,55079020600,-87.89773689723896,43.0955518884228,-87.90444286867323,42.9810337820488,2020-07-17,1,28.0
55079080100,55079007400,-87.89773689723896,43.0955518884228,-87.87216855868374,43.078043126250115,2020-07-17,1,28.0
55079080100,55079009200,-87.89773689723896,43.0955518884228,-87.97560474362125,43.06069020349929,2020-07-17,1,28.0
55079016900,55079020000,-87.93770785693083,43.00951913559766,-87.95273620994368,42.98405311376188,2020-07-17,4,147.0
55079016900,55079060200,-87.93770785693083,43.00951913559766,-87.9245165328896,43.11556508690733,2020-07-17,1,36.0
55079016900,55079015700,-87.93770785693083,43.00951913559766,-87.92777138656925,43.021663598322064,2020-07-17,1,36.0
55079016900,55079100100,-87.93770785693083,43.00951913559766,-87.98598444052216,43.01659648927991,2020-07-17,1,36.0
55079016900,55079110100,-87.93770785693083,43.00951913559766,-87.9710022364233,43.012448953036525,2020-07-17,3,110.0
55079016900,55079101000,-87.93770785693083,43.00951913559766,-88.05764456171738,42.99173938525954,2020-07-17,1,36.0
55079016900,55079160100,-87.93770785693083,43.00951913559766,-87.91471599062149,42.91513941042769,2020-07-17,1,36.0
55079016900,55079090300,-87.93770785693083,43.00951913559766,-88.0515779905257,43.06739040507833,2020-07-17,1,36.0
55079016900,55079021700,-87.93770785693083,43.00951913559766,-87.91312462574102,42.94052513723052,2020-07-17,1,36.0
55079016900,55079120501,-87.93770785693083,43.00951913559766,-87.96680035551529,42.94072396992586,2020-07-17,1,36.0
55079016900,55079019100,-87.93770785693083,43.00951913559766,-87.96549351619066,42.982165146288615,2020-07-17,1,36.0
55079016900,55079019200,-87.93770785693083,43.00951913559766,-87.9858350139744,42.99282711086924,2020-07-17,1,36.0
55079016900,55079120400,-87.93770785693083,43.00951913559766,-87.96548496050795,42.96670427425607,2020-07-17,1,36.0
55079016900,55079120203,-87.93770785693083,43.00951913559766,-88.00776394431053,42.95694649923871,2020-07-17,4,147.0
55079016900,55079018400,-87.93770785693083,43.00951913559766,-87.90417459790928,42.9917062933768,2020-07-17,4,147.0
55079016900,55079000501,-87.93770785693083,43.00951913559766,-88.04340002069712,43.115390222488664,2020-07-17,1,36.0
55079016900,55079009500,-87.93770785693083,43.00951913559766,-87.97530476217976,43.0530114064315,2020-07-17,1,36.0
55079016900,55079060101,-87.93770785693083,43.00951913559766,-87.92535691568614,43.13950788268824,2020-07-17,1,36.0
55079016900,55079185300,-87.93770785693083,43.00951913559766,-88.04265402690729,43.049880154873065,2020-07-17,2,73.0
55079016900,55079187400,-87.93770785693083,43.00951913559766,-87.90767949876499,43.03217517915639,2020-07-17,1,36.0
55079016900,55079180500,-87.93770785693083,43.00951913559766,-87.87471526249948,42.93725893299447,2020-07-17,1,36.0
55079016900,55079000502,-87.93770785693083,43.00951913559766,-88.03128731150349,43.12480634966938,2020-07-17,3,110.0
55079016900,55079186800,-87.93770785693083,43.00951913559766,-87.9506670108877,43.02815858561159,2020-07-17,2,73.0
55079016900,55079187200,-87.93770785693083,43.00951913559766,-88.00769048889484,42.863813659193866,2020-07-17,1,36.0
55079016900,55079020100,-87.93770785693083,43.00951913559766,-87.94099671150566,42.988482506396224,2020-07-17,2,73.0
55079016900,55079014600,-87.93770785693083,43.00951913559766,-87.93032605572249,43.04237842637439,2020-07-17,1,36.0
55079016900,55079180100,-87.93770785693083,43.00951913559766,-87.84722355247969,42.95102171952154,2020-07-17,2,73.0
55079016900,55079186500,-87.93770785693083,43.00951913559766,-87.9130303085029,43.02319729476483,2020-07-17,2,73.0
55079016900,55079001600,-87.93770785693083,43.00951913559766,-88.01599665750028,43.11588641903863,2020-07-17,1,36.0
55079016900,55079016800,-87.93770785693083,43.00951913559766,-87.92935001478907,43.01036042537408,2020-07-17,5,184.0
55079016900,55079101400,-87.93770785693083,43.00951913559766,-88.02735540531337,43.00631524274058,2020-07-17,1,36.0
55079016900,55079040100,-87.93770785693083,43.00951913559766,-87.93527423095499,43.17163768621121,2020-07-17,1,36.0
55079016900,55079003800,-87.93770785693083,43.00951913559766,-87.97215356169055,43.086187842345545,2020-07-17,1,36.0
55079016900,55079014400,-87.93770785693083,43.00951913559766,-87.90784049253895,43.042413401572134,2020-07-17,1,36.0
55079016900,55079150100,-87.93770785693083,43.00951913559766,-87.97759713310646,42.91424119290261,2020-07-17,4,147.0
55079016900,55079021600,-87.93770785693083,43.00951913559766,-87.92488475274558,42.952251222261935,2020-07-17,1,36.0
55079016900,55079001800,-87.93770785693083,43.00951913559766,-87.99853790291819,43.115847306484916,2020-07-17,1,36.0
55079016900,55079120102,-87.93770785693083,43.00951913559766,-88.04966546230908,42.97409794368699,2020-07-17,1,36.0
55079016900,55079050102,-87.93770785693083,43.00951913559766,-87.96743569232115,43.172443064752215,2020-07-17,1,36.0
55079016900,55079180300,-87.93770785693083,43.00951913559766,-87.87005593266791,42.951885652862586,2020-07-17,3,110.0
55079016900,55079015800,-87.93770785693083,43.00951913559766,-87.93761636287321,43.021659379009066,2020-07-17,1,36.0
55079016900,55079019500,-87.93770785693083,43.00951913559766,-88.02769031152603,42.97732706705707,2020-07-17,1,36.0
55079016900,55079020700,-87.93770785693083,43.00951913559766,-87.89282968229121,42.980391637955094,2020-07-17,2,73.0
55079016900,55079185700,-87.93770785693083,43.00951913559766,-87.91471207902771,43.06752585199898,2020-07-17,1,36.0
55079016900,55079016300,-87.93770785693083,43.00951913559766,-87.93764055272034,43.01572710315665,2020-07-17,2,73.0
55079016900,55079101700,-87.93770785693083,43.00951913559766,-88.00697190300957,43.00173437379505,2020-07-17,1,36.0
55079016900,55079020400,-87.93770785693083,43.00951913559766,-87.9300852632457,42.98834002972675,2020-07-17,3,110.0
55079016900,55079017500,-87.93770785693083,43.00951913559766,-87.92965116916102,43.00287441605045,2020-07-17,5,184.0
55079016900,55079016700,-87.93770785693083,43.00951913559766,-87.92209519609614,43.010301162214034,2020-07-17,2,73.0
55079016900,55079018800,-87.93770785693083,43.00951913559766,-87.94058386370827,42.99929639057026,2020-07-17,3,110.0
55079016900,55079186600,-87.93770785693083,43.00951913559766,-87.91355022125023,43.001384465822476,2020-07-17,6,221.0
55079016900,55079018200,-87.93770785693083,43.00951913559766,-87.87369831321716,42.99249911585218,2020-07-17,2,73.0
55079016900,55079018500,-87.93770785693083,43.00951913559766,-87.91439743752404,42.98441904059949,2020-07-17,4,147.0
55079016900,55079020200,-87.93770785693083,43.00951913559766,-87.94112496275925,42.977527635995024,2020-07-17,1,36.0
55079016900,55079018600,-87.93770785693083,43.00951913559766,-87.92255649026754,42.995575414800356,2020-07-17,1,36.0
55079016900,55079016000,-87.93770785693083,43.00951913559766,-87.95725941865898,43.02137414837421,2020-07-17,1,36.0
55079016900,55079016400,-87.93770785693083,43.00951913559766,-87.92777599229481,43.01665943799343,2020-07-17,1,36.0
55079016900,55079009000,-87.93770785693083,43.00951913559766,-87.9610837883489,43.060355868415826,2020-07-17,1,36.0
55079016900,55079017600,-87.93770785693083,43.00951913559766,-87.92236059293215,43.00280872383964,2020-07-17,1,36.0
55079016900,55079011100,-87.93770785693083,43.00951913559766,-87.90155963599153,43.04933924860895,2020-07-17,1,36.0
55079016900,55079170100,-87.93770785693083,43.00951913559766,-87.84892368656588,42.919583500675934,2020-07-17,2,73.0
55079016900,55079185600,-87.93770785693083,43.00951913559766,-87.91469071944607,43.06026722158336,2020-07-17,1,36.0
55079016900,55079016900,-87.93770785693083,43.00951913559766,-87.93770785693083,43.00951913559766,2020-07-17,86,3179.0
55079016900,55079017100,-87.93770785693083,43.00951913559766,-87.95808412992528,43.01056521552099,2020-07-17,2,73.0
55079016900,55079017000,-87.93770785693083,43.00951913559766,-87.9475259715867,43.01041841584858,2020-07-17,4,147.0
55079016900,55079017200,-87.93770785693083,43.00951913559766,-87.95621680562614,43.002904101727246,2020-07-17,1,36.0
55079016900,55079015900,-87.93770785693083,43.00951913559766,-87.9473669417017,43.02159668337006,2020-07-17,1,36.0
55079070300,55079002100,-87.90380003116019,43.10631443965618,-87.95315716160212,43.115529640428136,2020-07-17,1,24.0
55079070300,55079002400,-87.90380003116019,43.10631443965618,-87.95188617843814,43.106404380820805,2020-07-17,1,24.0
55079070300,55079060200,-87.90380003116019,43.10631443965618,-87.9245165328896,43.11556508690733,2020-07-17,13,322.0
55079070300,55079004400,-87.90380003116019,43.10631443965618,-87.90608569163814,43.089298213737145,2020-07-17,11,273.0
55079070300,55079091300,-87.90380003116019,43.10631443965618,-88.0097444924032,43.037871666045895,2020-07-17,1,24.0
55079070300,55079000101,-87.90380003116019,43.10631443965618,-88.00922083481396,43.18510784936368,2020-07-17,1,24.0
55079070300,55079000102,-87.90380003116019,43.10631443965618,-88.01167859828367,43.164645145767146,2020-07-17,1,24.0
55079070300,55079000202,-87.90380003116019,43.10631443965618,-88.04132965001602,43.160382512849615,2020-07-17,1,24.0
55079070300,55079160100,-87.90380003116019,43.10631443965618,-87.91471599062149,42.91513941042769,2020-07-17,1,24.0
55079070300,55079000600,-87.90380003116019,43.10631443965618,-88.00190569680801,43.14010292722225,2020-07-17,3,74.0
55079070300,55079050101,-87.90380003116019,43.10631443965618,-87.98494662348081,43.17683059907653,2020-07-17,3,74.0
55079070300,55079090300,-87.90380003116019,43.10631443965618,-88.0515779905257,43.06739040507833,2020-07-17,1,24.0
55079070300,55079186300,-87.90380003116019,43.10631443965618,-87.91799927397663,43.040616743150025,2020-07-17,1,24.0
55079070300,55079021700,-87.90380003116019,43.10631443965618,-87.91312462574102,42.94052513723052,2020-07-17,1,24.0
55079070300,55079120501,-87.90380003116019,43.10631443965618,-87.96680035551529,42.94072396992586,2020-07-17,1,24.0
55079070300,55079070300,-87.90380003116019,43.10631443965618,-87.90380003116019,43.10631443965618,2020-07-17,172,4272.0
55079070300,55079170500,-87.90380003116019,43.10631443965618,-87.85764758199707,42.897602993060175,2020-07-17,1,24.0
55079070300,55079009500,-87.90380003116019,43.10631443965618,-87.97530476217976,43.0530114064315,2020-07-17,1,24.0
55079070300,55079186000,-87.90380003116019,43.10631443965618,-87.92039854147795,43.053956957431964,2020-07-17,1,24.0
55079070300,55079060101,-87.90380003116019,43.10631443965618,-87.92535691568614,43.13950788268824,2020-07-17,6,149.0
55079070300,55079080300,-87.90380003116019,43.10631443965618,-87.87475616434764,43.089996653126924,2020-07-17,1,24.0
55079070300,55079187400,-87.90380003116019,43.10631443965618,-87.90767949876499,43.03217517915639,2020-07-17,5,124.0
55079070300,55079180500,-87.90380003116019,43.10631443965618,-87.87471526249948,42.93725893299447,2020-07-17,1,24.0
55079070300,55079080100,-87.90380003116019,43.10631443965618,-87.89773689723896,43.0955518884228,2020-07-17,2,49.0
55079070300,55079160203,-87.90380003116019,43.10631443965618,-87.91638950191752,42.89402789790319,2020-07-17,1,24.0
55079070300,55079020100,-87.90380003116019,43.10631443965618,-87.94099671150566,42.988482506396224,2020-07-17,1,24.0
55079070300,55079180400,-87.90380003116019,43.10631443965618,-87.85633588550823,42.93709205888796,2020-07-17,2,49.0
55079070300,55079017900,-87.90380003116019,43.10631443965618,-87.90503327479618,42.998772533253295,2020-07-17,1,24.0
55079070300,55079186500,-87.90380003116019,43.10631443965618,-87.9130303085029,43.02319729476483,2020-07-17,1,24.0
55079070300,55079070100,-87.90380003116019,43.10631443965618,-87.9076583493148,43.12063010988105,2020-07-17,23,571.0
55079070300,55079030100,-87.90380003116019,43.10631443965618,-87.89837270942148,43.1819862198906,2020-07-17,2,49.0
55079070300,55079035100,-87.90380003116019,43.10631443965618,-87.89285549776399,43.15380150659221,2020-07-17,1,24.0
55079070300,55079011300,-87.90380003116019,43.10631443965618,-87.90713298111844,43.04890661506502,2020-07-17,1,24.0
55079070300,55079014400,-87.90380003116019,43.10631443965618,-87.90784049253895,43.042413401572134,2020-07-17,2,49.0
55079070300,55079070200,-87.90380003116019,43.10631443965618,-87.8919112738197,43.1133970416122,2020-07-17,26,645.0
55079070300,55079003400,-87.90380003116019,43.10631443965618,-88.02444287795417,43.0934576342605,2020-07-17,1,24.0
55079070300,55079035200,-87.90380003116019,43.10631443965618,-87.9070718018067,43.16012040860922,2020-07-17,6,149.0
55079070300,55079185100,-87.90380003116019,43.10631443965618,-87.86132764015301,42.9760744263621,2020-07-17,1,24.0
55079070300,55079080200,-87.90380003116019,43.10631443965618,-87.8877423232882,43.0942616397457,2020-07-17,7,173.0
55079070300,55079000700,-87.90380003116019,43.10631443965618,-87.99009583376943,43.15588909293765,2020-07-17,1,24.0
55079070300,55079100200,-87.90380003116019,43.10631443965618,-87.99137992566246,43.01460892403096,2020-07-17,2,49.0
55079070300,55079007600,-87.90380003116019,43.10631443965618,-87.87859580944733,43.06399812725538,2020-07-17,3,74.0
55079070300,55079000900,-87.90380003116019,43.10631443965618,-87.95566887882444,43.14970170326806,2020-07-17,2,49.0
55079070300,55079080400,-87.90380003116019,43.10631443965618,-87.88848724040903,43.08594082590386,2020-07-17,2,49.0
55079070300,55079020500,-87.90380003116019,43.10631443965618,-87.92272370744391,42.988321496925906,2020-07-17,1,24.0
55079070300,55079020200,-87.90380003116019,43.10631443965618,-87.94112496275925,42.977527635995024,2020-07-17,1,24.0
55079070300,55079014300,-87.90380003116019,43.10631443965618,-87.90101539256612,43.042731429373134,2020-07-17,2,49.0
55079070300,55079011100,-87.90380003116019,43.10631443965618,-87.90155963599153,43.04933924860895,2020-07-17,1,24.0
55079070300,55079186900,-87.90380003116019,43.10631443965618,-87.88804149673794,43.05226526687869,2020-07-17,1,24.0
55079070300,55079185200,-87.90380003116019,43.10631443965618,-87.88193798921913,42.967674094622936,2020-07-17,1,24.0
55079091400,55079020000,-87.99383660813824,43.04031315098078,-87.95273620994368,42.98405311376188,2020-07-17,1,22.0
55079091400,55079012800,-87.99383660813824,43.04031315098078,-88.03145321223326,43.03059221584991,2020-07-17,1,22.0
55079091400,55079091300,-87.99383660813824,43.04031315098078,-88.0097444924032,43.037871666045895,2020-07-17,2,45.0
55079091400,55079000600,-87.99383660813824,43.04031315098078,-88.00190569680801,43.14010292722225,2020-07-17,2,45.0
55079091400,55079090300,-87.99383660813824,43.04031315098078,-88.0515779905257,43.06739040507833,2020-07-17,2,45.0
55079091400,55079090100,-87.99383660813824,43.04031315098078,-88.04837730790923,43.0973204568905,2020-07-17,3,68.0
55079091400,55079090900,-87.99383660813824,43.04031315098078,-88.00270912368009,43.06124682618238,2020-07-17,2,45.0
55079091400,55079170500,-87.99383660813824,43.04031315098078,-87.85764758199707,42.897602993060175,2020-07-17,1,22.0
55079091400,55079185300,-87.99383660813824,43.04031315098078,-88.04265402690729,43.049880154873065,2020-07-17,6,137.0
55079091400,55079187400,-87.99383660813824,43.04031315098078,-87.90767949876499,43.03217517915639,2020-07-17,2,45.0
55079091400,55079091200,-87.99383660813824,43.04031315098078,-88.00388284004167,43.0467075980639,2020-07-17,11,252.0
55079091400,55079140100,-87.99383660813824,43.04031315098078,-88.0188613886232,42.93745223479677,2020-07-17,1,22.0
55079091400,55079140201,-87.99383660813824,43.04031315098078,-87.99911426080601,42.93902100763907,2020-07-17,1,22.0
55079091400,55079091400,-87.99383660813824,43.04031315098078,-87.99383660813824,43.04031315098078,2020-07-17,62,1424.0
55079091400,55079017900,-87.99383660813824,43.04031315098078,-87.90503327479618,42.998772533253295,2020-07-17,1,22.0
55079091400,55079003300,-87.99383660813824,43.04031315098078,-88.0173066794685,43.1010408446094,2020-07-17,1,22.0
55079091400,55079091100,-87.99383660813824,43.04031315098078,-88.00381885772617,43.05493775558714,2020-07-17,3,68.0
55079091400,55079035100,-87.99383660813824,43.04031315098078,-87.89285549776399,43.15380150659221,2020-07-17,1,22.0
55079091400,55079130100,-87.99383660813824,43.04031315098078,-88.04407902007586,42.942752065148895,2020-07-17,1,22.0
55079091400,55079009400,-87.99383660813824,43.04031315098078,-87.98309572088205,43.053347935581954,2020-07-17,2,45.0
55079091400,55079019500,-87.99383660813824,43.04031315098078,-88.02769031152603,42.97732706705707,2020-07-17,1,22.0
55079091400,55079017500,-87.99383660813824,43.04031315098078,-87.92965116916102,43.00287441605045,2020-07-17,1,22.0
55079091400,55079012600,-87.99383660813824,43.04031315098078,-87.99443577770006,43.034032251200934,2020-07-17,4,91.0
55079091400,55079000900,-87.99383660813824,43.04031315098078,-87.95566887882444,43.14970170326806,2020-07-17,1,22.0
55079091400,55079001300,-87.99383660813824,43.04031315098078,-87.99843350448002,43.126783535933505,2020-07-17,1,22.0
55079091400,55079012700,-87.99383660813824,43.04031315098078,-88.0122777504643,43.029662330242175,2020-07-17,1,22.0
55079091400,55079016500,-87.99383660813824,43.04031315098078,-87.91153110922029,43.01579142211555,2020-07-17,1,22.0
55079091400,55079017600,-87.99383660813824,43.04031315098078,-87.92236059293215,43.00280872383964,2020-07-17,1,22.0
55079091400,55079090700,-87.99383660813824,43.04031315098078,-88.02545440842808,43.059193901469925,2020-07-17,1,22.0
55079091400,55079101300,-87.99383660813824,43.04031315098078,-88.02770018483265,42.99907770295741,2020-07-17,1,22.0
55079091400,55079170100,-87.99383660813824,43.04031315098078,-87.84892368656588,42.919583500675934,2020-07-17,1,22.0
55079091400,55079016900,-87.99383660813824,43.04031315098078,-87.93770785693083,43.00951913559766,2020-07-17,1,22.0
55079110100,55079020000,-87.9710022364233,43.012448953036525,-87.95273620994368,42.98405311376188,2020-07-17,2,40.0
55079110100,55079004300,-87.9710022364233,43.012448953036525,-87.93220867621264,43.094799127568905,2020-07-17,2,40.0
55079110100,55079012800,-87.9710022364233,43.012448953036525,-88.03145321223326,43.03059221584991,2020-07-17,2,40.0
55079110100,55079015700,-87.9710022364233,43.012448953036525,-87.92777138656925,43.021663598322064,2020-07-17,2,40.0
55079110100,55079019000,-87.9710022364233,43.012448953036525,-87.967877289968,42.995496154489715,2020-07-17,1,20.0
55079110100,55079100100,-87.9710022364233,43.012448953036525,-87.98598444052216,43.01659648927991,2020-07-17,7,141.0
55079110100,55079010800,-87.9710022364233,43.012448953036525,-87.88986181293924,43.05733829509928,2020-07-17,1,20.0
55079110100,55079011200,-87.9710022364233,43.012448953036525,-87.89756439120579,43.055476240018415,2020-07-17,2,40.0
55079110100,55079110100,-87.9710022364233,43.012448953036525,-87.9710022364233,43.012448953036525,2020-07-17,180,3646.0
55079110100,55079101000,-87.9710022364233,43.012448953036525,-88.05764456171738,42.99173938525954,2020-07-17,4,81.0
55079110100,55079160100,-87.9710022364233,43.012448953036525,-87.91471599062149,42.91513941042769,2020-07-17,1,20.0
55079110100,55079050101,-87.9710022364233,43.012448953036525,-87.98494662348081,43.17683059907653,2020-07-17,2,40.0
55079110100,55079101600,-87.9710022364233,43.012448953036525,-87.98881839806968,43.003113634057684,2020-07-17,2,40.0
55079110100,55079186300,-87.9710022364233,43.012448953036525,-87.91799927397663,43.040616743150025,2020-07-17,2,40.0
55079110100,55079021700,-87.9710022364233,43.012448953036525,-87.91312462574102,42.94052513723052,2020-07-17,2,40.0
55079110100,55079120501,-87.9710022364233,43.012448953036525,-87.96680035551529,42.94072396992586,2020-07-17,1,20.0
55079110100,55079019200,-87.9710022364233,43.012448953036525,-87.9858350139744,42.99282711086924,2020-07-17,1,20.0
55079110100,55079090200,-87.9710022364233,43.012448953036525,-88.05200796218348,43.081902180003375,2020-07-17,2,40.0
55079110100,55079090900,-87.9710022364233,43.012448953036525,-88.00270912368009,43.06124682618238,2020-07-17,1,20.0
55079110100,55079120400,-87.9710022364233,43.012448953036525,-87.96548496050795,42.96670427425607,2020-07-17,3,60.0
55079110100,55079120203,-87.9710022364233,43.012448953036525,-88.00776394431053,42.95694649923871,2020-07-17,1,20.0
55079110100,55079170500,-87.9710022364233,43.012448953036525,-87.85764758199707,42.897602993060175,2020-07-17,1,20.0
55079110100,55079018400,-87.9710022364233,43.012448953036525,-87.90417459790928,42.9917062933768,2020-07-17,1,20.0
55079110100,55079160300,-87.9710022364233,43.012448953036525,-87.8893867076047,42.856940087232964,2020-07-17,1,20.0
55079110100,55079017300,-87.9710022364233,43.012448953036525,-87.94877202549131,43.0036525046766,2020-07-17,1,20.0
55079110100,55079003500,-87.9710022364233,43.012448953036525,-87.99830093777771,43.09359369867719,2020-07-17,1,20.0
55079110100,55079004800,-87.9710022364233,43.012448953036525,-87.96231596301399,43.077035360461494,2020-07-17,1,20.0
55079110100,55079003200,-87.9710022364233,43.012448953036525,-88.00111189801154,43.10115852758208,2020-07-17,1,20.0
55079110100,55079021400,-87.9710022364233,43.012448953036525,-87.93891709359613,42.96295890378409,2020-07-17,1,20.0
55079110100,55079090600,-87.9710022364233,43.012448953036525,-88.05435154566402,43.03795832032663,2020-07-17,1,20.0
55079110100,55079185300,-87.9710022364233,43.012448953036525,-88.04265402690729,43.049880154873065,2020-07-17,2,40.0
55079110100,55079120502,-87.9710022364233,43.012448953036525,-87.96510992081555,42.95304728304586,2020-07-17,1,20.0
55079110100,55079014700,-87.9710022364233,43.012448953036525,-87.93551340137516,43.042200823908786,2020-07-17,1,20.0
55079110100,55079187400,-87.9710022364233,43.012448953036525,-87.90767949876499,43.03217517915639,2020-07-17,2,40.0
55079110100,55079150304,-87.9710022364233,43.012448953036525,-88.02760163837803,42.91519132559998,2020-07-17,1,20.0
55079110100,55079180500,-87.9710022364233,43.012448953036525,-87.87471526249948,42.93725893299447,2020-07-17,1,20.0
55079110100,55079012500,-87.9710022364233,43.012448953036525,-87.97654888060033,43.037091021714275,2020-07-17,1,20.0
55079110100,55079160204,-87.9710022364233,43.012448953036525,-87.9317944903397,42.879700165258704,2020-07-17,5,101.0
55079110100,55079186800,-87.9710022364233,43.012448953036525,-87.9506670108877,43.02815858561159,2020-07-17,7,141.0
55079110100,55079187200,-87.9710022364233,43.012448953036525,-88.00769048889484,42.863813659193866,2020-07-17,2,40.0
55079110100,55079160203,-87.9710022364233,43.012448953036525,-87.91638950191752,42.89402789790319,2020-07-17,2,40.0
55079110100,55079020100,-87.9710022364233,43.012448953036525,-87.94099671150566,42.988482506396224,2020-07-17,1,20.0
55079110100,55079160202,-87.9710022364233,43.012448953036525,-87.87217546542965,42.881379330302295,2020-07-17,1,20.0
55079110100,55079006800,-87.9710022364233,43.012448953036525,-87.92500216567623,43.079683301494654,2020-07-17,1,20.0
55079110100,55079014600,-87.9710022364233,43.012448953036525,-87.93032605572249,43.04237842637439,2020-07-17,1,20.0
55079110100,55079100900,-87.9710022364233,43.012448953036525,-88.05216898532913,43.00959788353506,2020-07-17,1,20.0
55079110100,55079101100,-87.9710022364233,43.012448953036525,-88.04276904850849,42.99420752845147,2020-07-17,4,81.0
55079110100,55079140100,-87.9710022364233,43.012448953036525,-88.0188613886232,42.93745223479677,2020-07-17,1,20.0
55079110100,55079017900,-87.9710022364233,43.012448953036525,-87.90503327479618,42.998772533253295,2020-07-17,3,60.0
55079110100,55079186500,-87.9710022364233,43.012448953036525,-87.9130303085029,43.02319729476483,2020-07-17,3,60.0
55079110100,55079016800,-87.9710022364233,43.012448953036525,-87.92935001478907,43.01036042537408,2020-07-17,2,40.0
55079110100,55079120101,-87.9710022364233,43.012448953036525,-88.04814010007517,42.95916305909443,2020-07-17,3,60.0
55079110100,55079070100,-87.9710022364233,43.012448953036525,-87.9076583493148,43.12063010988105,2020-07-17,1,20.0
55079110100,55079003600,-87.9710022364233,43.012448953036525,-87.98321131530031,43.092736225323044,2020-07-17,1,20.0
55079110100,55079014400,-87.9710022364233,43.012448953036525,-87.90784049253895,43.042413401572134,2020-07-17,1,20.0
55079110100,55079100400,-87.9710022364233,43.012448953036525,-88.01166560297426,43.0170103539625,2020-07-17,1,20.0
55079110100,55079070200,-87.9710022364233,43.012448953036525,-87.8919112738197,43.1133970416122,2020-07-17,1,20.0
55079110100,55079150100,-87.9710022364233,43.012448953036525,-87.97759713310646,42.91424119290261,2020-07-17,1,20.0
55079110100,55079016100,-87.9710022364233,43.012448953036525,-87.95946595975387,43.016089910899275,2020-07-17,2,40.0
55079110100,55079016600,-87.9710022364233,43.012448953036525,-87.9139279223807,43.010028166006215,2020-07-17,2,40.0
55079110100,55079130100,-87.9710022364233,43.012448953036525,-88.04407902007586,42.942752065148895,2020-07-17,1,20.0
55079110100,55079100800,-87.9710022364233,43.012448953036525,-88.05710943935104,43.023654444193184,2020-07-17,3,60.0
55079110100,55079180300,-87.9710022364233,43.012448953036525,-87.87005593266791,42.951885652862586,2020-07-17,2,40.0
55079110100,55079015800,-87.9710022364233,43.012448953036525,-87.93761636287321,43.021659379009066,2020-07-17,1,20.0
55079110100,55079020700,-87.9710022364233,43.012448953036525,-87.89282968229121,42.980391637955094,2020-07-17,2,40.0
55079110100,55079185700,-87.9710022364233,43.012448953036525,-87.91471207902771,43.06752585199898,2020-07-17,1,20.0
55079110100,55079016300,-87.9710022364233,43.012448953036525,-87.93764055272034,43.01572710315665,2020-07-17,2,40.0
55079110100,55079101500,-87.9710022364233,43.012448953036525,-88.00747595996755,43.007126720391405,2020-07-17,1,20.0
55079110100,55079101700,-87.9710022364233,43.012448953036525,-88.00697190300957,43.00173437379505,2020-07-17,1,20.0
55079110100,55079020400,-87.9710022364233,43.012448953036525,-87.9300852632457,42.98834002972675,2020-07-17,1,20.0
55079110100,55079100200,-87.9710022364233,43.012448953036525,-87.99137992566246,43.01460892403096,2020-07-17,10,202.0
55079110100,55079005700,-87.9710022364233,43.012448953036525,-88.01309831915184,43.07138814037072,2020-07-17,1,20.0
55079110100,55079017500,-87.9710022364233,43.012448953036525,-87.92965116916102,43.00287441605045,2020-07-17,1,20.0
55079110100,55079012600,-87.9710022364233,43.012448953036525,-87.99443577770006,43.034032251200934,2020-07-17,1,20.0
55079110100,55079007600,-87.9710022364233,43.012448953036525,-87.87859580944733,43.06399812725538,2020-07-17,1,20.0
55079110100,55079016700,-87.9710022364233,43.012448953036525,-87.92209519609614,43.010301162214034,2020-07-17,1,20.0
55079110100,55079018800,-87.9710022364233,43.012448953036525,-87.94058386370827,42.99929639057026,2020-07-17,1,20.0
55079110100,55079186600,-87.9710022364233,43.012448953036525,-87.91355022125023,43.001384465822476,2020-07-17,2,40.0
55079110100,55079003900,-87.9710022364233,43.012448953036525,-87.96215160813261,43.086172227530916,2020-07-17,2,40.0
55079110100,55079000201,-87.9710022364233,43.012448953036525,-88.0472441211064,43.1799495757708,2020-07-17,2,40.0
55079110100,55079007800,-87.9710022364233,43.012448953036525,-87.88801504624632,43.07075279367613,2020-07-17,1,20.0
55079110100,55079018500,-87.9710022364233,43.012448953036525,-87.91439743752404,42.98441904059949,2020-07-17,2,40.0
55079110100,55079021500,-87.9710022364233,43.012448953036525,-87.94398245259515,42.952098604888974,2020-07-17,1,20.0
55079110100,55079020200,-87.9710022364233,43.012448953036525,-87.94112496275925,42.977527635995024,2020-07-17,2,40.0
55079110100,55079018600,-87.9710022364233,43.012448953036525,-87.92255649026754,42.995575414800356,2020-07-17,1,20.0
55079110100,55079016000,-87.9710022364233,43.012448953036525,-87.95725941865898,43.02137414837421,2020-07-17,1,20.0
55079110100,55079019800,-87.9710022364233,43.012448953036525,-87.98973307517815,42.982078809345225,2020-07-17,2,40.0
55079110100,55079016400,-87.9710022364233,43.012448953036525,-87.92777599229481,43.01665943799343,2020-07-17,1,20.0
55079110100,55079002600,-87.9710022364233,43.012448953036525,-87.96192834607115,43.10067420371696,2020-07-17,1,20.0
55079110100,55079009100,-87.9710022364233,43.012448953036525,-87.96852806703085,43.060675408064526,2020-07-17,1,20.0
55079110100,55079016500,-87.9710022364233,43.012448953036525,-87.91153110922029,43.01579142211555,2020-07-17,1,20.0
55079110100,55079017600,-87.9710022364233,43.012448953036525,-87.92236059293215,43.00280872383964,2020-07-17,1,20.0
55079110100,55079019300,-87.9710022364233,43.012448953036525,-87.99612754588766,42.99498021323571,2020-07-17,1,20.0
55079110100,55079101300,-87.9710022364233,43.012448953036525,-88.02770018483265,42.99907770295741,2020-07-17,2,40.0
55079110100,55079004100,-87.9710022364233,43.012448953036525,-87.95681147526382,43.0940907627305,2020-07-17,1,20.0
55079110100,55079100300,-87.9710022364233,43.012448953036525,-88.00316709835943,43.017354422985534,2020-07-17,2,40.0
55079110100,55079185600,-87.9710022364233,43.012448953036525,-87.91469071944607,43.06026722158336,2020-07-17,1,20.0
55079110100,55079005100,-87.9710022364233,43.012448953036525,-87.99757698420609,43.08261869423604,2020-07-17,1,20.0
55079110100,55079185200,-87.9710022364233,43.012448953036525,-87.88193798921913,42.967674094622936,2020-07-17,4,81.0
55079110100,55079060102,-87.9710022364233,43.012448953036525,-87.93974960524739,43.148654535590595,2020-07-17,1,20.0
55079110100,55079170300,-87.9710022364233,43.012448953036525,-87.87538996197884,42.9095536521384,2020-07-17,1,20.0
55079110100,55079009200,-87.9710022364233,43.012448953036525,-87.97560474362125,43.06069020349929,2020-07-17,1,20.0
55079110100,55079012900,-87.9710022364233,43.012448953036525,-87.99989477924994,43.028140622580246,2020-07-17,1,20.0
55079110100,55079016900,-87.9710022364233,43.012448953036525,-87.93770785693083,43.00951913559766,2020-07-17,1,20.0
55079110100,55079017100,-87.9710022364233,43.012448953036525,-87.95808412992528,43.01056521552099,2020-07-17,2,40.0
55079110100,55079012200,-87.9710022364233,43.012448953036525,-87.95271101560115,43.04866661559741,2020-07-17,1,20.0
55079110100,55079013300,-87.9710022364233,43.012448953036525,-87.96206431187025,43.03483590901066,2020-07-17,1,20.0
55079110100,55079017000,-87.9710022364233,43.012448953036525,-87.9475259715867,43.01041841584858,2020-07-17,1,20.0
55079110100,55079006500,-87.9710022364233,43.012448953036525,-87.94229465456391,43.0797331466399,2020-07-17,1,20.0
55079110100,55079017200,-87.9710022364233,43.012448953036525,-87.95621680562614,43.002904101727246,2020-07-17,2,40.0
55079110100,55079013000,-87.9710022364233,43.012448953036525,-87.9876687698922,43.02770173765977,2020-07-17,1,20.0
55079110100,55079015900,-87.9710022364233,43.012448953036525,-87.9473669417017,43.02159668337006,2020-07-17,1,20.0
55079110100,55079009700,-87.9710022364233,43.012448953036525,-87.95262115062044,43.05393954073114,2020-07-17,1,20.0
55079020400,55079020000,-87.9300852632457,42.98834002972675,-87.95273620994368,42.98405311376188,2020-07-17,5,159.0
55079020400,55079060200,-87.9300852632457,42.98834002972675,-87.9245165328896,43.11556508690733,2020-07-17,2,63.0
55079020400,55079010800,-87.9300852632457,42.98834002972675,-87.88986181293924,43.05733829509928,2020-07-17,1,31.0
55079020400,55079110100,-87.9300852632457,42.98834002972675,-87.9710022364233,43.012448953036525,2020-07-17,4,127.0
55079020400,55079021200,-87.9300852632457,42.98834002972675,-87.92101040508955,42.965284697357816,2020-07-17,4,127.0
55079020400,55079101600,-87.9300852632457,42.98834002972675,-87.98881839806968,43.003113634057684,2020-07-17,1,31.0
55079020400,55079019100,-87.9300852632457,42.98834002972675,-87.96549351619066,42.982165146288615,2020-07-17,4,127.0
55079020400,55079120400,-87.9300852632457,42.98834002972675,-87.96548496050795,42.96670427425607,2020-07-17,2,63.0
55079020400,55079160300,-87.9300852632457,42.98834002972675,-87.8893867076047,42.856940087232964,2020-07-17,2,63.0
55079020400,55079021400,-87.9300852632457,42.98834002972675,-87.93891709359613,42.96295890378409,2020-07-17,2,63.0
55079020400,55079060101,-87.9300852632457,42.98834002972675,-87.92535691568614,43.13950788268824,2020-07-17,1,31.0
55079020400,55079080300,-87.9300852632457,42.98834002972675,-87.87475616434764,43.089996653126924,2020-07-17,1,31.0
55079020400,55079185300,-87.9300852632457,42.98834002972675,-88.04265402690729,43.049880154873065,2020-07-17,1,31.0
55079020400,55079186800,-87.9300852632457,42.98834002972675,-87.9506670108877,43.02815858561159,2020-07-17,2,63.0
55079020400,55079160203,-87.9300852632457,42.98834002972675,-87.91638950191752,42.89402789790319,2020-07-17,1,31.0
55079020400,55079018900,-87.9300852632457,42.98834002972675,-87.95323213052187,42.995654122863776,2020-07-17,1,31.0
55079020400,55079020100,-87.9300852632457,42.98834002972675,-87.94099671150566,42.988482506396224,2020-07-17,6,191.0
55079020400,55079140201,-87.9300852632457,42.98834002972675,-87.99911426080601,42.93902100763907,2020-07-17,2,63.0
55079020400,55079140202,-87.9300852632457,42.98834002972675,-87.981557716435,42.93443757238657,2020-07-17,1,31.0
55079020400,55079170700,-87.9300852632457,42.98834002972675,-87.84797376219025,42.90256149755693,2020-07-17,1,31.0
55079020400,55079018000,-87.9300852632457,42.98834002972675,-87.8945288084346,43.01098558683315,2020-07-17,1,31.0
55079020400,55079150100,-87.9300852632457,42.98834002972675,-87.97759713310646,42.91424119290261,2020-07-17,1,31.0
55079020400,55079021600,-87.9300852632457,42.98834002972675,-87.92488475274558,42.952251222261935,2020-07-17,1,31.0
55079020400,55079016100,-87.9300852632457,42.98834002972675,-87.95946595975387,43.016089910899275,2020-07-17,1,31.0
55079020400,55079021300,-87.9300852632457,42.98834002972675,-87.93877469638159,42.970224160413096,2020-07-17,3,95.0
55079020400,55079130100,-87.9300852632457,42.98834002972675,-88.04407902007586,42.942752065148895,2020-07-17,1,31.0
55079020400,55079101800,-87.9300852632457,42.98834002972675,-88.00969812606968,42.99373426381014,2020-07-17,1,31.0
55079020400,55079180300,-87.9300852632457,42.98834002972675,-87.87005593266791,42.951885652862586,2020-07-17,1,31.0
55079020400,55079007300,-87.9300852632457,42.98834002972675,-87.88807891595606,43.0779148594549,2020-07-17,1,31.0
55079020400,55079020400,-87.9300852632457,42.98834002972675,-87.9300852632457,42.98834002972675,2020-07-17,86,2750.0
55079020400,55079017500,-87.9300852632457,42.98834002972675,-87.92965116916102,43.00287441605045,2020-07-17,1,31.0
55079020400,55079003100,-87.9300852632457,42.98834002972675,-87.98607018194353,43.10091760946077,2020-07-17,1,31.0
55079020400,55079007600,-87.9300852632457,42.98834002972675,-87.87859580944733,43.06399812725538,2020-07-17,1,31.0
55079020400,55079020300,-87.9300852632457,42.98834002972675,-87.92658964497383,42.979242665655576,2020-07-17,4,127.0
55079020400,55079018800,-87.9300852632457,42.98834002972675,-87.94058386370827,42.99929639057026,2020-07-17,2,63.0
55079020400,55079186600,-87.9300852632457,42.98834002972675,-87.91355022125023,43.001384465822476,2020-07-17,1,31.0
55079020400,55079120202,-87.9300852632457,42.98834002972675,-87.99868084532402,42.965848843600455,2020-07-17,1,31.0
55079020400,55079001500,-87.9300852632457,42.98834002972675,-88.01520145334699,43.123754077777434,2020-07-17,1,31.0
55079020400,55079007800,-87.9300852632457,42.98834002972675,-87.88801504624632,43.07075279367613,2020-07-17,1,31.0
55079020400,55079018500,-87.9300852632457,42.98834002972675,-87.91439743752404,42.98441904059949,2020-07-17,5,159.0
55079020400,55079020500,-87.9300852632457,42.98834002972675,-87.92272370744391,42.988321496925906,2020-07-17,4,127.0
55079020400,55079020200,-87.9300852632457,42.98834002972675,-87.94112496275925,42.977527635995024,2020-07-17,3,95.0
55079020400,55079012700,-87.9300852632457,42.98834002972675,-88.0122777504643,43.029662330242175,2020-07-17,1,31.0
55079020400,55079018600,-87.9300852632457,42.98834002972675,-87.92255649026754,42.995575414800356,2020-07-17,1,31.0
55079020400,55079019800,-87.9300852632457,42.98834002972675,-87.98973307517815,42.982078809345225,2020-07-17,1,31.0
55079020400,55079009000,-87.9300852632457,42.98834002972675,-87.9610837883489,43.060355868415826,2020-07-17,1,31.0
55079020400,55079018300,-87.9300852632457,42.98834002972675,-87.89285805580873,42.991354183119796,2020-07-17,1,31.0
55079020400,55079016500,-87.9300852632457,42.98834002972675,-87.91153110922029,43.01579142211555,2020-07-17,2,63.0
55079020400,55079017600,-87.9300852632457,42.98834002972675,-87.92236059293215,43.00280872383964,2020-07-17,1,31.0
55079020400,55079018700,-87.9300852632457,42.98834002972675,-87.92991431934564,42.995583237143,2020-07-17,3,95.0
55079020400,55079180200,-87.9300852632457,42.98834002972675,-87.85506992096182,42.95465467367753,2020-07-17,2,63.0
55079020400,55079186200,-87.9300852632457,42.98834002972675,-87.93244814260824,43.04856605375616,2020-07-17,1,31.0
55079020400,55079185200,-87.9300852632457,42.98834002972675,-87.88193798921913,42.967674094622936,2020-07-17,2,63.0
55079020400,55079008000,-87.9300852632457,42.98834002972675,-87.90282982859381,43.067480284048756,2020-07-17,1,31.0
55079020400,55079002500,-87.9300852632457,42.98834002972675,-87.96218045466739,43.10795733493045,2020-07-17,1,31.0
55079020400,55079120300,-87.9300852632457,42.98834002972675,-87.97376432533524,42.98091406493879,2020-07-17,1,31.0
55079020400,55079170400,-87.9300852632457,42.98834002972675,-87.8734267877277,42.89848248246609,2020-07-17,1,31.0
55079020400,55079017200,-87.9300852632457,42.98834002972675,-87.95621680562614,43.002904101727246,2020-07-17,2,63.0
55079020400,55079015900,-87.9300852632457,42.98834002972675,-87.9473669417017,43.02159668337006,2020-07-17,1,31.0
55079009100,55079020000,-87.96852806703085,43.060675408064526,-87.95273620994368,42.98405311376188,2020-07-17,1,15.0
55079009100,55079002100,-87.96852806703085,43.060675408064526,-87.95315716160212,43.115529640428136,2020-07-17,1,15.0
55079009100,55079002400,-87.96852806703085,43.060675408064526,-87.95188617843814,43.106404380820805,2020-07-17,1,15.0
55079009100,55079060200,-87.96852806703085,43.060675408064526,-87.9245165328896,43.11556508690733,2020-07-17,1,15.0
55079009100,55079004500,-87.96852806703085,43.060675408064526,-87.92226909278084,43.08550885272536,2020-07-17,1,15.0
55079009100,55079100100,-87.96852806703085,43.060675408064526,-87.98598444052216,43.01659648927991,2020-07-17,1,15.0
55079009100,55079100700,-87.96852806703085,43.060675408064526,-88.03788629567484,43.0213025080197,2020-07-17,2,31.0
55079009100,55079000102,-87.96852806703085,43.060675408064526,-88.01167859828367,43.164645145767146,2020-07-17,1,15.0
55079009100,55079010800,-87.96852806703085,43.060675408064526,-87.88986181293924,43.05733829509928,2020-07-17,1,15.0
55079009100,55079110100,-87.96852806703085,43.060675408064526,-87.9710022364233,43.012448953036525,2020-07-17,3,46.0
55079009100,55079101000,-87.96852806703085,43.060675408064526,-88.05764456171738,42.99173938525954,2020-07-17,3,46.0
55079009100,55079021200,-87.96852806703085,43.060675408064526,-87.92101040508955,42.965284697357816,2020-07-17,1,15.0
55079009100,55079090300,-87.96852806703085,43.060675408064526,-88.0515779905257,43.06739040507833,2020-07-17,1,15.0
55079009100,55079186300,-87.96852806703085,43.060675408064526,-87.91799927397663,43.040616743150025,2020-07-17,2,31.0
55079009100,55079021700,-87.96852806703085,43.060675408064526,-87.91312462574102,42.94052513723052,2020-07-17,1,15.0
55079009100,55079090900,-87.96852806703085,43.060675408064526,-88.00270912368009,43.06124682618238,2020-07-17,1,15.0
55079009100,55079120203,-87.96852806703085,43.060675408064526,-88.00776394431053,42.95694649923871,2020-07-17,2,31.0
55079009100,55079001200,-87.96852806703085,43.060675408064526,-87.98620080987179,43.12617611256525,2020-07-17,2,31.0
55079009100,55079002700,-87.96852806703085,43.060675408064526,-87.97176690626681,43.100825271475365,2020-07-17,1,15.0
55079009100,55079003500,-87.96852806703085,43.060675408064526,-87.99830093777771,43.09359369867719,2020-07-17,3,46.0
55079009100,55079004800,-87.96852806703085,43.060675408064526,-87.96231596301399,43.077035360461494,2020-07-17,2,31.0
55079009100,55079185500,-87.96852806703085,43.060675408064526,-87.92624880733425,43.0601763240656,2020-07-17,1,15.0
55079009100,55079185300,-87.96852806703085,43.060675408064526,-88.04265402690729,43.049880154873065,2020-07-17,1,15.0
55079009100,55079187400,-87.96852806703085,43.060675408064526,-87.90767949876499,43.03217517915639,2020-07-17,2,31.0
55079009100,55079000800,-87.96852806703085,43.060675408064526,-87.97372753660457,43.14064967469203,2020-07-17,1,15.0
55079009100,55079006200,-87.96852806703085,43.060675408064526,-87.96097127315564,43.067902782244275,2020-07-17,2,31.0
55079009100,55079186800,-87.96852806703085,43.060675408064526,-87.9506670108877,43.02815858561159,2020-07-17,1,15.0
55079009100,55079006000,-87.96852806703085,43.060675408064526,-87.97554005335066,43.067947929210746,2020-07-17,3,46.0
55079009100,55079091200,-87.96852806703085,43.060675408064526,-88.00388284004167,43.0467075980639,2020-07-17,3,46.0
55079009100,55079020100,-87.96852806703085,43.060675408064526,-87.94099671150566,42.988482506396224,2020-07-17,1,15.0
55079009100,55079005000,-87.96852806703085,43.060675408064526,-87.98327608357046,43.07665137069942,2020-07-17,1,15.0
55079009100,55079140100,-87.96852806703085,43.060675408064526,-88.0188613886232,42.93745223479677,2020-07-17,1,15.0
55079009100,55079140201,-87.96852806703085,43.060675408064526,-87.99911426080601,42.93902100763907,2020-07-17,2,31.0
55079009100,55079186500,-87.96852806703085,43.060675408064526,-87.9130303085029,43.02319729476483,2020-07-17,2,31.0
55079009100,55079003300,-87.96852806703085,43.060675408064526,-88.0173066794685,43.1010408446094,2020-07-17,1,15.0
55079009100,55079120101,-87.96852806703085,43.060675408064526,-88.04814010007517,42.95916305909443,2020-07-17,1,15.0
55079009100,55079030100,-87.96852806703085,43.060675408064526,-87.89837270942148,43.1819862198906,2020-07-17,1,15.0
55079009100,55079003600,-87.96852806703085,43.060675408064526,-87.98321131530031,43.092736225323044,2020-07-17,2,31.0
55079009100,55079003800,-87.96852806703085,43.060675408064526,-87.97215356169055,43.086187842345545,2020-07-17,2,31.0
55079009100,55079014400,-87.96852806703085,43.060675408064526,-87.90784049253895,43.042413401572134,2020-07-17,1,15.0
55079009100,55079100400,-87.96852806703085,43.060675408064526,-88.01166560297426,43.0170103539625,2020-07-17,1,15.0
55079009100,55079150100,-87.96852806703085,43.060675408064526,-87.97759713310646,42.91424119290261,2020-07-17,1,15.0
55079009100,55079021600,-87.96852806703085,43.060675408064526,-87.92488475274558,42.952251222261935,2020-07-17,1,15.0
55079009100,55079003400,-87.96852806703085,43.060675408064526,-88.02444287795417,43.0934576342605,2020-07-17,4,62.0
55079009100,55079005500,-87.96852806703085,43.060675408064526,-88.03284541742188,43.08237006688624,2020-07-17,1,15.0
55079009100,55079005800,-87.96852806703085,43.060675408064526,-87.99994620357029,43.072303413103626,2020-07-17,1,15.0
55079009100,55079016600,-87.96852806703085,43.060675408064526,-87.9139279223807,43.010028166006215,2020-07-17,1,15.0
55079009100,55079180300,-87.96852806703085,43.060675408064526,-87.87005593266791,42.951885652862586,2020-07-17,1,15.0
55079009100,55079006300,-87.96852806703085,43.060675408064526,-87.95229119818997,43.07635281761954,2020-07-17,2,31.0
55079009100,55079020400,-87.96852806703085,43.060675408064526,-87.9300852632457,42.98834002972675,2020-07-17,1,15.0
55079009100,55079100200,-87.96852806703085,43.060675408064526,-87.99137992566246,43.01460892403096,2020-07-17,3,46.0
55079009100,55079005200,-87.96852806703085,43.060675408064526,-88.0124256780363,43.086227920709504,2020-07-17,1,15.0
55079009100,55079005900,-87.96852806703085,43.060675408064526,-87.98523579862835,43.06821108392844,2020-07-17,1,15.0
55079009100,55079009800,-87.96852806703085,43.060675408064526,-87.95409571434068,43.059778012269526,2020-07-17,2,31.0
55079009100,55079017400,-87.96852806703085,43.060675408064526,-87.9382983850757,43.00476614107047,2020-07-17,2,31.0
55079009100,55079004200,-87.96852806703085,43.060675408064526,-87.94544782159862,43.09516547779425,2020-07-17,5,77.0
55079009100,55079186600,-87.96852806703085,43.060675408064526,-87.91355022125023,43.001384465822476,2020-07-17,1,15.0
55079009100,55079012300,-87.96852806703085,43.060675408064526,-87.96196748080853,43.043599093031496,2020-07-17,1,15.0
55079009100,55079001500,-87.96852806703085,43.060675408064526,-88.01520145334699,43.123754077777434,2020-07-17,1,15.0
55079009100,55079002000,-87.96852806703085,43.060675408064526,-87.96815137233186,43.115621500302275,2020-07-17,1,15.0
55079009100,55079003900,-87.96852806703085,43.060675408064526,-87.96215160813261,43.086172227530916,2020-07-17,1,15.0
55079009100,55079004700,-87.96852806703085,43.060675408064526,-87.94760565609727,43.08576787197636,2020-07-17,2,31.0
55079009100,55079020200,-87.96852806703085,43.060675408064526,-87.94112496275925,42.977527635995024,2020-07-17,1,15.0
55079009100,55079012700,-87.96852806703085,43.060675408064526,-88.0122777504643,43.029662330242175,2020-07-17,1,15.0
55079009100,55079019800,-87.96852806703085,43.060675408064526,-87.98973307517815,42.982078809345225,2020-07-17,1,15.0
55079009100,55079009000,-87.96852806703085,43.060675408064526,-87.9610837883489,43.060355868415826,2020-07-17,2,31.0
55079009100,55079009100,-87.96852806703085,43.060675408064526,-87.96852806703085,43.060675408064526,2020-07-17,108,1679.0
55079009100,55079000304,-87.96852806703085,43.060675408064526,-88.02644618111368,43.14364069729464,2020-07-17,1,15.0
55079009100,55079001900,-87.96852806703085,43.060675408064526,-87.98367415791445,43.115686316787006,2020-07-17,2,31.0
55079009100,55079003700,-87.96852806703085,43.060675408064526,-87.98336380852676,43.08546039091554,2020-07-17,1,15.0
55079009100,55079018700,-87.96852806703085,43.060675408064526,-87.92991431934564,42.995583237143,2020-07-17,2,31.0
55079009100,55079009600,-87.96852806703085,43.060675408064526,-87.96486502955395,43.05277336645368,2020-07-17,2,31.0
55079009100,55079091000,-87.96852806703085,43.060675408064526,-87.99705672432205,43.06433297165757,2020-07-17,5,77.0
55079009100,55079185800,-87.96852806703085,43.060675408064526,-87.94265216254213,43.0538687550207,2020-07-17,1,15.0
55079009100,55079186900,-87.96852806703085,43.060675408064526,-87.88804149673794,43.05226526687869,2020-07-17,1,15.0
55079009100,55079185600,-87.96852806703085,43.060675408064526,-87.91469071944607,43.06026722158336,2020-07-17,2,31.0
55079009100,55079005100,-87.96852806703085,43.060675408064526,-87.99757698420609,43.08261869423604,2020-07-17,2,31.0
55079009100,55079004900,-87.96852806703085,43.060675408064526,-87.97231517837423,43.077061406485264,2020-07-17,2,31.0
55079009100,55079008000,-87.96852806703085,43.060675408064526,-87.90282982859381,43.067480284048756,2020-07-17,1,15.0
55079009100,55079009200,-87.96852806703085,43.060675408064526,-87.97560474362125,43.06069020349929,2020-07-17,3,46.0
55079009100,55079005600,-87.96852806703085,43.060675408064526,-88.02758035548169,43.071050112322006,2020-07-17,1,15.0
55079009100,55079012200,-87.96852806703085,43.060675408064526,-87.95271101560115,43.04866661559741,2020-07-17,1,15.0
55079009100,55079006100,-87.96852806703085,43.060675408064526,-87.96847508739953,43.06791249267312,2020-07-17,1,15.0
55079009100,55079009300,-87.96852806703085,43.060675408064526,-87.98314520393755,43.060746025032145,2020-07-17,1,15.0
55079009100,55079009900,-87.96852806703085,43.060675408064526,-87.94630275235495,43.060274421469344,2020-07-17,3,46.0
55079009100,55079003000,-87.96852806703085,43.060675408064526,-87.99619059962126,43.10851035065769,2020-07-17,1,15.0
55079009100,55079185400,-87.96852806703085,43.060675408064526,-87.93768935592728,43.06023552955454,2020-07-17,3,46.0
55079009100,55079017200,-87.96852806703085,43.060675408064526,-87.95621680562614,43.002904101727246,2020-07-17,1,15.0
55079009100,55079006900,-87.96852806703085,43.060675408064526,-87.91078185483303,43.07979537793229,2020-07-17,2,31.0
55079009100,55079006700,-87.96852806703085,43.060675408064526,-87.92040407919447,43.07437828581977,2020-07-17,1,15.0
55079001300,55079020000,-87.99843350448002,43.126783535933505,-87.95273620994368,42.98405311376188,2020-07-17,2,48.0
55079001300,55079002100,-87.99843350448002,43.126783535933505,-87.95315716160212,43.115529640428136,2020-07-17,2,48.0
55079001300,55079060200,-87.99843350448002,43.126783535933505,-87.9245165328896,43.11556508690733,2020-07-17,3,72.0
55079001300,55079004400,-87.99843350448002,43.126783535933505,-87.90608569163814,43.089298213737145,2020-07-17,3,72.0
55079001300,55079015700,-87.99843350448002,43.126783535933505,-87.92777138656925,43.021663598322064,2020-07-17,1,24.0
55079001300,55079019000,-87.99843350448002,43.126783535933505,-87.967877289968,42.995496154489715,2020-07-17,2,48.0
55079001300,55079000101,-87.99843350448002,43.126783535933505,-88.00922083481396,43.18510784936368,2020-07-17,1,24.0
55079001300,55079000102,-87.99843350448002,43.126783535933505,-88.01167859828367,43.164645145767146,2020-07-17,2,48.0
55079001300,55079000202,-87.99843350448002,43.126783535933505,-88.04132965001602,43.160382512849615,2020-07-17,4,96.0
55079001300,55079002300,-87.99843350448002,43.126783535933505,-87.93621856893152,43.105985427841645,2020-07-17,3,72.0
55079001300,55079110100,-87.99843350448002,43.126783535933505,-87.9710022364233,43.012448953036525,2020-07-17,4,96.0
55079001300,55079160100,-87.99843350448002,43.126783535933505,-87.91471599062149,42.91513941042769,2020-07-17,1,24.0
55079001300,55079000600,-87.99843350448002,43.126783535933505,-88.00190569680801,43.14010292722225,2020-07-17,13,312.0
55079001300,55079050101,-87.99843350448002,43.126783535933505,-87.98494662348081,43.17683059907653,2020-07-17,2,48.0
55079001300,55079090300,-87.99843350448002,43.126783535933505,-88.0515779905257,43.06739040507833,2020-07-17,3,72.0
55079001300,55079101600,-87.99843350448002,43.126783535933505,-87.98881839806968,43.003113634057684,2020-07-17,1,24.0
55079001300,55079186300,-87.99843350448002,43.126783535933505,-87.91799927397663,43.040616743150025,2020-07-17,2,48.0
55079001300,55079090100,-87.99843350448002,43.126783535933505,-88.04837730790923,43.0973204568905,2020-07-17,4,96.0
55079001300,55079090200,-87.99843350448002,43.126783535933505,-88.05200796218348,43.081902180003375,2020-07-17,3,72.0
55079001300,55079120203,-87.99843350448002,43.126783535933505,-88.00776394431053,42.95694649923871,2020-07-17,2,48.0
55079001300,55079000501,-87.99843350448002,43.126783535933505,-88.04340002069712,43.115390222488664,2020-07-17,4,96.0
55079001300,55079001200,-87.99843350448002,43.126783535933505,-87.98620080987179,43.12617611256525,2020-07-17,5,120.0
55079001300,55079002700,-87.99843350448002,43.126783535933505,-87.97176690626681,43.100825271475365,2020-07-17,1,24.0
55079001300,55079003500,-87.99843350448002,43.126783535933505,-87.99830093777771,43.09359369867719,2020-07-17,1,24.0
55079001300,55079004800,-87.99843350448002,43.126783535933505,-87.96231596301399,43.077035360461494,2020-07-17,3,72.0
55079001300,55079060101,-87.99843350448002,43.126783535933505,-87.92535691568614,43.13950788268824,2020-07-17,1,24.0
55079001300,55079185500,-87.99843350448002,43.126783535933505,-87.92624880733425,43.0601763240656,2020-07-17,3,72.0
55079001300,55079090600,-87.99843350448002,43.126783535933505,-88.05435154566402,43.03795832032663,2020-07-17,2,48.0
55079001300,55079014700,-87.99843350448002,43.126783535933505,-87.93551340137516,43.042200823908786,2020-07-17,1,24.0
55079001300,55079180500,-87.99843350448002,43.126783535933505,-87.87471526249948,42.93725893299447,2020-07-17,1,24.0
55079001300,55079000800,-87.99843350448002,43.126783535933505,-87.97372753660457,43.14064967469203,2020-07-17,1,24.0
55079001300,55079012500,-87.99843350448002,43.126783535933505,-87.97654888060033,43.037091021714275,2020-07-17,1,24.0
55079001300,55079004000,-87.99843350448002,43.126783535933505,-87.97205846198321,43.09342306765945,2020-07-17,1,24.0
55079001300,55079000400,-87.99843350448002,43.126783535933505,-88.05554472050937,43.110954423820296,2020-07-17,3,72.0
55079001300,55079000502,-87.99843350448002,43.126783535933505,-88.03128731150349,43.12480634966938,2020-07-17,2,48.0
55079001300,55079006200,-87.99843350448002,43.126783535933505,-87.96097127315564,43.067902782244275,2020-07-17,1,24.0
55079001300,55079186800,-87.99843350448002,43.126783535933505,-87.9506670108877,43.02815858561159,2020-07-17,1,24.0
55079001300,55079006000,-87.99843350448002,43.126783535933505,-87.97554005335066,43.067947929210746,2020-07-17,3,72.0
55079001300,55079160203,-87.99843350448002,43.126783535933505,-87.91638950191752,42.89402789790319,2020-07-17,2,48.0
55079001300,55079160202,-87.99843350448002,43.126783535933505,-87.87217546542965,42.881379330302295,2020-07-17,1,24.0
55079001300,55079180400,-87.99843350448002,43.126783535933505,-87.85633588550823,42.93709205888796,2020-07-17,1,24.0
55079001300,55079005000,-87.99843350448002,43.126783535933505,-87.98327608357046,43.07665137069942,2020-07-17,4,96.0
55079001300,55079001400,-87.99843350448002,43.126783535933505,-88.01656972395298,43.130900969315825,2020-07-17,1,24.0
55079001300,55079006800,-87.99843350448002,43.126783535933505,-87.92500216567623,43.079683301494654,2020-07-17,1,24.0
55079001300,55079014600,-87.99843350448002,43.126783535933505,-87.93032605572249,43.04237842637439,2020-07-17,1,24.0
55079001300,55079100900,-87.99843350448002,43.126783535933505,-88.05216898532913,43.00959788353506,2020-07-17,1,24.0
55079001300,55079101100,-87.99843350448002,43.126783535933505,-88.04276904850849,42.99420752845147,2020-07-17,1,24.0
55079001300,55079013600,-87.99843350448002,43.126783535933505,-87.9527511611333,43.04369545920421,2020-07-17,1,24.0
55079001300,55079091400,-87.99843350448002,43.126783535933505,-87.99383660813824,43.04031315098078,2020-07-17,1,24.0
55079001300,55079017900,-87.99843350448002,43.126783535933505,-87.90503327479618,42.998772533253295,2020-07-17,1,24.0
55079001300,55079001600,-87.99843350448002,43.126783535933505,-88.01599665750028,43.11588641903863,2020-07-17,3,72.0
55079001300,55079016800,-87.99843350448002,43.126783535933505,-87.92935001478907,43.01036042537408,2020-07-17,1,24.0
55079001300,55079008500,-87.99843350448002,43.126783535933505,-87.9298714910033,43.06776123229879,2020-07-17,1,24.0
55079001300,55079030100,-87.99843350448002,43.126783535933505,-87.89837270942148,43.1819862198906,2020-07-17,1,24.0
55079001300,55079003600,-87.99843350448002,43.126783535933505,-87.98321131530031,43.092736225323044,2020-07-17,4,96.0
55079001300,55079014400,-87.99843350448002,43.126783535933505,-87.90784049253895,43.042413401572134,2020-07-17,2,48.0
55079001300,55079150100,-87.99843350448002,43.126783535933505,-87.97759713310646,42.91424119290261,2020-07-17,1,24.0
55079001300,55079021600,-87.99843350448002,43.126783535933505,-87.92488475274558,42.952251222261935,2020-07-17,1,24.0
55079001300,55079001800,-87.99843350448002,43.126783535933505,-87.99853790291819,43.115847306484916,2020-07-17,5,120.0
55079001300,55079003400,-87.99843350448002,43.126783535933505,-88.02444287795417,43.0934576342605,2020-07-17,2,48.0
55079001300,55079120102,-87.99843350448002,43.126783535933505,-88.04966546230908,42.97409794368699,2020-07-17,2,48.0
55079001300,55079014100,-87.99843350448002,43.126783535933505,-87.92097269793881,43.04863570292668,2020-07-17,2,48.0
55079001300,55079009400,-87.99843350448002,43.126783535933505,-87.98309572088205,43.053347935581954,2020-07-17,1,24.0
55079001300,55079050102,-87.99843350448002,43.126783535933505,-87.96743569232115,43.172443064752215,2020-07-17,3,72.0
55079001300,55079015800,-87.99843350448002,43.126783535933505,-87.93761636287321,43.021659379009066,2020-07-17,2,48.0
55079001300,55079007900,-87.99843350448002,43.126783535933505,-87.89683936352995,43.06599950452746,2020-07-17,1,24.0
55079001300,55079006300,-87.99843350448002,43.126783535933505,-87.95229119818997,43.07635281761954,2020-07-17,1,24.0
55079001300,55079016300,-87.99843350448002,43.126783535933505,-87.93764055272034,43.01572710315665,2020-07-17,1,24.0
55079001300,55079000700,-87.99843350448002,43.126783535933505,-87.99009583376943,43.15588909293765,2020-07-17,1,24.0
55079001300,55079101500,-87.99843350448002,43.126783535933505,-88.00747595996755,43.007126720391405,2020-07-17,1,24.0
55079001300,55079003100,-87.99843350448002,43.126783535933505,-87.98607018194353,43.10091760946077,2020-07-17,4,96.0
55079001300,55079012600,-87.99843350448002,43.126783535933505,-87.99443577770006,43.034032251200934,2020-07-17,1,24.0
55079001300,55079005200,-87.99843350448002,43.126783535933505,-88.0124256780363,43.086227920709504,2020-07-17,1,24.0
55079001300,55079005900,-87.99843350448002,43.126783535933505,-87.98523579862835,43.06821108392844,2020-07-17,3,72.0
55079001300,55079007600,-87.99843350448002,43.126783535933505,-87.87859580944733,43.06399812725538,2020-07-17,1,24.0
55079001300,55079000900,-87.99843350448002,43.126783535933505,-87.95566887882444,43.14970170326806,2020-07-17,1,24.0
55079001300,55079001300,-87.99843350448002,43.126783535933505,-87.99843350448002,43.126783535933505,2020-07-17,156,3750.0
55079001300,55079001700,-87.99843350448002,43.126783535933505,-88.01621221830194,43.10855887721336,2020-07-17,4,96.0
55079001300,55079004200,-87.99843350448002,43.126783535933505,-87.94544782159862,43.09516547779425,2020-07-17,1,24.0
55079001300,55079012300,-87.99843350448002,43.126783535933505,-87.96196748080853,43.043599093031496,2020-07-17,1,24.0
55079001300,55079001500,-87.99843350448002,43.126783535933505,-88.01520145334699,43.123754077777434,2020-07-17,11,264.0
55079001300,55079002000,-87.99843350448002,43.126783535933505,-87.96815137233186,43.115621500302275,2020-07-17,1,24.0
55079001300,55079003900,-87.99843350448002,43.126783535933505,-87.96215160813261,43.086172227530916,2020-07-17,2,48.0
55079001300,55079000201,-87.99843350448002,43.126783535933505,-88.0472441211064,43.1799495757708,2020-07-17,1,24.0
55079001300,55079004700,-87.99843350448002,43.126783535933505,-87.94760565609727,43.08576787197636,2020-07-17,1,24.0
55079001300,55079019700,-87.99843350448002,43.126783535933505,-88.00741820523533,42.97570820507905,2020-07-17,1,24.0
55079001300,55079009000,-87.99843350448002,43.126783535933505,-87.9610837883489,43.060355868415826,2020-07-17,1,24.0
55079001300,55079010600,-87.99843350448002,43.126783535933505,-87.90749884397533,43.060136167504425,2020-07-17,1,24.0
55079001300,55079000304,-87.99843350448002,43.126783535933505,-88.02644618111368,43.14364069729464,2020-07-17,1,24.0
55079001300,55079001900,-87.99843350448002,43.126783535933505,-87.98367415791445,43.115686316787006,2020-07-17,4,96.0
55079001300,55079001100,-87.99843350448002,43.126783535933505,-87.96901390366762,43.127689901740844,2020-07-17,1,24.0
55079001300,55079101300,-87.99843350448002,43.126783535933505,-88.02770018483265,42.99907770295741,2020-07-17,1,24.0
55079001300,55079008900,-87.99843350448002,43.126783535933505,-87.95337828163817,43.06706338271535,2020-07-17,1,24.0
55079001300,55079005100,-87.99843350448002,43.126783535933505,-87.99757698420609,43.08261869423604,2020-07-17,3,72.0
55079001300,55079004900,-87.99843350448002,43.126783535933505,-87.97231517837423,43.077061406485264,2020-07-17,2,48.0
55079001300,55079016900,-87.99843350448002,43.126783535933505,-87.93770785693083,43.00951913559766,2020-07-17,2,48.0
55079001300,55079000303,-87.99843350448002,43.126783535933505,-88.04588241201564,43.12968529312476,2020-07-17,1,24.0
55079001300,55079001000,-87.99843350448002,43.126783535933505,-87.95348314468296,43.12464896388482,2020-07-17,2,48.0
55079001300,55079120300,-87.99843350448002,43.126783535933505,-87.97376432533524,42.98091406493879,2020-07-17,1,24.0
55079001300,55079009300,-87.99843350448002,43.126783535933505,-87.98314520393755,43.060746025032145,2020-07-17,2,48.0
55079001300,55079017000,-87.99843350448002,43.126783535933505,-87.9475259715867,43.01041841584858,2020-07-17,1,24.0
55079001300,55079002200,-87.99843350448002,43.126783535933505,-87.9335870089048,43.11469059411332,2020-07-17,2,48.0
55079001300,55079009900,-87.99843350448002,43.126783535933505,-87.94630275235495,43.060274421469344,2020-07-17,1,24.0
55079001300,55079003000,-87.99843350448002,43.126783535933505,-87.99619059962126,43.10851035065769,2020-07-17,2,48.0
55079001300,55079015900,-87.99843350448002,43.126783535933505,-87.9473669417017,43.02159668337006,2020-07-17,2,48.0
55079001300,55079009700,-87.99843350448002,43.126783535933505,-87.95262115062044,43.05393954073114,2020-07-17,1,24.0
55079001300,55079006700,-87.99843350448002,43.126783535933505,-87.92040407919447,43.07437828581977,2020-07-17,1,24.0
55079002200,55079020000,-87.9335870089048,43.11469059411332,-87.95273620994368,42.98405311376188,2020-07-17,1,28.0
55079002200,55079002100,-87.9335870089048,43.11469059411332,-87.95315716160212,43.115529640428136,2020-07-17,3,85.0
55079002200,55079002400,-87.9335870089048,43.11469059411332,-87.95188617843814,43.106404380820805,2020-07-17,1,28.0
55079002200,55079004300,-87.9335870089048,43.11469059411332,-87.93220867621264,43.094799127568905,2020-07-17,2,56.0
55079002200,55079060200,-87.9335870089048,43.11469059411332,-87.9245165328896,43.11556508690733,2020-07-17,7,198.0
55079002200,55079004400,-87.9335870089048,43.11469059411332,-87.90608569163814,43.089298213737145,2020-07-17,1,28.0
55079002200,55079110100,-87.9335870089048,43.11469059411332,-87.9710022364233,43.012448953036525,2020-07-17,1,28.0
55079002200,55079186300,-87.9335870089048,43.11469059411332,-87.91799927397663,43.040616743150025,2020-07-17,1,28.0
55079002200,55079021700,-87.9335870089048,43.11469059411332,-87.91312462574102,42.94052513723052,2020-07-17,2,56.0
55079002200,55079090200,-87.9335870089048,43.11469059411332,-88.05200796218348,43.081902180003375,2020-07-17,1,28.0
55079002200,55079090900,-87.9335870089048,43.11469059411332,-88.00270912368009,43.06124682618238,2020-07-17,1,28.0
55079002200,55079018400,-87.9335870089048,43.11469059411332,-87.90417459790928,42.9917062933768,2020-07-17,1,28.0
55079002200,55079000501,-87.9335870089048,43.11469059411332,-88.04340002069712,43.115390222488664,2020-07-17,1,28.0
55079002200,55079186000,-87.9335870089048,43.11469059411332,-87.92039854147795,43.053956957431964,2020-07-17,1,28.0
55079002200,55079003200,-87.9335870089048,43.11469059411332,-88.00111189801154,43.10115852758208,2020-07-17,1,28.0
55079002200,55079060101,-87.9335870089048,43.11469059411332,-87.92535691568614,43.13950788268824,2020-07-17,3,85.0
55079002200,55079185500,-87.9335870089048,43.11469059411332,-87.92624880733425,43.0601763240656,2020-07-17,1,28.0
55079002200,55079000800,-87.9335870089048,43.11469059411332,-87.97372753660457,43.14064967469203,2020-07-17,1,28.0
55079002200,55079140201,-87.9335870089048,43.11469059411332,-87.99911426080601,42.93902100763907,2020-07-17,1,28.0
55079002200,55079008500,-87.9335870089048,43.11469059411332,-87.9298714910033,43.06776123229879,2020-07-17,1,28.0
55079002200,55079007700,-87.9335870089048,43.11469059411332,-87.88849935823362,43.06389053422122,2020-07-17,1,28.0
55079002200,55079003600,-87.9335870089048,43.11469059411332,-87.98321131530031,43.092736225323044,2020-07-17,3,85.0
55079002200,55079035200,-87.9335870089048,43.11469059411332,-87.9070718018067,43.16012040860922,2020-07-17,2,56.0
55079002200,55079015800,-87.9335870089048,43.11469059411332,-87.93761636287321,43.021659379009066,2020-07-17,1,28.0
55079002200,55079007300,-87.9335870089048,43.11469059411332,-87.88807891595606,43.0779148594549,2020-07-17,1,28.0
55079002200,55079007600,-87.9335870089048,43.11469059411332,-87.87859580944733,43.06399812725538,2020-07-17,1,28.0
55079002200,55079004200,-87.9335870089048,43.11469059411332,-87.94544782159862,43.09516547779425,2020-07-17,2,56.0
55079002200,55079186600,-87.9335870089048,43.11469059411332,-87.91355022125023,43.001384465822476,2020-07-17,1,28.0
55079002200,55079080400,-87.9335870089048,43.11469059411332,-87.88848724040903,43.08594082590386,2020-07-17,1,28.0
55079002200,55079007800,-87.9335870089048,43.11469059411332,-87.88801504624632,43.07075279367613,2020-07-17,2,56.0
55079002200,55079000304,-87.9335870089048,43.11469059411332,-88.02644618111368,43.14364069729464,2020-07-17,1,28.0
55079002200,55079001900,-87.9335870089048,43.11469059411332,-87.98367415791445,43.115686316787006,2020-07-17,1,28.0
55079002200,55079003700,-87.9335870089048,43.11469059411332,-87.98336380852676,43.08546039091554,2020-07-17,1,28.0
55079002200,55079016500,-87.9335870089048,43.11469059411332,-87.91153110922029,43.01579142211555,2020-07-17,1,28.0
55079002200,55079009600,-87.9335870089048,43.11469059411332,-87.96486502955395,43.05277336645368,2020-07-17,1,28.0
55079002200,55079090700,-87.9335870089048,43.11469059411332,-88.02545440842808,43.059193901469925,2020-07-17,1,28.0
55079002200,55079101300,-87.9335870089048,43.11469059411332,-88.02770018483265,42.99907770295741,2020-07-17,1,28.0
55079002200,55079013400,-87.9335870089048,43.11469059411332,-87.95356038604784,43.03496530197635,2020-07-17,2,56.0
55079002200,55079186200,-87.9335870089048,43.11469059411332,-87.93244814260824,43.04856605375616,2020-07-17,2,56.0
55079002200,55079100300,-87.9335870089048,43.11469059411332,-88.00316709835943,43.017354422985534,2020-07-17,1,28.0
55079002200,55079005100,-87.9335870089048,43.11469059411332,-87.99757698420609,43.08261869423604,2020-07-17,2,56.0
55079002200,55079008000,-87.9335870089048,43.11469059411332,-87.90282982859381,43.067480284048756,2020-07-17,1,28.0
55079002200,55079006400,-87.9335870089048,43.11469059411332,-87.94234792087695,43.07421796319209,2020-07-17,1,28.0
55079002200,55079006100,-87.9335870089048,43.11469059411332,-87.96847508739953,43.06791249267312,2020-07-17,1,28.0
55079002200,55079001000,-87.9335870089048,43.11469059411332,-87.95348314468296,43.12464896388482,2020-07-17,1,28.0
55079002200,55079002200,-87.9335870089048,43.11469059411332,-87.9335870089048,43.11469059411332,2020-07-17,40,1136.0
55079002200,55079008600,-87.9335870089048,43.11469059411332,-87.93517868399437,43.06762170689756,2020-07-17,1,28.0
55079002200,55079008800,-87.9335870089048,43.11469059411332,-87.94617084834631,43.06788862375971,2020-07-17,1,28.0
55079002200,55079008700,-87.9335870089048,43.11469059411332,-87.93997122125838,43.06781436915486,2020-07-17,1,28.0
55079002500,55079020000,-87.96218045466739,43.10795733493045,-87.95273620994368,42.98405311376188,2020-07-17,1,22.0
55079002500,55079002400,-87.96218045466739,43.10795733493045,-87.95188617843814,43.106404380820805,2020-07-17,8,178.0
55079002500,55079004300,-87.96218045466739,43.10795733493045,-87.93220867621264,43.094799127568905,2020-07-17,2,44.0
55079002500,55079060200,-87.96218045466739,43.10795733493045,-87.9245165328896,43.11556508690733,2020-07-17,5,111.0
55079002500,55079004400,-87.96218045466739,43.10795733493045,-87.90608569163814,43.089298213737145,2020-07-17,1,22.0
55079002500,55079004500,-87.96218045466739,43.10795733493045,-87.92226909278084,43.08550885272536,2020-07-17,1,22.0
55079002500,55079015700,-87.96218045466739,43.10795733493045,-87.92777138656925,43.021663598322064,2020-07-17,2,44.0
55079002500,55079000101,-87.96218045466739,43.10795733493045,-88.00922083481396,43.18510784936368,2020-07-17,4,89.0
55079002500,55079000102,-87.96218045466739,43.10795733493045,-88.01167859828367,43.164645145767146,2020-07-17,1,22.0
55079002500,55079110100,-87.96218045466739,43.10795733493045,-87.9710022364233,43.012448953036525,2020-07-17,1,22.0
55079002500,55079160100,-87.96218045466739,43.10795733493045,-87.91471599062149,42.91513941042769,2020-07-17,1,22.0
55079002500,55079000600,-87.96218045466739,43.10795733493045,-88.00190569680801,43.14010292722225,2020-07-17,3,66.0
55079002500,55079090300,-87.96218045466739,43.10795733493045,-88.0515779905257,43.06739040507833,2020-07-17,2,44.0
55079002500,55079186300,-87.96218045466739,43.10795733493045,-87.91799927397663,43.040616743150025,2020-07-17,1,22.0
55079002500,55079012400,-87.96218045466739,43.10795733493045,-87.97680856828566,43.04580144948212,2020-07-17,1,22.0
55079002500,55079090200,-87.96218045466739,43.10795733493045,-88.05200796218348,43.081902180003375,2020-07-17,4,89.0
55079002500,55079000501,-87.96218045466739,43.10795733493045,-88.04340002069712,43.115390222488664,2020-07-17,1,22.0
55079002500,55079001200,-87.96218045466739,43.10795733493045,-87.98620080987179,43.12617611256525,2020-07-17,3,66.0
55079002500,55079002700,-87.96218045466739,43.10795733493045,-87.97176690626681,43.100825271475365,2020-07-17,2,44.0
55079002500,55079003500,-87.96218045466739,43.10795733493045,-87.99830093777771,43.09359369867719,2020-07-17,1,22.0
55079002500,55079000302,-87.96218045466739,43.10795733493045,-88.04649688617519,43.13922972061493,2020-07-17,1,22.0
55079002500,55079000800,-87.96218045466739,43.10795733493045,-87.97372753660457,43.14064967469203,2020-07-17,2,44.0
55079002500,55079004600,-87.96218045466739,43.10795733493045,-87.9321086251029,43.08569057130924,2020-07-17,2,44.0
55079002500,55079000400,-87.96218045466739,43.10795733493045,-88.05554472050937,43.110954423820296,2020-07-17,1,22.0
55079002500,55079000502,-87.96218045466739,43.10795733493045,-88.03128731150349,43.12480634966938,2020-07-17,1,22.0
55079002500,55079006200,-87.96218045466739,43.10795733493045,-87.96097127315564,43.067902782244275,2020-07-17,5,111.0
55079002500,55079186800,-87.96218045466739,43.10795733493045,-87.9506670108877,43.02815858561159,2020-07-17,1,22.0
55079002500,55079020100,-87.96218045466739,43.10795733493045,-87.94099671150566,42.988482506396224,2020-07-17,1,22.0
55079002500,55079005000,-87.96218045466739,43.10795733493045,-87.98327608357046,43.07665137069942,2020-07-17,2,44.0
55079002500,55079002800,-87.96218045466739,43.10795733493045,-87.97141961541004,43.10830621321033,2020-07-17,1,22.0
55079002500,55079007000,-87.96218045466739,43.10795733493045,-87.91122456687498,43.07424564740019,2020-07-17,1,22.0
55079002500,55079003300,-87.96218045466739,43.10795733493045,-88.0173066794685,43.1010408446094,2020-07-17,2,44.0
55079002500,55079001600,-87.96218045466739,43.10795733493045,-88.01599665750028,43.11588641903863,2020-07-17,1,22.0
55079002500,55079003600,-87.96218045466739,43.10795733493045,-87.98321131530031,43.092736225323044,2020-07-17,2,44.0
55079002500,55079003800,-87.96218045466739,43.10795733493045,-87.97215356169055,43.086187842345545,2020-07-17,1,22.0
55079002500,55079018000,-87.96218045466739,43.10795733493045,-87.8945288084346,43.01098558683315,2020-07-17,1,22.0
55079002500,55079005500,-87.96218045466739,43.10795733493045,-88.03284541742188,43.08237006688624,2020-07-17,1,22.0
55079002500,55079035200,-87.96218045466739,43.10795733493045,-87.9070718018067,43.16012040860922,2020-07-17,2,44.0
55079002500,55079019600,-87.96218045466739,43.10795733493045,-88.00769668957767,42.984657216409644,2020-07-17,1,22.0
55079002500,55079100800,-87.96218045466739,43.10795733493045,-88.05710943935104,43.023654444193184,2020-07-17,1,22.0
55079002500,55079050102,-87.96218045466739,43.10795733493045,-87.96743569232115,43.172443064752215,2020-07-17,3,66.0
55079002500,55079006300,-87.96218045466739,43.10795733493045,-87.95229119818997,43.07635281761954,2020-07-17,1,22.0
55079002500,55079100200,-87.96218045466739,43.10795733493045,-87.99137992566246,43.01460892403096,2020-07-17,2,44.0
55079002500,55079005700,-87.96218045466739,43.10795733493045,-88.01309831915184,43.07138814037072,2020-07-17,1,22.0
55079002500,55079003100,-87.96218045466739,43.10795733493045,-87.98607018194353,43.10091760946077,2020-07-17,3,66.0
55079002500,55079005900,-87.96218045466739,43.10795733493045,-87.98523579862835,43.06821108392844,2020-07-17,3,66.0
55079002500,55079006600,-87.96218045466739,43.10795733493045,-87.93135214789555,43.075399167305534,2020-07-17,1,22.0
55079002500,55079000900,-87.96218045466739,43.10795733493045,-87.95566887882444,43.14970170326806,2020-07-17,2,44.0
55079002500,55079001300,-87.96218045466739,43.10795733493045,-87.99843350448002,43.126783535933505,2020-07-17,1,22.0
55079002500,55079001700,-87.96218045466739,43.10795733493045,-88.01621221830194,43.10855887721336,2020-07-17,1,22.0
55079002500,55079004200,-87.96218045466739,43.10795733493045,-87.94544782159862,43.09516547779425,2020-07-17,2,44.0
55079002500,55079012300,-87.96218045466739,43.10795733493045,-87.96196748080853,43.043599093031496,2020-07-17,1,22.0
55079002500,55079002000,-87.96218045466739,43.10795733493045,-87.96815137233186,43.115621500302275,2020-07-17,5,111.0
55079002500,55079000201,-87.96218045466739,43.10795733493045,-88.0472441211064,43.1799495757708,2020-07-17,1,22.0
55079002500,55079018500,-87.96218045466739,43.10795733493045,-87.91439743752404,42.98441904059949,2020-07-17,2,44.0
55079002500,55079019700,-87.96218045466739,43.10795733493045,-88.00741820523533,42.97570820507905,2020-07-17,1,22.0
55079002500,55079001900,-87.96218045466739,43.10795733493045,-87.98367415791445,43.115686316787006,2020-07-17,1,22.0
55079002500,55079003700,-87.96218045466739,43.10795733493045,-87.98336380852676,43.08546039091554,2020-07-17,1,22.0
55079002500,55079001100,-87.96218045466739,43.10795733493045,-87.96901390366762,43.127689901740844,2020-07-17,1,22.0
55079002500,55079018700,-87.96218045466739,43.10795733493045,-87.92991431934564,42.995583237143,2020-07-17,2,44.0
55079002500,55079009600,-87.96218045466739,43.10795733493045,-87.96486502955395,43.05277336645368,2020-07-17,1,22.0
55079002500,55079011100,-87.96218045466739,43.10795733493045,-87.90155963599153,43.04933924860895,2020-07-17,1,22.0
55079002500,55079008900,-87.96218045466739,43.10795733493045,-87.95337828163817,43.06706338271535,2020-07-17,2,44.0
55079002500,55079004100,-87.96218045466739,43.10795733493045,-87.95681147526382,43.0940907627305,2020-07-17,2,44.0
55079002500,55079013400,-87.96218045466739,43.10795733493045,-87.95356038604784,43.03496530197635,2020-07-17,1,22.0
55079002500,55079005100,-87.96218045466739,43.10795733493045,-87.99757698420609,43.08261869423604,2020-07-17,2,44.0
55079002500,55079004900,-87.96218045466739,43.10795733493045,-87.97231517837423,43.077061406485264,2020-07-17,1,22.0
55079002500,55079012200,-87.96218045466739,43.10795733493045,-87.95271101560115,43.04866661559741,2020-07-17,1,22.0
55079002500,55079013300,-87.96218045466739,43.10795733493045,-87.96206431187025,43.03483590901066,2020-07-17,1,22.0
55079002500,55079002500,-87.96218045466739,43.10795733493045,-87.96218045466739,43.10795733493045,2020-07-17,84,1870.0
55079002500,55079001000,-87.96218045466739,43.10795733493045,-87.95348314468296,43.12464896388482,2020-07-17,2,44.0
55079002500,55079003000,-87.96218045466739,43.10795733493045,-87.99619059962126,43.10851035065769,2020-07-17,1,22.0
55079002500,55079006500,-87.96218045466739,43.10795733493045,-87.94229465456391,43.0797331466399,2020-07-17,1,22.0
55079002500,55079185400,-87.96218045466739,43.10795733493045,-87.93768935592728,43.06023552955454,2020-07-17,1,22.0
55079002500,55079006900,-87.96218045466739,43.10795733493045,-87.91078185483303,43.07979537793229,2020-07-17,1,22.0
55079002500,55079013500,-87.96218045466739,43.10795733493045,-87.9526122313311,43.040147622140005,2020-07-17,1,22.0
55079002700,55079020000,-87.97176690626681,43.100825271475365,-87.95273620994368,42.98405311376188,2020-07-17,1,19.0
55079002700,55079002100,-87.97176690626681,43.100825271475365,-87.95315716160212,43.115529640428136,2020-07-17,5,96.0
55079002700,55079002400,-87.97176690626681,43.100825271475365,-87.95188617843814,43.106404380820805,2020-07-17,2,38.0
55079002700,55079004300,-87.97176690626681,43.100825271475365,-87.93220867621264,43.094799127568905,2020-07-17,4,77.0
55079002700,55079004400,-87.97176690626681,43.100825271475365,-87.90608569163814,43.089298213737145,2020-07-17,1,19.0
55079002700,55079004500,-87.97176690626681,43.100825271475365,-87.92226909278084,43.08550885272536,2020-07-17,2,38.0
55079002700,55079091300,-87.97176690626681,43.100825271475365,-88.0097444924032,43.037871666045895,2020-07-17,1,19.0
55079002700,55079000102,-87.97176690626681,43.100825271475365,-88.01167859828367,43.164645145767146,2020-07-17,2,38.0
55079002700,55079000202,-87.97176690626681,43.100825271475365,-88.04132965001602,43.160382512849615,2020-07-17,1,19.0
55079002700,55079002300,-87.97176690626681,43.100825271475365,-87.93621856893152,43.105985427841645,2020-07-17,1,19.0
55079002700,55079010800,-87.97176690626681,43.100825271475365,-87.88986181293924,43.05733829509928,2020-07-17,1,19.0
55079002700,55079110100,-87.97176690626681,43.100825271475365,-87.9710022364233,43.012448953036525,2020-07-17,3,58.0
55079002700,55079050101,-87.97176690626681,43.100825271475365,-87.98494662348081,43.17683059907653,2020-07-17,2,38.0
55079002700,55079090300,-87.97176690626681,43.100825271475365,-88.0515779905257,43.06739040507833,2020-07-17,1,19.0
55079002700,55079101600,-87.97176690626681,43.100825271475365,-87.98881839806968,43.003113634057684,2020-07-17,1,19.0
55079002700,55079186300,-87.97176690626681,43.100825271475365,-87.91799927397663,43.040616743150025,2020-07-17,2,38.0
55079002700,55079090200,-87.97176690626681,43.100825271475365,-88.05200796218348,43.081902180003375,2020-07-17,2,38.0
55079002700,55079160300,-87.97176690626681,43.100825271475365,-87.8893867076047,42.856940087232964,2020-07-17,1,19.0
55079002700,55079000501,-87.97176690626681,43.100825271475365,-88.04340002069712,43.115390222488664,2020-07-17,1,19.0
55079002700,55079001200,-87.97176690626681,43.100825271475365,-87.98620080987179,43.12617611256525,2020-07-17,1,19.0
55079002700,55079002700,-87.97176690626681,43.100825271475365,-87.97176690626681,43.100825271475365,2020-07-17,91,1760.0
55079002700,55079004800,-87.97176690626681,43.100825271475365,-87.96231596301399,43.077035360461494,2020-07-17,1,19.0
55079002700,55079005300,-87.97176690626681,43.100825271475365,-88.01242727702714,43.07892288175221,2020-07-17,1,19.0
55079002700,55079185500,-87.97176690626681,43.100825271475365,-87.92624880733425,43.0601763240656,2020-07-17,1,19.0
55079002700,55079090600,-87.97176690626681,43.100825271475365,-88.05435154566402,43.03795832032663,2020-07-17,3,58.0
55079002700,55079185300,-87.97176690626681,43.100825271475365,-88.04265402690729,43.049880154873065,2020-07-17,1,19.0
55079002700,55079014700,-87.97176690626681,43.100825271475365,-87.93551340137516,43.042200823908786,2020-07-17,1,19.0
55079002700,55079000800,-87.97176690626681,43.100825271475365,-87.97372753660457,43.14064967469203,2020-07-17,1,19.0
55079002700,55079004000,-87.97176690626681,43.100825271475365,-87.97205846198321,43.09342306765945,2020-07-17,3,58.0
55079002700,55079004600,-87.97176690626681,43.100825271475365,-87.9321086251029,43.08569057130924,2020-07-17,3,58.0
55079002700,55079000502,-87.97176690626681,43.100825271475365,-88.03128731150349,43.12480634966938,2020-07-17,2,38.0
55079002700,55079100500,-87.97176690626681,43.100825271475365,-88.02674691869541,43.01326660162138,2020-07-17,1,19.0
55079002700,55079005000,-87.97176690626681,43.100825271475365,-87.98327608357046,43.07665137069942,2020-07-17,2,38.0
55079002700,55079002800,-87.97176690626681,43.100825271475365,-87.97141961541004,43.10830621321033,2020-07-17,7,135.0
55079002700,55079006800,-87.97176690626681,43.100825271475365,-87.92500216567623,43.079683301494654,2020-07-17,2,38.0
55079002700,55079100900,-87.97176690626681,43.100825271475365,-88.05216898532913,43.00959788353506,2020-07-17,1,19.0
55079002700,55079003300,-87.97176690626681,43.100825271475365,-88.0173066794685,43.1010408446094,2020-07-17,2,38.0
55079002700,55079001600,-87.97176690626681,43.100825271475365,-88.01599665750028,43.11588641903863,2020-07-17,1,19.0
55079002700,55079016800,-87.97176690626681,43.100825271475365,-87.92935001478907,43.01036042537408,2020-07-17,1,19.0
55079002700,55079003600,-87.97176690626681,43.100825271475365,-87.98321131530031,43.092736225323044,2020-07-17,3,58.0
55079002700,55079003800,-87.97176690626681,43.100825271475365,-87.97215356169055,43.086187842345545,2020-07-17,3,58.0
55079002700,55079001800,-87.97176690626681,43.100825271475365,-87.99853790291819,43.115847306484916,2020-07-17,1,19.0
55079002700,55079005500,-87.97176690626681,43.100825271475365,-88.03284541742188,43.08237006688624,2020-07-17,1,19.0
55079002700,55079002900,-87.97176690626681,43.100825271475365,-87.98131890013833,43.108341188298006,2020-07-17,2,38.0
55079002700,55079050102,-87.97176690626681,43.100825271475365,-87.96743569232115,43.172443064752215,2020-07-17,2,38.0
55079002700,55079006300,-87.97176690626681,43.100825271475365,-87.95229119818997,43.07635281761954,2020-07-17,3,58.0
55079002700,55079010700,-87.97176690626681,43.100825271475365,-87.90095083433016,43.0597678010215,2020-07-17,1,19.0
55079002700,55079012600,-87.97176690626681,43.100825271475365,-87.99443577770006,43.034032251200934,2020-07-17,1,19.0
55079002700,55079005200,-87.97176690626681,43.100825271475365,-88.0124256780363,43.086227920709504,2020-07-17,1,19.0
55079002700,55079005900,-87.97176690626681,43.100825271475365,-87.98523579862835,43.06821108392844,2020-07-17,1,19.0
55079002700,55079006600,-87.97176690626681,43.100825271475365,-87.93135214789555,43.075399167305534,2020-07-17,2,38.0
55079002700,55079009800,-87.97176690626681,43.100825271475365,-87.95409571434068,43.059778012269526,2020-07-17,1,19.0
55079002700,55079000900,-87.97176690626681,43.100825271475365,-87.95566887882444,43.14970170326806,2020-07-17,1,19.0
55079002700,55079001700,-87.97176690626681,43.100825271475365,-88.01621221830194,43.10855887721336,2020-07-17,1,19.0
55079002700,55079004200,-87.97176690626681,43.100825271475365,-87.94544782159862,43.09516547779425,2020-07-17,8,154.0
55079002700,55079001500,-87.97176690626681,43.100825271475365,-88.01520145334699,43.123754077777434,2020-07-17,1,19.0
55079002700,55079002000,-87.97176690626681,43.100825271475365,-87.96815137233186,43.115621500302275,2020-07-17,5,96.0
55079002700,55079004700,-87.97176690626681,43.100825271475365,-87.94760565609727,43.08576787197636,2020-07-17,3,58.0
55079002700,55079002600,-87.97176690626681,43.100825271475365,-87.96192834607115,43.10067420371696,2020-07-17,4,77.0
55079002700,55079001100,-87.97176690626681,43.100825271475365,-87.96901390366762,43.127689901740844,2020-07-17,3,58.0
55079002700,55079009600,-87.97176690626681,43.100825271475365,-87.96486502955395,43.05277336645368,2020-07-17,1,19.0
55079002700,55079004100,-87.97176690626681,43.100825271475365,-87.95681147526382,43.0940907627305,2020-07-17,3,58.0
55079002700,55079013400,-87.97176690626681,43.100825271475365,-87.95356038604784,43.03496530197635,2020-07-17,1,19.0
55079002700,55079185600,-87.97176690626681,43.100825271475365,-87.91469071944607,43.06026722158336,2020-07-17,1,19.0
55079002700,55079014800,-87.97176690626681,43.100825271475365,-87.9402035907502,43.042125624825495,2020-07-17,2,38.0
55079002700,55079004900,-87.97176690626681,43.100825271475365,-87.97231517837423,43.077061406485264,2020-07-17,3,58.0
55079002700,55079186100,-87.97176690626681,43.100825271475365,-87.94279275484007,43.048652729679134,2020-07-17,2,38.0
55079002700,55079012900,-87.97176690626681,43.100825271475365,-87.99989477924994,43.028140622580246,2020-07-17,1,19.0
55079002700,55079006400,-87.97176690626681,43.100825271475365,-87.94234792087695,43.07421796319209,2020-07-17,1,19.0
55079002700,55079002500,-87.97176690626681,43.100825271475365,-87.96218045466739,43.10795733493045,2020-07-17,5,96.0
55079002700,55079006100,-87.97176690626681,43.100825271475365,-87.96847508739953,43.06791249267312,2020-07-17,1,19.0
55079002700,55079001000,-87.97176690626681,43.100825271475365,-87.95348314468296,43.12464896388482,2020-07-17,1,19.0
55079002700,55079008400,-87.97176690626681,43.100825271475365,-87.92332577697063,43.067583013115005,2020-07-17,1,19.0
55079002700,55079009900,-87.97176690626681,43.100825271475365,-87.94630275235495,43.060274421469344,2020-07-17,1,19.0
55079002700,55079003000,-87.97176690626681,43.100825271475365,-87.99619059962126,43.10851035065769,2020-07-17,2,38.0
55079002700,55079006500,-87.97176690626681,43.100825271475365,-87.94229465456391,43.0797331466399,2020-07-17,2,38.0
55079002700,55079185400,-87.97176690626681,43.100825271475365,-87.93768935592728,43.06023552955454,2020-07-17,1,19.0
55079002700,55079008800,-87.97176690626681,43.100825271475365,-87.94617084834631,43.06788862375971,2020-07-17,2,38.0
55079002700,55079009700,-87.97176690626681,43.100825271475365,-87.95262115062044,43.05393954073114,2020-07-17,1,19.0
55079002800,55079020000,-87.97141961541004,43.10830621321033,-87.95273620994368,42.98405311376188,2020-07-17,1,22.0
55079002800,55079002100,-87.97141961541004,43.10830621321033,-87.95315716160212,43.115529640428136,2020-07-17,2,45.0
55079002800,55079002400,-87.97141961541004,43.10830621321033,-87.95188617843814,43.106404380820805,2020-07-17,2,45.0
55079002800,55079004300,-87.97141961541004,43.10830621321033,-87.93220867621264,43.094799127568905,2020-07-17,2,45.0
55079002800,55079004500,-87.97141961541004,43.10830621321033,-87.92226909278084,43.08550885272536,2020-07-17,3,68.0
55079002800,55079000101,-87.97141961541004,43.10830621321033,-88.00922083481396,43.18510784936368,2020-07-17,3,68.0
55079002800,55079000102,-87.97141961541004,43.10830621321033,-88.01167859828367,43.164645145767146,2020-07-17,1,22.0
55079002800,55079160100,-87.97141961541004,43.10830621321033,-87.91471599062149,42.91513941042769,2020-07-17,1,22.0
55079002800,55079050101,-87.97141961541004,43.10830621321033,-87.98494662348081,43.17683059907653,2020-07-17,2,45.0
55079002800,55079090300,-87.97141961541004,43.10830621321033,-88.0515779905257,43.06739040507833,2020-07-17,2,45.0
55079002800,55079120400,-87.97141961541004,43.10830621321033,-87.96548496050795,42.96670427425607,2020-07-17,1,22.0
55079002800,55079120203,-87.97141961541004,43.10830621321033,-88.00776394431053,42.95694649923871,2020-07-17,2,45.0
55079002800,55079001200,-87.97141961541004,43.10830621321033,-87.98620080987179,43.12617611256525,2020-07-17,2,45.0
55079002800,55079002700,-87.97141961541004,43.10830621321033,-87.97176690626681,43.100825271475365,2020-07-17,1,22.0
55079002800,55079004800,-87.97141961541004,43.10830621321033,-87.96231596301399,43.077035360461494,2020-07-17,2,45.0
55079002800,55079185900,-87.97141961541004,43.10830621321033,-87.93229166080955,43.05383765471328,2020-07-17,1,22.0
55079002800,55079186000,-87.97141961541004,43.10830621321033,-87.92039854147795,43.053956957431964,2020-07-17,1,22.0
55079002800,55079003200,-87.97141961541004,43.10830621321033,-88.00111189801154,43.10115852758208,2020-07-17,1,22.0
55079002800,55079185300,-87.97141961541004,43.10830621321033,-88.04265402690729,43.049880154873065,2020-07-17,3,68.0
55079002800,55079187400,-87.97141961541004,43.10830621321033,-87.90767949876499,43.03217517915639,2020-07-17,2,45.0
55079002800,55079000800,-87.97141961541004,43.10830621321033,-87.97372753660457,43.14064967469203,2020-07-17,1,22.0
55079002800,55079000502,-87.97141961541004,43.10830621321033,-88.03128731150349,43.12480634966938,2020-07-17,1,22.0
55079002800,55079006200,-87.97141961541004,43.10830621321033,-87.96097127315564,43.067902782244275,2020-07-17,1,22.0
55079002800,55079186800,-87.97141961541004,43.10830621321033,-87.9506670108877,43.02815858561159,2020-07-17,5,114.0
55079002800,55079020100,-87.97141961541004,43.10830621321033,-87.94099671150566,42.988482506396224,2020-07-17,1,22.0
55079002800,55079005000,-87.97141961541004,43.10830621321033,-87.98327608357046,43.07665137069942,2020-07-17,1,22.0
55079002800,55079002800,-87.97141961541004,43.10830621321033,-87.97141961541004,43.10830621321033,2020-07-17,80,1830.0
55079002800,55079006800,-87.97141961541004,43.10830621321033,-87.92500216567623,43.079683301494654,2020-07-17,1,22.0
55079002800,55079186500,-87.97141961541004,43.10830621321033,-87.9130303085029,43.02319729476483,2020-07-17,1,22.0
55079002800,55079007700,-87.97141961541004,43.10830621321033,-87.88849935823362,43.06389053422122,2020-07-17,1,22.0
55079002800,55079021600,-87.97141961541004,43.10830621321033,-87.92488475274558,42.952251222261935,2020-07-17,1,22.0
55079002800,55079003400,-87.97141961541004,43.10830621321033,-88.02444287795417,43.0934576342605,2020-07-17,2,45.0
55079002800,55079005800,-87.97141961541004,43.10830621321033,-87.99994620357029,43.072303413103626,2020-07-17,1,22.0
55079002800,55079002900,-87.97141961541004,43.10830621321033,-87.98131890013833,43.108341188298006,2020-07-17,4,91.0
55079002800,55079014100,-87.97141961541004,43.10830621321033,-87.92097269793881,43.04863570292668,2020-07-17,1,22.0
55079002800,55079100800,-87.97141961541004,43.10830621321033,-88.05710943935104,43.023654444193184,2020-07-17,1,22.0
55079002800,55079050102,-87.97141961541004,43.10830621321033,-87.96743569232115,43.172443064752215,2020-07-17,1,22.0
55079002800,55079006300,-87.97141961541004,43.10830621321033,-87.95229119818997,43.07635281761954,2020-07-17,1,22.0
55079002800,55079000700,-87.97141961541004,43.10830621321033,-87.99009583376943,43.15588909293765,2020-07-17,1,22.0
55079002800,55079010700,-87.97141961541004,43.10830621321033,-87.90095083433016,43.0597678010215,2020-07-17,1,22.0
55079002800,55079012600,-87.97141961541004,43.10830621321033,-87.99443577770006,43.034032251200934,2020-07-17,1,22.0
55079002800,55079001300,-87.97141961541004,43.10830621321033,-87.99843350448002,43.126783535933505,2020-07-17,1,22.0
55079002800,55079020300,-87.97141961541004,43.10830621321033,-87.92658964497383,42.979242665655576,2020-07-17,1,22.0
55079002800,55079001500,-87.97141961541004,43.10830621321033,-88.01520145334699,43.123754077777434,2020-07-17,3,68.0
55079002800,55079002000,-87.97141961541004,43.10830621321033,-87.96815137233186,43.115621500302275,2020-07-17,1,22.0
55079002800,55079000201,-87.97141961541004,43.10830621321033,-88.0472441211064,43.1799495757708,2020-07-17,1,22.0
55079002800,55079004700,-87.97141961541004,43.10830621321033,-87.94760565609727,43.08576787197636,2020-07-17,1,22.0
55079002800,55079018500,-87.97141961541004,43.10830621321033,-87.91439743752404,42.98441904059949,2020-07-17,1,22.0
55079002800,55079002600,-87.97141961541004,43.10830621321033,-87.96192834607115,43.10067420371696,2020-07-17,1,22.0
55079002800,55079013700,-87.97141961541004,43.10830621321033,-87.94529508707278,43.04229912697773,2020-07-17,3,68.0
55079002800,55079001900,-87.97141961541004,43.10830621321033,-87.98367415791445,43.115686316787006,2020-07-17,3,68.0
55079002800,55079001100,-87.97141961541004,43.10830621321033,-87.96901390366762,43.127689901740844,2020-07-17,1,22.0
55079002800,55079014300,-87.97141961541004,43.10830621321033,-87.90101539256612,43.042731429373134,2020-07-17,1,22.0
55079002800,55079020600,-87.97141961541004,43.10830621321033,-87.90444286867323,42.9810337820488,2020-07-17,3,68.0
55079002800,55079008900,-87.97141961541004,43.10830621321033,-87.95337828163817,43.06706338271535,2020-07-17,1,22.0
55079002800,55079170100,-87.97141961541004,43.10830621321033,-87.84892368656588,42.919583500675934,2020-07-17,1,22.0
55079002800,55079005100,-87.97141961541004,43.10830621321033,-87.99757698420609,43.08261869423604,2020-07-17,1,22.0
55079002800,55079014800,-87.97141961541004,43.10830621321033,-87.9402035907502,43.042125624825495,2020-07-17,1,22.0
55079002800,55079004900,-87.97141961541004,43.10830621321033,-87.97231517837423,43.077061406485264,2020-07-17,1,22.0
55079002800,55079002500,-87.97141961541004,43.10830621321033,-87.96218045466739,43.10795733493045,2020-07-17,2,45.0
55079002800,55079008400,-87.97141961541004,43.10830621321033,-87.92332577697063,43.067583013115005,2020-07-17,1,22.0
55079002800,55079009900,-87.97141961541004,43.10830621321033,-87.94630275235495,43.060274421469344,2020-07-17,1,22.0
55079002800,55079006500,-87.97141961541004,43.10830621321033,-87.94229465456391,43.0797331466399,2020-07-17,1,22.0
55079002800,55079008800,-87.97141961541004,43.10830621321033,-87.94617084834631,43.06788862375971,2020-07-17,1,22.0
55079002800,55079006700,-87.97141961541004,43.10830621321033,-87.92040407919447,43.07437828581977,2020-07-17,1,22.0
55079004000,55079020000,-87.97205846198321,43.09342306765945,-87.95273620994368,42.98405311376188,2020-07-17,1,21.0
55079004000,55079002100,-87.97205846198321,43.09342306765945,-87.95315716160212,43.115529640428136,2020-07-17,1,21.0
55079004000,55079002400,-87.97205846198321,43.09342306765945,-87.95188617843814,43.106404380820805,2020-07-17,1,21.0
55079004000,55079004300,-87.97205846198321,43.09342306765945,-87.93220867621264,43.094799127568905,2020-07-17,2,43.0
55079004000,55079060200,-87.97205846198321,43.09342306765945,-87.9245165328896,43.11556508690733,2020-07-17,2,43.0
55079004000,55079004400,-87.97205846198321,43.09342306765945,-87.90608569163814,43.089298213737145,2020-07-17,2,43.0
55079004000,55079004500,-87.97205846198321,43.09342306765945,-87.92226909278084,43.08550885272536,2020-07-17,1,21.0
55079004000,55079012800,-87.97205846198321,43.09342306765945,-88.03145321223326,43.03059221584991,2020-07-17,1,21.0
55079004000,55079000101,-87.97205846198321,43.09342306765945,-88.00922083481396,43.18510784936368,2020-07-17,1,21.0
55079004000,55079000102,-87.97205846198321,43.09342306765945,-88.01167859828367,43.164645145767146,2020-07-17,1,21.0
55079004000,55079000202,-87.97205846198321,43.09342306765945,-88.04132965001602,43.160382512849615,2020-07-17,1,21.0
55079004000,55079002300,-87.97205846198321,43.09342306765945,-87.93621856893152,43.105985427841645,2020-07-17,2,43.0
55079004000,55079011200,-87.97205846198321,43.09342306765945,-87.89756439120579,43.055476240018415,2020-07-17,2,43.0
55079004000,55079000600,-87.97205846198321,43.09342306765945,-88.00190569680801,43.14010292722225,2020-07-17,1,21.0
55079004000,55079050101,-87.97205846198321,43.09342306765945,-87.98494662348081,43.17683059907653,2020-07-17,1,21.0
55079004000,55079186300,-87.97205846198321,43.09342306765945,-87.91799927397663,43.040616743150025,2020-07-17,1,21.0
55079004000,55079120501,-87.97205846198321,43.09342306765945,-87.96680035551529,42.94072396992586,2020-07-17,1,21.0
55079004000,55079000501,-87.97205846198321,43.09342306765945,-88.04340002069712,43.115390222488664,2020-07-17,6,130.0
55079004000,55079002700,-87.97205846198321,43.09342306765945,-87.97176690626681,43.100825271475365,2020-07-17,1,21.0
55079004000,55079004800,-87.97205846198321,43.09342306765945,-87.96231596301399,43.077035360461494,2020-07-17,3,65.0
55079004000,55079186000,-87.97205846198321,43.09342306765945,-87.92039854147795,43.053956957431964,2020-07-17,1,21.0
55079004000,55079000302,-87.97205846198321,43.09342306765945,-88.04649688617519,43.13922972061493,2020-07-17,1,21.0
55079004000,55079080300,-87.97205846198321,43.09342306765945,-87.87475616434764,43.089996653126924,2020-07-17,2,43.0
55079004000,55079014700,-87.97205846198321,43.09342306765945,-87.93551340137516,43.042200823908786,2020-07-17,1,21.0
55079004000,55079020800,-87.97205846198321,43.09342306765945,-87.87636299879055,42.985307292991365,2020-07-17,1,21.0
55079004000,55079004000,-87.97205846198321,43.09342306765945,-87.97205846198321,43.09342306765945,2020-07-17,98,2128.0
55079004000,55079004600,-87.97205846198321,43.09342306765945,-87.9321086251029,43.08569057130924,2020-07-17,1,21.0
55079004000,55079005400,-87.97205846198321,43.09342306765945,-88.02259608100492,43.0824437803151,2020-07-17,1,21.0
55079004000,55079160204,-87.97205846198321,43.09342306765945,-87.9317944903397,42.879700165258704,2020-07-17,1,21.0
55079004000,55079186800,-87.97205846198321,43.09342306765945,-87.9506670108877,43.02815858561159,2020-07-17,2,43.0
55079004000,55079001400,-87.97205846198321,43.09342306765945,-88.01656972395298,43.130900969315825,2020-07-17,2,43.0
55079004000,55079002800,-87.97205846198321,43.09342306765945,-87.97141961541004,43.10830621321033,2020-07-17,3,65.0
55079004000,55079006800,-87.97205846198321,43.09342306765945,-87.92500216567623,43.079683301494654,2020-07-17,1,21.0
55079004000,55079013600,-87.97205846198321,43.09342306765945,-87.9527511611333,43.04369545920421,2020-07-17,1,21.0
55079004000,55079140100,-87.97205846198321,43.09342306765945,-88.0188613886232,42.93745223479677,2020-07-17,1,21.0
55079004000,55079140201,-87.97205846198321,43.09342306765945,-87.99911426080601,42.93902100763907,2020-07-17,1,21.0
55079004000,55079186500,-87.97205846198321,43.09342306765945,-87.9130303085029,43.02319729476483,2020-07-17,1,21.0
55079004000,55079003300,-87.97205846198321,43.09342306765945,-88.0173066794685,43.1010408446094,2020-07-17,1,21.0
55079004000,55079001600,-87.97205846198321,43.09342306765945,-88.01599665750028,43.11588641903863,2020-07-17,1,21.0
55079004000,55079070100,-87.97205846198321,43.09342306765945,-87.9076583493148,43.12063010988105,2020-07-17,1,21.0
55079004000,55079003600,-87.97205846198321,43.09342306765945,-87.98321131530031,43.092736225323044,2020-07-17,8,173.0
55079004000,55079003800,-87.97205846198321,43.09342306765945,-87.97215356169055,43.086187842345545,2020-07-17,1,21.0
55079004000,55079014400,-87.97205846198321,43.09342306765945,-87.90784049253895,43.042413401572134,2020-07-17,1,21.0
55079004000,55079001800,-87.97205846198321,43.09342306765945,-87.99853790291819,43.115847306484916,2020-07-17,4,86.0
55079004000,55079003400,-87.97205846198321,43.09342306765945,-88.02444287795417,43.0934576342605,2020-07-17,3,65.0
55079004000,55079187000,-87.97205846198321,43.09342306765945,-87.88728455831759,43.05530607398437,2020-07-17,1,21.0
55079004000,55079002900,-87.97205846198321,43.09342306765945,-87.98131890013833,43.108341188298006,2020-07-17,2,43.0
55079004000,55079185100,-87.97205846198321,43.09342306765945,-87.86132764015301,42.9760744263621,2020-07-17,1,21.0
55079004000,55079007900,-87.97205846198321,43.09342306765945,-87.89683936352995,43.06599950452746,2020-07-17,2,43.0
55079004000,55079006300,-87.97205846198321,43.09342306765945,-87.95229119818997,43.07635281761954,2020-07-17,2,43.0
55079004000,55079016300,-87.97205846198321,43.09342306765945,-87.93764055272034,43.01572710315665,2020-07-17,1,21.0
55079004000,55079019900,-87.97205846198321,43.09342306765945,-87.98235255712866,42.973172118392476,2020-07-17,1,21.0
55079004000,55079010700,-87.97205846198321,43.09342306765945,-87.90095083433016,43.0597678010215,2020-07-17,1,21.0
55079004000,55079005700,-87.97205846198321,43.09342306765945,-88.01309831915184,43.07138814037072,2020-07-17,1,21.0
55079004000,55079017500,-87.97205846198321,43.09342306765945,-87.92965116916102,43.00287441605045,2020-07-17,1,21.0
55079004000,55079009800,-87.97205846198321,43.09342306765945,-87.95409571434068,43.059778012269526,2020-07-17,1,21.0
55079004000,55079001300,-87.97205846198321,43.09342306765945,-87.99843350448002,43.126783535933505,2020-07-17,4,86.0
55079004000,55079004200,-87.97205846198321,43.09342306765945,-87.94544782159862,43.09516547779425,2020-07-17,4,86.0
55079004000,55079011000,-87.97205846198321,43.09342306765945,-87.89727240641399,43.050053518943756,2020-07-17,2,43.0
55079004000,55079001500,-87.97205846198321,43.09342306765945,-88.01520145334699,43.123754077777434,2020-07-17,2,43.0
55079004000,55079002000,-87.97205846198321,43.09342306765945,-87.96815137233186,43.115621500302275,2020-07-17,4,86.0
55079004000,55079000201,-87.97205846198321,43.09342306765945,-88.0472441211064,43.1799495757708,2020-07-17,2,43.0
55079004000,55079004700,-87.97205846198321,43.09342306765945,-87.94760565609727,43.08576787197636,2020-07-17,2,43.0
55079004000,55079020500,-87.97205846198321,43.09342306765945,-87.92272370744391,42.988321496925906,2020-07-17,1,21.0
55079004000,55079012700,-87.97205846198321,43.09342306765945,-88.0122777504643,43.029662330242175,2020-07-17,1,21.0
55079004000,55079009100,-87.97205846198321,43.09342306765945,-87.96852806703085,43.060675408064526,2020-07-17,1,21.0
55079004000,55079013700,-87.97205846198321,43.09342306765945,-87.94529508707278,43.04229912697773,2020-07-17,3,65.0
55079004000,55079001900,-87.97205846198321,43.09342306765945,-87.98367415791445,43.115686316787006,2020-07-17,1,21.0
55079004000,55079001100,-87.97205846198321,43.09342306765945,-87.96901390366762,43.127689901740844,2020-07-17,3,65.0
55079004000,55079009600,-87.97205846198321,43.09342306765945,-87.96486502955395,43.05277336645368,2020-07-17,1,21.0
55079004000,55079004100,-87.97205846198321,43.09342306765945,-87.95681147526382,43.0940907627305,2020-07-17,3,65.0
55079004000,55079185600,-87.97205846198321,43.09342306765945,-87.91469071944607,43.06026722158336,2020-07-17,1,21.0
55079004000,55079005100,-87.97205846198321,43.09342306765945,-87.99757698420609,43.08261869423604,2020-07-17,2,43.0
55079004000,55079060102,-87.97205846198321,43.09342306765945,-87.93974960524739,43.148654535590595,2020-07-17,2,43.0
55079004000,55079004900,-87.97205846198321,43.09342306765945,-87.97231517837423,43.077061406485264,2020-07-17,1,21.0
55079004000,55079009200,-87.97205846198321,43.09342306765945,-87.97560474362125,43.06069020349929,2020-07-17,1,21.0
55079004000,55079186100,-87.97205846198321,43.09342306765945,-87.94279275484007,43.048652729679134,2020-07-17,1,21.0
55079004000,55079006400,-87.97205846198321,43.09342306765945,-87.94234792087695,43.07421796319209,2020-07-17,2,43.0
55079004000,55079003000,-87.97205846198321,43.09342306765945,-87.99619059962126,43.10851035065769,2020-07-17,1,21.0
55079004000,55079185400,-87.97205846198321,43.09342306765945,-87.93768935592728,43.06023552955454,2020-07-17,2,43.0
55079004000,55079008800,-87.97205846198321,43.09342306765945,-87.94617084834631,43.06788862375971,2020-07-17,1,21.0
55079004000,55079006900,-87.97205846198321,43.09342306765945,-87.91078185483303,43.07979537793229,2020-07-17,1,21.0
55079004000,55079009700,-87.97205846198321,43.09342306765945,-87.95262115062044,43.05393954073114,2020-07-17,1,21.0
55079004600,55079020000,-87.9321086251029,43.08569057130924,-87.95273620994368,42.98405311376188,2020-07-17,2,40.0
55079004600,55079002100,-87.9321086251029,43.08569057130924,-87.95315716160212,43.115529640428136,2020-07-17,2,40.0
55079004600,55079002400,-87.9321086251029,43.08569057130924,-87.95188617843814,43.106404380820805,2020-07-17,1,20.0
55079004600,55079004300,-87.9321086251029,43.08569057130924,-87.93220867621264,43.094799127568905,2020-07-17,10,203.0
55079004600,55079060200,-87.9321086251029,43.08569057130924,-87.9245165328896,43.11556508690733,2020-07-17,4,81.0
55079004600,55079004400,-87.9321086251029,43.08569057130924,-87.90608569163814,43.089298213737145,2020-07-17,10,203.0
55079004600,55079004500,-87.9321086251029,43.08569057130924,-87.92226909278084,43.08550885272536,2020-07-17,3,60.0
55079004600,55079002300,-87.9321086251029,43.08569057130924,-87.93621856893152,43.105985427841645,2020-07-17,1,20.0
55079004600,55079011200,-87.9321086251029,43.08569057130924,-87.89756439120579,43.055476240018415,2020-07-17,1,20.0
55079004600,55079110100,-87.9321086251029,43.08569057130924,-87.9710022364233,43.012448953036525,2020-07-17,5,101.0
55079004600,55079101000,-87.9321086251029,43.08569057130924,-88.05764456171738,42.99173938525954,2020-07-17,1,20.0
55079004600,55079018100,-87.9321086251029,43.08569057130924,-87.88469234682039,42.998709042311724,2020-07-17,1,20.0
55079004600,55079000600,-87.9321086251029,43.08569057130924,-88.00190569680801,43.14010292722225,2020-07-17,3,60.0
55079004600,55079050101,-87.9321086251029,43.08569057130924,-87.98494662348081,43.17683059907653,2020-07-17,3,60.0
55079004600,55079012400,-87.9321086251029,43.08569057130924,-87.97680856828566,43.04580144948212,2020-07-17,1,20.0
55079004600,55079090100,-87.9321086251029,43.08569057130924,-88.04837730790923,43.0973204568905,2020-07-17,2,40.0
55079004600,55079018400,-87.9321086251029,43.08569057130924,-87.90417459790928,42.9917062933768,2020-07-17,1,20.0
55079004600,55079000501,-87.9321086251029,43.08569057130924,-88.04340002069712,43.115390222488664,2020-07-17,2,40.0
55079004600,55079001200,-87.9321086251029,43.08569057130924,-87.98620080987179,43.12617611256525,2020-07-17,1,20.0
55079004600,55079002700,-87.9321086251029,43.08569057130924,-87.97176690626681,43.100825271475365,2020-07-17,1,20.0
55079004600,55079003500,-87.9321086251029,43.08569057130924,-87.99830093777771,43.09359369867719,2020-07-17,1,20.0
55079004600,55079004800,-87.9321086251029,43.08569057130924,-87.96231596301399,43.077035360461494,2020-07-17,1,20.0
55079004600,55079186000,-87.9321086251029,43.08569057130924,-87.92039854147795,43.053956957431964,2020-07-17,2,40.0
55079004600,55079003200,-87.9321086251029,43.08569057130924,-88.00111189801154,43.10115852758208,2020-07-17,1,20.0
55079004600,55079005300,-87.9321086251029,43.08569057130924,-88.01242727702714,43.07892288175221,2020-07-17,2,40.0
55079004600,55079060101,-87.9321086251029,43.08569057130924,-87.92535691568614,43.13950788268824,2020-07-17,1,20.0
55079004600,55079000302,-87.9321086251029,43.08569057130924,-88.04649688617519,43.13922972061493,2020-07-17,2,40.0
55079004600,55079080300,-87.9321086251029,43.08569057130924,-87.87475616434764,43.089996653126924,2020-07-17,1,20.0
55079004600,55079185300,-87.9321086251029,43.08569057130924,-88.04265402690729,43.049880154873065,2020-07-17,1,20.0
55079004600,55079014700,-87.9321086251029,43.08569057130924,-87.93551340137516,43.042200823908786,2020-07-17,1,20.0
55079004600,55079020800,-87.9321086251029,43.08569057130924,-87.87636299879055,42.985307292991365,2020-07-17,1,20.0
55079004600,55079000800,-87.9321086251029,43.08569057130924,-87.97372753660457,43.14064967469203,2020-07-17,1,20.0
55079004600,55079004600,-87.9321086251029,43.08569057130924,-87.9321086251029,43.08569057130924,2020-07-17,109,2215.0
55079004600,55079005400,-87.9321086251029,43.08569057130924,-88.02259608100492,43.0824437803151,2020-07-17,2,40.0
55079004600,55079000400,-87.9321086251029,43.08569057130924,-88.05554472050937,43.110954423820296,2020-07-17,1,20.0
55079004600,55079006200,-87.9321086251029,43.08569057130924,-87.96097127315564,43.067902782244275,2020-07-17,1,20.0
55079004600,55079186800,-87.9321086251029,43.08569057130924,-87.9506670108877,43.02815858561159,2020-07-17,4,81.0
55079004600,55079006000,-87.9321086251029,43.08569057130924,-87.97554005335066,43.067947929210746,2020-07-17,1,20.0
55079004600,55079020100,-87.9321086251029,43.08569057130924,-87.94099671150566,42.988482506396224,2020-07-17,1,20.0
55079004600,55079005000,-87.9321086251029,43.08569057130924,-87.98327608357046,43.07665137069942,2020-07-17,1,20.0
55079004600,55079002800,-87.9321086251029,43.08569057130924,-87.97141961541004,43.10830621321033,2020-07-17,2,40.0
55079004600,55079006800,-87.9321086251029,43.08569057130924,-87.92500216567623,43.079683301494654,2020-07-17,2,40.0
55079004600,55079007000,-87.9321086251029,43.08569057130924,-87.91122456687498,43.07424564740019,2020-07-17,3,60.0
55079004600,55079140100,-87.9321086251029,43.08569057130924,-88.0188613886232,42.93745223479677,2020-07-17,1,20.0
55079004600,55079017900,-87.9321086251029,43.08569057130924,-87.90503327479618,42.998772533253295,2020-07-17,1,20.0
55079004600,55079186500,-87.9321086251029,43.08569057130924,-87.9130303085029,43.02319729476483,2020-07-17,1,20.0
55079004600,55079008500,-87.9321086251029,43.08569057130924,-87.9298714910033,43.06776123229879,2020-07-17,2,40.0
55079004600,55079003600,-87.9321086251029,43.08569057130924,-87.98321131530031,43.092736225323044,2020-07-17,3,60.0
55079004600,55079003800,-87.9321086251029,43.08569057130924,-87.97215356169055,43.086187842345545,2020-07-17,2,40.0
55079004600,55079018000,-87.9321086251029,43.08569057130924,-87.8945288084346,43.01098558683315,2020-07-17,1,20.0
55079004600,55079003400,-87.9321086251029,43.08569057130924,-88.02444287795417,43.0934576342605,2020-07-17,2,40.0
55079004600,55079005500,-87.9321086251029,43.08569057130924,-88.03284541742188,43.08237006688624,2020-07-17,1,20.0
55079004600,55079014100,-87.9321086251029,43.08569057130924,-87.92097269793881,43.04863570292668,2020-07-17,4,81.0
55079004600,55079050102,-87.9321086251029,43.08569057130924,-87.96743569232115,43.172443064752215,2020-07-17,2,40.0
55079004600,55079007300,-87.9321086251029,43.08569057130924,-87.88807891595606,43.0779148594549,2020-07-17,2,40.0
55079004600,55079185700,-87.9321086251029,43.08569057130924,-87.91471207902771,43.06752585199898,2020-07-17,1,20.0
55079004600,55079005900,-87.9321086251029,43.08569057130924,-87.98523579862835,43.06821108392844,2020-07-17,2,40.0
55079004600,55079007200,-87.9321086251029,43.08569057130924,-87.89788270005259,43.07774402945858,2020-07-17,1,20.0
55079004600,55079006600,-87.9321086251029,43.08569057130924,-87.93135214789555,43.075399167305534,2020-07-17,4,81.0
55079004600,55079007600,-87.9321086251029,43.08569057130924,-87.87859580944733,43.06399812725538,2020-07-17,2,40.0
55079004600,55079001300,-87.9321086251029,43.08569057130924,-87.99843350448002,43.126783535933505,2020-07-17,3,60.0
55079004600,55079004200,-87.9321086251029,43.08569057130924,-87.94544782159862,43.09516547779425,2020-07-17,3,60.0
55079004600,55079014900,-87.9321086251029,43.08569057130924,-87.94481830610269,43.03704436935605,2020-07-17,3,60.0
55079004600,55079001500,-87.9321086251029,43.08569057130924,-88.01520145334699,43.123754077777434,2020-07-17,1,20.0
55079004600,55079080400,-87.9321086251029,43.08569057130924,-87.88848724040903,43.08594082590386,2020-07-17,1,20.0
55079004600,55079002000,-87.9321086251029,43.08569057130924,-87.96815137233186,43.115621500302275,2020-07-17,1,20.0
55079004600,55079000201,-87.9321086251029,43.08569057130924,-88.0472441211064,43.1799495757708,2020-07-17,3,60.0
55079004600,55079004700,-87.9321086251029,43.08569057130924,-87.94760565609727,43.08576787197636,2020-07-17,7,142.0
55079004600,55079001100,-87.9321086251029,43.08569057130924,-87.96901390366762,43.127689901740844,2020-07-17,1,20.0
55079004600,55079009600,-87.9321086251029,43.08569057130924,-87.96486502955395,43.05277336645368,2020-07-17,1,20.0
55079004600,55079020600,-87.9321086251029,43.08569057130924,-87.90444286867323,42.9810337820488,2020-07-17,1,20.0
55079004600,55079004100,-87.9321086251029,43.08569057130924,-87.95681147526382,43.0940907627305,2020-07-17,1,20.0
55079004600,55079091000,-87.9321086251029,43.08569057130924,-87.99705672432205,43.06433297165757,2020-07-17,1,20.0
55079004600,55079186200,-87.9321086251029,43.08569057130924,-87.93244814260824,43.04856605375616,2020-07-17,3,60.0
55079004600,55079005100,-87.9321086251029,43.08569057130924,-87.99757698420609,43.08261869423604,2020-07-17,1,20.0
55079004600,55079014800,-87.9321086251029,43.08569057130924,-87.9402035907502,43.042125624825495,2020-07-17,1,20.0
55079004600,55079060102,-87.9321086251029,43.08569057130924,-87.93974960524739,43.148654535590595,2020-07-17,2,40.0
55079004600,55079004900,-87.9321086251029,43.08569057130924,-87.97231517837423,43.077061406485264,2020-07-17,1,20.0
55079004600,55079006100,-87.9321086251029,43.08569057130924,-87.96847508739953,43.06791249267312,2020-07-17,1,20.0
55079004600,55079003000,-87.9321086251029,43.08569057130924,-87.99619059962126,43.10851035065769,2020-07-17,1,20.0
55079004600,55079006500,-87.9321086251029,43.08569057130924,-87.94229465456391,43.0797331466399,2020-07-17,2,40.0
55079004600,55079008800,-87.9321086251029,43.08569057130924,-87.94617084834631,43.06788862375971,2020-07-17,2,40.0
55079004600,55079006900,-87.9321086251029,43.08569057130924,-87.91078185483303,43.07979537793229,2020-07-17,1,20.0
55079006700,55079020000,-87.92040407919447,43.07437828581977,-87.95273620994368,42.98405311376188,2020-07-17,1,28.0
55079006700,55079002100,-87.92040407919447,43.07437828581977,-87.95315716160212,43.115529640428136,2020-07-17,1,28.0
55079006700,55079004300,-87.92040407919447,43.07437828581977,-87.93220867621264,43.094799127568905,2020-07-17,1,28.0
55079006700,55079060200,-87.92040407919447,43.07437828581977,-87.9245165328896,43.11556508690733,2020-07-17,3,86.0
55079006700,55079004500,-87.92040407919447,43.07437828581977,-87.92226909278084,43.08550885272536,2020-07-17,1,28.0
55079006700,55079000101,-87.92040407919447,43.07437828581977,-88.00922083481396,43.18510784936368,2020-07-17,1,28.0
55079006700,55079010800,-87.92040407919447,43.07437828581977,-87.88986181293924,43.05733829509928,2020-07-17,2,57.0
55079006700,55079050101,-87.92040407919447,43.07437828581977,-87.98494662348081,43.17683059907653,2020-07-17,2,57.0
55079006700,55079021700,-87.92040407919447,43.07437828581977,-87.91312462574102,42.94052513723052,2020-07-17,1,28.0
55079006700,55079187400,-87.92040407919447,43.07437828581977,-87.90767949876499,43.03217517915639,2020-07-17,1,28.0
55079006700,55079006000,-87.92040407919447,43.07437828581977,-87.97554005335066,43.067947929210746,2020-07-17,1,28.0
55079006700,55079091200,-87.92040407919447,43.07437828581977,-88.00388284004167,43.0467075980639,2020-07-17,1,28.0
55079006700,55079006800,-87.92040407919447,43.07437828581977,-87.92500216567623,43.079683301494654,2020-07-17,2,57.0
55079006700,55079007000,-87.92040407919447,43.07437828581977,-87.91122456687498,43.07424564740019,2020-07-17,1,28.0
55079006700,55079008500,-87.92040407919447,43.07437828581977,-87.9298714910033,43.06776123229879,2020-07-17,1,28.0
55079006700,55079001800,-87.92040407919447,43.07437828581977,-87.99853790291819,43.115847306484916,2020-07-17,1,28.0
55079006700,55079003400,-87.92040407919447,43.07437828581977,-88.02444287795417,43.0934576342605,2020-07-17,1,28.0
55079006700,55079005800,-87.92040407919447,43.07437828581977,-87.99994620357029,43.072303413103626,2020-07-17,1,28.0
55079006700,55079007100,-87.92040407919447,43.07437828581977,-87.90149576859913,43.07383574480911,2020-07-17,1,28.0
55079006700,55079185700,-87.92040407919447,43.07437828581977,-87.91471207902771,43.06752585199898,2020-07-17,1,28.0
55079006700,55079010700,-87.92040407919447,43.07437828581977,-87.90095083433016,43.0597678010215,2020-07-17,1,28.0
55079006700,55079005700,-87.92040407919447,43.07437828581977,-88.01309831915184,43.07138814037072,2020-07-17,1,28.0
55079006700,55079006600,-87.92040407919447,43.07437828581977,-87.93135214789555,43.075399167305534,2020-07-17,2,57.0
55079006700,55079004200,-87.92040407919447,43.07437828581977,-87.94544782159862,43.09516547779425,2020-07-17,3,86.0
55079006700,55079014900,-87.92040407919447,43.07437828581977,-87.94481830610269,43.03704436935605,2020-07-17,1,28.0
55079006700,55079002000,-87.92040407919447,43.07437828581977,-87.96815137233186,43.115621500302275,2020-07-17,1,28.0
55079006700,55079007800,-87.92040407919447,43.07437828581977,-87.88801504624632,43.07075279367613,2020-07-17,1,28.0
55079006700,55079009000,-87.92040407919447,43.07437828581977,-87.9610837883489,43.060355868415826,2020-07-17,1,28.0
55079006700,55079010600,-87.92040407919447,43.07437828581977,-87.90749884397533,43.060136167504425,2020-07-17,1,28.0
55079006700,55079100300,-87.92040407919447,43.07437828581977,-88.00316709835943,43.017354422985534,2020-07-17,1,28.0
55079006700,55079185600,-87.92040407919447,43.07437828581977,-87.91469071944607,43.06026722158336,2020-07-17,2,57.0
55079006700,55079004900,-87.92040407919447,43.07437828581977,-87.97231517837423,43.077061406485264,2020-07-17,1,28.0
55079006700,55079002500,-87.92040407919447,43.07437828581977,-87.96218045466739,43.10795733493045,2020-07-17,2,57.0
55079006700,55079001000,-87.92040407919447,43.07437828581977,-87.95348314468296,43.12464896388482,2020-07-17,1,28.0
55079006700,55079002200,-87.92040407919447,43.07437828581977,-87.9335870089048,43.11469059411332,2020-07-17,1,28.0
55079006700,55079009900,-87.92040407919447,43.07437828581977,-87.94630275235495,43.060274421469344,2020-07-17,1,28.0
55079006700,55079006500,-87.92040407919447,43.07437828581977,-87.94229465456391,43.0797331466399,2020-07-17,1,28.0
55079006700,55079185400,-87.92040407919447,43.07437828581977,-87.93768935592728,43.06023552955454,2020-07-17,1,28.0
55079006700,55079015900,-87.92040407919447,43.07437828581977,-87.9473669417017,43.02159668337006,2020-07-17,1,28.0
55079006700,55079006700,-87.92040407919447,43.07437828581977,-87.92040407919447,43.07437828581977,2020-07-17,34,977.0
55079007600,55079020000,-87.87859580944733,43.06399812725538,-87.95273620994368,42.98405311376188,2020-07-17,1,34.0
55079007600,55079060200,-87.87859580944733,43.06399812725538,-87.9245165328896,43.11556508690733,2020-07-17,1,34.0
55079007600,55079004400,-87.87859580944733,43.06399812725538,-87.90608569163814,43.089298213737145,2020-07-17,2,69.0
55079007600,55079000202,-87.87859580944733,43.06399812725538,-88.04132965001602,43.160382512849615,2020-07-17,2,69.0
55079007600,55079010800,-87.87859580944733,43.06399812725538,-87.88986181293924,43.05733829509928,2020-07-17,1,34.0
55079007600,55079110100,-87.87859580944733,43.06399812725538,-87.9710022364233,43.012448953036525,2020-07-17,1,34.0
55079007600,55079090300,-87.87859580944733,43.06399812725538,-88.0515779905257,43.06739040507833,2020-07-17,1,34.0
55079007600,55079186300,-87.87859580944733,43.06399812725538,-87.91799927397663,43.040616743150025,2020-07-17,2,69.0
55079007600,55079090900,-87.87859580944733,43.06399812725538,-88.00270912368009,43.06124682618238,2020-07-17,1,34.0
55079007600,55079004800,-87.87859580944733,43.06399812725538,-87.96231596301399,43.077035360461494,2020-07-17,1,34.0
55079007600,55079060101,-87.87859580944733,43.06399812725538,-87.92535691568614,43.13950788268824,2020-07-17,1,34.0
55079007600,55079080300,-87.87859580944733,43.06399812725538,-87.87475616434764,43.089996653126924,2020-07-17,1,34.0
55079007600,55079185300,-87.87859580944733,43.06399812725538,-88.04265402690729,43.049880154873065,2020-07-17,2,69.0
55079007600,55079187400,-87.87859580944733,43.06399812725538,-87.90767949876499,43.03217517915639,2020-07-17,1,34.0
55079007600,55079150304,-87.87859580944733,43.06399812725538,-88.02760163837803,42.91519132559998,2020-07-17,1,34.0
55079007600,55079000800,-87.87859580944733,43.06399812725538,-87.97372753660457,43.14064967469203,2020-07-17,1,34.0
55079007600,55079130200,-87.87859580944733,43.06399812725538,-88.05891051157585,42.93732261654573,2020-07-17,1,34.0
55079007600,55079004600,-87.87859580944733,43.06399812725538,-87.9321086251029,43.08569057130924,2020-07-17,1,34.0
55079007600,55079186800,-87.87859580944733,43.06399812725538,-87.9506670108877,43.02815858561159,2020-07-17,1,34.0
55079007600,55079091200,-87.87859580944733,43.06399812725538,-88.00388284004167,43.0467075980639,2020-07-17,4,139.0
55079007600,55079017900,-87.87859580944733,43.06399812725538,-87.90503327479618,42.998772533253295,2020-07-17,2,69.0
55079007600,55079186500,-87.87859580944733,43.06399812725538,-87.9130303085029,43.02319729476483,2020-07-17,1,34.0
55079007600,55079101400,-87.87859580944733,43.06399812725538,-88.02735540531337,43.00631524274058,2020-07-17,1,34.0
55079007600,55079007700,-87.87859580944733,43.06399812725538,-87.88849935823362,43.06389053422122,2020-07-17,5,173.0
55079007600,55079011300,-87.87859580944733,43.06399812725538,-87.90713298111844,43.04890661506502,2020-07-17,3,104.0
55079007600,55079014400,-87.87859580944733,43.06399812725538,-87.90784049253895,43.042413401572134,2020-07-17,3,104.0
55079007600,55079018000,-87.87859580944733,43.06399812725538,-87.8945288084346,43.01098558683315,2020-07-17,1,34.0
55079007600,55079070200,-87.87859580944733,43.06399812725538,-87.8919112738197,43.1133970416122,2020-07-17,1,34.0
55079007600,55079187000,-87.87859580944733,43.06399812725538,-87.88728455831759,43.05530607398437,2020-07-17,2,69.0
55079007600,55079002900,-87.87859580944733,43.06399812725538,-87.98131890013833,43.108341188298006,2020-07-17,1,34.0
55079007600,55079150301,-87.87859580944733,43.06399812725538,-88.05345903025625,42.89781994777656,2020-07-17,1,34.0
55079007600,55079120201,-87.87859580944733,43.06399812725538,-88.01868214174351,42.96737507435749,2020-07-17,1,34.0
55079007600,55079016300,-87.87859580944733,43.06399812725538,-87.93764055272034,43.01572710315665,2020-07-17,1,34.0
55079007600,55079100200,-87.87859580944733,43.06399812725538,-87.99137992566246,43.01460892403096,2020-07-17,1,34.0
55079007600,55079005200,-87.87859580944733,43.06399812725538,-88.0124256780363,43.086227920709504,2020-07-17,1,34.0
55079007600,55079007200,-87.87859580944733,43.06399812725538,-87.89788270005259,43.07774402945858,2020-07-17,1,34.0
55079007600,55079007600,-87.87859580944733,43.06399812725538,-87.87859580944733,43.06399812725538,2020-07-17,78,2710.0
55079007600,55079017400,-87.87859580944733,43.06399812725538,-87.9382983850757,43.00476614107047,2020-07-17,1,34.0
55079007600,55079004200,-87.87859580944733,43.06399812725538,-87.94544782159862,43.09516547779425,2020-07-17,1,34.0
55079007600,55079000201,-87.87859580944733,43.06399812725538,-88.0472441211064,43.1799495757708,2020-07-17,1,34.0
55079007600,55079018200,-87.87859580944733,43.06399812725538,-87.87369831321716,42.99249911585218,2020-07-17,1,34.0
55079007600,55079007800,-87.87859580944733,43.06399812725538,-87.88801504624632,43.07075279367613,2020-07-17,3,104.0
55079007600,55079002600,-87.87859580944733,43.06399812725538,-87.96192834607115,43.10067420371696,2020-07-17,1,34.0
55079007600,55079001900,-87.87859580944733,43.06399812725538,-87.98367415791445,43.115686316787006,2020-07-17,1,34.0
55079007600,55079016500,-87.87859580944733,43.06399812725538,-87.91153110922029,43.01579142211555,2020-07-17,1,34.0
55079007600,55079170100,-87.87859580944733,43.06399812725538,-87.84892368656588,42.919583500675934,2020-07-17,1,34.0
55079007600,55079186900,-87.87859580944733,43.06399812725538,-87.88804149673794,43.05226526687869,2020-07-17,1,34.0
55079007600,55079007400,-87.87859580944733,43.06399812725538,-87.87216855868374,43.078043126250115,2020-07-17,1,34.0
55079007600,55079185400,-87.87859580944733,43.06399812725538,-87.93768935592728,43.06023552955454,2020-07-17,1,34.0
55079008100,55079020000,-87.90743836658615,43.067471782486706,-87.95273620994368,42.98405311376188,2020-07-17,1,20.0
55079008100,55079002400,-87.90743836658615,43.067471782486706,-87.95188617843814,43.106404380820805,2020-07-17,1,20.0
55079008100,55079004300,-87.90743836658615,43.067471782486706,-87.93220867621264,43.094799127568905,2020-07-17,1,20.0
55079008100,55079004400,-87.90743836658615,43.067471782486706,-87.90608569163814,43.089298213737145,2020-07-17,4,83.0
55079008100,55079016200,-87.90743836658615,43.067471782486706,-87.94745090497267,43.01660575920564,2020-07-17,1,20.0
55079008100,55079000202,-87.90743836658615,43.067471782486706,-88.04132965001602,43.160382512849615,2020-07-17,1,20.0
55079008100,55079002300,-87.90743836658615,43.067471782486706,-87.93621856893152,43.105985427841645,2020-07-17,1,20.0
55079008100,55079010800,-87.90743836658615,43.067471782486706,-87.88986181293924,43.05733829509928,2020-07-17,2,41.0
55079008100,55079011200,-87.90743836658615,43.067471782486706,-87.89756439120579,43.055476240018415,2020-07-17,1,20.0
55079008100,55079050101,-87.90743836658615,43.067471782486706,-87.98494662348081,43.17683059907653,2020-07-17,1,20.0
55079008100,55079090300,-87.90743836658615,43.067471782486706,-88.0515779905257,43.06739040507833,2020-07-17,1,20.0
55079008100,55079186300,-87.90743836658615,43.067471782486706,-87.91799927397663,43.040616743150025,2020-07-17,1,20.0
55079008100,55079021700,-87.90743836658615,43.067471782486706,-87.91312462574102,42.94052513723052,2020-07-17,1,20.0
55079008100,55079090200,-87.90743836658615,43.067471782486706,-88.05200796218348,43.081902180003375,2020-07-17,1,20.0
55079008100,55079001200,-87.90743836658615,43.067471782486706,-87.98620080987179,43.12617611256525,2020-07-17,2,41.0
55079008100,55079003500,-87.90743836658615,43.067471782486706,-87.99830093777771,43.09359369867719,2020-07-17,2,41.0
55079008100,55079003200,-87.90743836658615,43.067471782486706,-88.00111189801154,43.10115852758208,2020-07-17,1,20.0
55079008100,55079185500,-87.90743836658615,43.067471782486706,-87.92624880733425,43.0601763240656,2020-07-17,1,20.0
55079008100,55079185300,-87.90743836658615,43.067471782486706,-88.04265402690729,43.049880154873065,2020-07-17,3,62.0
55079008100,55079120502,-87.90743836658615,43.067471782486706,-87.96510992081555,42.95304728304586,2020-07-17,1,20.0
55079008100,55079187400,-87.90743836658615,43.067471782486706,-87.90767949876499,43.03217517915639,2020-07-17,2,41.0
55079008100,55079007000,-87.90743836658615,43.067471782486706,-87.91122456687498,43.07424564740019,2020-07-17,3,62.0
55079008100,55079016800,-87.90743836658615,43.067471782486706,-87.92935001478907,43.01036042537408,2020-07-17,1,20.0
55079008100,55079008500,-87.90743836658615,43.067471782486706,-87.9298714910033,43.06776123229879,2020-07-17,1,20.0
55079008100,55079008100,-87.90743836658615,43.067471782486706,-87.90743836658615,43.067471782486706,2020-07-17,47,981.0
55079008100,55079003600,-87.90743836658615,43.067471782486706,-87.98321131530031,43.092736225323044,2020-07-17,1,20.0
55079008100,55079003800,-87.90743836658615,43.067471782486706,-87.97215356169055,43.086187842345545,2020-07-17,1,20.0
55079008100,55079100400,-87.90743836658615,43.067471782486706,-88.01166560297426,43.0170103539625,2020-07-17,1,20.0
55079008100,55079003400,-87.90743836658615,43.067471782486706,-88.02444287795417,43.0934576342605,2020-07-17,1,20.0
55079008100,55079187000,-87.90743836658615,43.067471782486706,-87.88728455831759,43.05530607398437,2020-07-17,2,41.0
55079008100,55079014100,-87.90743836658615,43.067471782486706,-87.92097269793881,43.04863570292668,2020-07-17,1,20.0
55079008100,55079007100,-87.90743836658615,43.067471782486706,-87.90149576859913,43.07383574480911,2020-07-17,2,41.0
55079008100,55079007900,-87.90743836658615,43.067471782486706,-87.89683936352995,43.06599950452746,2020-07-17,1,20.0
55079008100,55079185700,-87.90743836658615,43.067471782486706,-87.91471207902771,43.06752585199898,2020-07-17,4,83.0
55079008100,55079010700,-87.90743836658615,43.067471782486706,-87.90095083433016,43.0597678010215,2020-07-17,1,20.0
55079008100,55079012600,-87.90743836658615,43.067471782486706,-87.99443577770006,43.034032251200934,2020-07-17,1,20.0
55079008100,55079007200,-87.90743836658615,43.067471782486706,-87.89788270005259,43.07774402945858,2020-07-17,1,20.0
55079008100,55079016700,-87.90743836658615,43.067471782486706,-87.92209519609614,43.010301162214034,2020-07-17,1,20.0
55079008100,55079004200,-87.90743836658615,43.067471782486706,-87.94544782159862,43.09516547779425,2020-07-17,2,41.0
55079008100,55079011000,-87.90743836658615,43.067471782486706,-87.89727240641399,43.050053518943756,2020-07-17,1,20.0
55079008100,55079001500,-87.90743836658615,43.067471782486706,-88.01520145334699,43.123754077777434,2020-07-17,1,20.0
55079008100,55079002000,-87.90743836658615,43.067471782486706,-87.96815137233186,43.115621500302275,2020-07-17,1,20.0
55079008100,55079000201,-87.90743836658615,43.067471782486706,-88.0472441211064,43.1799495757708,2020-07-17,1,20.0
55079008100,55079012700,-87.90743836658615,43.067471782486706,-88.0122777504643,43.029662330242175,2020-07-17,1,20.0
55079008100,55079009100,-87.90743836658615,43.067471782486706,-87.96852806703085,43.060675408064526,2020-07-17,1,20.0
55079008100,55079004100,-87.90743836658615,43.067471782486706,-87.95681147526382,43.0940907627305,2020-07-17,1,20.0
55079008100,55079186900,-87.90743836658615,43.067471782486706,-87.88804149673794,43.05226526687869,2020-07-17,1,20.0
55079008100,55079185600,-87.90743836658615,43.067471782486706,-87.91469071944607,43.06026722158336,2020-07-17,4,83.0
55079008100,55079005100,-87.90743836658615,43.067471782486706,-87.99757698420609,43.08261869423604,2020-07-17,1,20.0
55079008100,55079004900,-87.90743836658615,43.067471782486706,-87.97231517837423,43.077061406485264,2020-07-17,1,20.0
55079008100,55079008000,-87.90743836658615,43.067471782486706,-87.90282982859381,43.067480284048756,2020-07-17,4,83.0
55079008100,55079009200,-87.90743836658615,43.067471782486706,-87.97560474362125,43.06069020349929,2020-07-17,1,20.0
55079008100,55079186100,-87.90743836658615,43.067471782486706,-87.94279275484007,43.048652729679134,2020-07-17,1,20.0
55079008100,55079008400,-87.90743836658615,43.067471782486706,-87.92332577697063,43.067583013115005,2020-07-17,1,20.0
55079008100,55079003000,-87.90743836658615,43.067471782486706,-87.99619059962126,43.10851035065769,2020-07-17,1,20.0
55079008100,55079185400,-87.90743836658615,43.067471782486706,-87.93768935592728,43.06023552955454,2020-07-17,1,20.0
55079008100,55079008800,-87.90743836658615,43.067471782486706,-87.94617084834631,43.06788862375971,2020-07-17,1,20.0
55079008100,55079006900,-87.90743836658615,43.067471782486706,-87.91078185483303,43.07979537793229,2020-07-17,2,41.0
55079009600,55079020000,-87.96486502955395,43.05277336645368,-87.95273620994368,42.98405311376188,2020-07-17,4,41.0
55079009600,55079002400,-87.96486502955395,43.05277336645368,-87.95188617843814,43.106404380820805,2020-07-17,1,10.0
55079009600,55079060200,-87.96486502955395,43.05277336645368,-87.9245165328896,43.11556508690733,2020-07-17,1,10.0
55079009600,55079004400,-87.96486502955395,43.05277336645368,-87.90608569163814,43.089298213737145,2020-07-17,4,41.0
55079009600,55079004500,-87.96486502955395,43.05277336645368,-87.92226909278084,43.08550885272536,2020-07-17,1,10.0
55079009600,55079015700,-87.96486502955395,43.05277336645368,-87.92777138656925,43.021663598322064,2020-07-17,2,20.0
55079009600,55079019000,-87.96486502955395,43.05277336645368,-87.967877289968,42.995496154489715,2020-07-17,1,10.0
55079009600,55079002300,-87.96486502955395,43.05277336645368,-87.93621856893152,43.105985427841645,2020-07-17,1,10.0
55079009600,55079110100,-87.96486502955395,43.05277336645368,-87.9710022364233,43.012448953036525,2020-07-17,10,103.0
55079009600,55079160100,-87.96486502955395,43.05277336645368,-87.91471599062149,42.91513941042769,2020-07-17,1,10.0
55079009600,55079000600,-87.96486502955395,43.05277336645368,-88.00190569680801,43.14010292722225,2020-07-17,1,10.0
55079009600,55079090300,-87.96486502955395,43.05277336645368,-88.0515779905257,43.06739040507833,2020-07-17,1,10.0
55079009600,55079186300,-87.96486502955395,43.05277336645368,-87.91799927397663,43.040616743150025,2020-07-17,3,30.0
55079009600,55079012400,-87.96486502955395,43.05277336645368,-87.97680856828566,43.04580144948212,2020-07-17,2,20.0
55079009600,55079120501,-87.96486502955395,43.05277336645368,-87.96680035551529,42.94072396992586,2020-07-17,1,10.0
55079009600,55079090200,-87.96486502955395,43.05277336645368,-88.05200796218348,43.081902180003375,2020-07-17,2,20.0
55079009600,55079120400,-87.96486502955395,43.05277336645368,-87.96548496050795,42.96670427425607,2020-07-17,1,10.0
55079009600,55079120203,-87.96486502955395,43.05277336645368,-88.00776394431053,42.95694649923871,2020-07-17,1,10.0
55079009600,55079160300,-87.96486502955395,43.05277336645368,-87.8893867076047,42.856940087232964,2020-07-17,2,20.0
55079009600,55079000501,-87.96486502955395,43.05277336645368,-88.04340002069712,43.115390222488664,2020-07-17,1,10.0
55079009600,55079002700,-87.96486502955395,43.05277336645368,-87.97176690626681,43.100825271475365,2020-07-17,1,10.0
55079009600,55079004800,-87.96486502955395,43.05277336645368,-87.96231596301399,43.077035360461494,2020-07-17,3,30.0
55079009600,55079009500,-87.96486502955395,43.05277336645368,-87.97530476217976,43.0530114064315,2020-07-17,2,20.0
55079009600,55079186000,-87.96486502955395,43.05277336645368,-87.92039854147795,43.053956957431964,2020-07-17,4,41.0
55079009600,55079021400,-87.96486502955395,43.05277336645368,-87.93891709359613,42.96295890378409,2020-07-17,1,10.0
55079009600,55079185300,-87.96486502955395,43.05277336645368,-88.04265402690729,43.049880154873065,2020-07-17,2,20.0
55079009600,55079020800,-87.96486502955395,43.05277336645368,-87.87636299879055,42.985307292991365,2020-07-17,1,10.0
55079009600,55079187400,-87.96486502955395,43.05277336645368,-87.90767949876499,43.03217517915639,2020-07-17,1,10.0
55079009600,55079012500,-87.96486502955395,43.05277336645368,-87.97654888060033,43.037091021714275,2020-07-17,1,10.0
55079009600,55079004000,-87.96486502955395,43.05277336645368,-87.97205846198321,43.09342306765945,2020-07-17,2,20.0
55079009600,55079004600,-87.96486502955395,43.05277336645368,-87.9321086251029,43.08569057130924,2020-07-17,1,10.0
55079009600,55079005400,-87.96486502955395,43.05277336645368,-88.02259608100492,43.0824437803151,2020-07-17,4,41.0
55079009600,55079000502,-87.96486502955395,43.05277336645368,-88.03128731150349,43.12480634966938,2020-07-17,1,10.0
55079009600,55079006200,-87.96486502955395,43.05277336645368,-87.96097127315564,43.067902782244275,2020-07-17,5,51.0
55079009600,55079006000,-87.96486502955395,43.05277336645368,-87.97554005335066,43.067947929210746,2020-07-17,1,10.0
55079009600,55079091200,-87.96486502955395,43.05277336645368,-88.00388284004167,43.0467075980639,2020-07-17,1,10.0
55079009600,55079005000,-87.96486502955395,43.05277336645368,-87.98327608357046,43.07665137069942,2020-07-17,2,20.0
55079009600,55079002800,-87.96486502955395,43.05277336645368,-87.97141961541004,43.10830621321033,2020-07-17,1,10.0
55079009600,55079014600,-87.96486502955395,43.05277336645368,-87.93032605572249,43.04237842637439,2020-07-17,2,20.0
55079009600,55079100900,-87.96486502955395,43.05277336645368,-88.05216898532913,43.00959788353506,2020-07-17,2,20.0
55079009600,55079007000,-87.96486502955395,43.05277336645368,-87.91122456687498,43.07424564740019,2020-07-17,2,20.0
55079009600,55079186500,-87.96486502955395,43.05277336645368,-87.9130303085029,43.02319729476483,2020-07-17,2,20.0
55079009600,55079001600,-87.96486502955395,43.05277336645368,-88.01599665750028,43.11588641903863,2020-07-17,2,20.0
55079009600,55079120101,-87.96486502955395,43.05277336645368,-88.04814010007517,42.95916305909443,2020-07-17,1,10.0
55079009600,55079008100,-87.96486502955395,43.05277336645368,-87.90743836658615,43.067471782486706,2020-07-17,1,10.0
55079009600,55079003600,-87.96486502955395,43.05277336645368,-87.98321131530031,43.092736225323044,2020-07-17,1,10.0
55079009600,55079035100,-87.96486502955395,43.05277336645368,-87.89285549776399,43.15380150659221,2020-07-17,1,10.0
55079009600,55079014400,-87.96486502955395,43.05277336645368,-87.90784049253895,43.042413401572134,2020-07-17,1,10.0
55079009600,55079070200,-87.96486502955395,43.05277336645368,-87.8919112738197,43.1133970416122,2020-07-17,2,20.0
55079009600,55079021600,-87.96486502955395,43.05277336645368,-87.92488475274558,42.952251222261935,2020-07-17,1,10.0
55079009600,55079016100,-87.96486502955395,43.05277336645368,-87.95946595975387,43.016089910899275,2020-07-17,1,10.0
55079009600,55079002900,-87.96486502955395,43.05277336645368,-87.98131890013833,43.108341188298006,2020-07-17,1,10.0
55079009600,55079120102,-87.96486502955395,43.05277336645368,-88.04966546230908,42.97409794368699,2020-07-17,2,20.0
55079009600,55079019600,-87.96486502955395,43.05277336645368,-88.00769668957767,42.984657216409644,2020-07-17,1,10.0
55079009600,55079050102,-87.96486502955395,43.05277336645368,-87.96743569232115,43.172443064752215,2020-07-17,2,20.0
55079009600,55079006300,-87.96486502955395,43.05277336645368,-87.95229119818997,43.07635281761954,2020-07-17,4,41.0
55079009600,55079000700,-87.96486502955395,43.05277336645368,-87.99009583376943,43.15588909293765,2020-07-17,2,20.0
55079009600,55079020400,-87.96486502955395,43.05277336645368,-87.9300852632457,42.98834002972675,2020-07-17,1,10.0
55079009600,55079100200,-87.96486502955395,43.05277336645368,-87.99137992566246,43.01460892403096,2020-07-17,1,10.0
55079009600,55079005900,-87.96486502955395,43.05277336645368,-87.98523579862835,43.06821108392844,2020-07-17,2,20.0
55079009600,55079006600,-87.96486502955395,43.05277336645368,-87.93135214789555,43.075399167305534,2020-07-17,1,10.0
55079009600,55079009800,-87.96486502955395,43.05277336645368,-87.95409571434068,43.059778012269526,2020-07-17,1,10.0
55079009600,55079001300,-87.96486502955395,43.05277336645368,-87.99843350448002,43.126783535933505,2020-07-17,2,20.0
55079009600,55079001700,-87.96486502955395,43.05277336645368,-88.01621221830194,43.10855887721336,2020-07-17,1,10.0
55079009600,55079004200,-87.96486502955395,43.05277336645368,-87.94544782159862,43.09516547779425,2020-07-17,2,20.0
55079009600,55079014900,-87.96486502955395,43.05277336645368,-87.94481830610269,43.03704436935605,2020-07-17,1,10.0
55079009600,55079012300,-87.96486502955395,43.05277336645368,-87.96196748080853,43.043599093031496,2020-07-17,4,41.0
55079009600,55079080400,-87.96486502955395,43.05277336645368,-87.88848724040903,43.08594082590386,2020-07-17,2,20.0
55079009600,55079000201,-87.96486502955395,43.05277336645368,-88.0472441211064,43.1799495757708,2020-07-17,2,20.0
55079009600,55079021500,-87.96486502955395,43.05277336645368,-87.94398245259515,42.952098604888974,2020-07-17,1,10.0
55079009600,55079012700,-87.96486502955395,43.05277336645368,-88.0122777504643,43.029662330242175,2020-07-17,1,10.0
55079009600,55079002600,-87.96486502955395,43.05277336645368,-87.96192834607115,43.10067420371696,2020-07-17,1,10.0
55079009600,55079009000,-87.96486502955395,43.05277336645368,-87.9610837883489,43.060355868415826,2020-07-17,8,82.0
55079009600,55079009100,-87.96486502955395,43.05277336645368,-87.96852806703085,43.060675408064526,2020-07-17,4,41.0
55079009600,55079003700,-87.96486502955395,43.05277336645368,-87.98336380852676,43.08546039091554,2020-07-17,7,72.0
55079009600,55079001100,-87.96486502955395,43.05277336645368,-87.96901390366762,43.127689901740844,2020-07-17,1,10.0
55079009600,55079017600,-87.96486502955395,43.05277336645368,-87.92236059293215,43.00280872383964,2020-07-17,1,10.0
55079009600,55079186400,-87.96486502955395,43.05277336645368,-87.93038892981184,43.03695266796131,2020-07-17,2,20.0
55079009600,55079009600,-87.96486502955395,43.05277336645368,-87.96486502955395,43.05277336645368,2020-07-17,157,1617.0
55079009600,55079101300,-87.96486502955395,43.05277336645368,-88.02770018483265,42.99907770295741,2020-07-17,1,10.0
55079009600,55079008900,-87.96486502955395,43.05277336645368,-87.95337828163817,43.06706338271535,2020-07-17,1,10.0
55079009600,55079004100,-87.96486502955395,43.05277336645368,-87.95681147526382,43.0940907627305,2020-07-17,1,10.0
55079009600,55079013400,-87.96486502955395,43.05277336645368,-87.95356038604784,43.03496530197635,2020-07-17,2,20.0
55079009600,55079091000,-87.96486502955395,43.05277336645368,-87.99705672432205,43.06433297165757,2020-07-17,1,10.0
55079009600,55079185800,-87.96486502955395,43.05277336645368,-87.94265216254213,43.0538687550207,2020-07-17,2,20.0
55079009600,55079005100,-87.96486502955395,43.05277336645368,-87.99757698420609,43.08261869423604,2020-07-17,1,10.0
55079009600,55079185200,-87.96486502955395,43.05277336645368,-87.88193798921913,42.967674094622936,2020-07-17,1,10.0
55079009600,55079004900,-87.96486502955395,43.05277336645368,-87.97231517837423,43.077061406485264,2020-07-17,2,20.0
55079009600,55079009200,-87.96486502955395,43.05277336645368,-87.97560474362125,43.06069020349929,2020-07-17,1,10.0
55079009600,55079186100,-87.96486502955395,43.05277336645368,-87.94279275484007,43.048652729679134,2020-07-17,2,20.0
55079009600,55079012200,-87.96486502955395,43.05277336645368,-87.95271101560115,43.04866661559741,2020-07-17,5,51.0
55079009600,55079013300,-87.96486502955395,43.05277336645368,-87.96206431187025,43.03483590901066,2020-07-17,1,10.0
55079009600,55079006100,-87.96486502955395,43.05277336645368,-87.96847508739953,43.06791249267312,2020-07-17,6,61.0
55079009600,55079008600,-87.96486502955395,43.05277336645368,-87.93517868399437,43.06762170689756,2020-07-17,1,10.0
55079009600,55079185400,-87.96486502955395,43.05277336645368,-87.93768935592728,43.06023552955454,2020-07-17,1,10.0
55079009600,55079013500,-87.96486502955395,43.05277336645368,-87.9526122313311,43.040147622140005,2020-07-17,1,10.0
55079009600,55079009700,-87.96486502955395,43.05277336645368,-87.95262115062044,43.05393954073114,2020-07-17,3,30.0
55079009600,55079006700,-87.96486502955395,43.05277336645368,-87.92040407919447,43.07437828581977,2020-07-17,1,10.0
55079009700,55079020000,-87.95262115062044,43.05393954073114,-87.95273620994368,42.98405311376188,2020-07-17,1,24.0
55079009700,55079002400,-87.95262115062044,43.05393954073114,-87.95188617843814,43.106404380820805,2020-07-17,2,49.0
55079009700,55079000102,-87.95262115062044,43.05393954073114,-88.01167859828367,43.164645145767146,2020-07-17,2,49.0
55079009700,55079101000,-87.95262115062044,43.05393954073114,-88.05764456171738,42.99173938525954,2020-07-17,1,24.0
55079009700,55079000600,-87.95262115062044,43.05393954073114,-88.00190569680801,43.14010292722225,2020-07-17,1,24.0
55079009700,55079090300,-87.95262115062044,43.05393954073114,-88.0515779905257,43.06739040507833,2020-07-17,1,24.0
55079009700,55079012400,-87.95262115062044,43.05393954073114,-87.97680856828566,43.04580144948212,2020-07-17,1,24.0
55079009700,55079090200,-87.95262115062044,43.05393954073114,-88.05200796218348,43.081902180003375,2020-07-17,1,24.0
55079009700,55079001200,-87.95262115062044,43.05393954073114,-87.98620080987179,43.12617611256525,2020-07-17,1,24.0
55079009700,55079002700,-87.95262115062044,43.05393954073114,-87.97176690626681,43.100825271475365,2020-07-17,1,24.0
55079009700,55079003500,-87.95262115062044,43.05393954073114,-87.99830093777771,43.09359369867719,2020-07-17,1,24.0
55079009700,55079005300,-87.95262115062044,43.05393954073114,-88.01242727702714,43.07892288175221,2020-07-17,2,49.0
55079009700,55079060101,-87.95262115062044,43.05393954073114,-87.92535691568614,43.13950788268824,2020-07-17,1,24.0
55079009700,55079000302,-87.95262115062044,43.05393954073114,-88.04649688617519,43.13922972061493,2020-07-17,1,24.0
55079009700,55079090600,-87.95262115062044,43.05393954073114,-88.05435154566402,43.03795832032663,2020-07-17,1,24.0
55079009700,55079185300,-87.95262115062044,43.05393954073114,-88.04265402690729,43.049880154873065,2020-07-17,1,24.0
55079009700,55079000400,-87.95262115062044,43.05393954073114,-88.05554472050937,43.110954423820296,2020-07-17,1,24.0
55079009700,55079186800,-87.95262115062044,43.05393954073114,-87.9506670108877,43.02815858561159,2020-07-17,1,24.0
55079009700,55079187200,-87.95262115062044,43.05393954073114,-88.00769048889484,42.863813659193866,2020-07-17,1,24.0
55079009700,55079091200,-87.95262115062044,43.05393954073114,-88.00388284004167,43.0467075980639,2020-07-17,5,123.0
55079009700,55079018900,-87.95262115062044,43.05393954073114,-87.95323213052187,42.995654122863776,2020-07-17,1,24.0
55079009700,55079005000,-87.95262115062044,43.05393954073114,-87.98327608357046,43.07665137069942,2020-07-17,1,24.0
55079009700,55079100900,-87.95262115062044,43.05393954073114,-88.05216898532913,43.00959788353506,2020-07-17,1,24.0
55079009700,55079007000,-87.95262115062044,43.05393954073114,-87.91122456687498,43.07424564740019,2020-07-17,1,24.0
55079009700,55079013600,-87.95262115062044,43.05393954073114,-87.9527511611333,43.04369545920421,2020-07-17,1,24.0
55079009700,55079140100,-87.95262115062044,43.05393954073114,-88.0188613886232,42.93745223479677,2020-07-17,1,24.0
55079009700,55079140201,-87.95262115062044,43.05393954073114,-87.99911426080601,42.93902100763907,2020-07-17,2,49.0
55079009700,55079186500,-87.95262115062044,43.05393954073114,-87.9130303085029,43.02319729476483,2020-07-17,1,24.0
55079009700,55079003300,-87.95262115062044,43.05393954073114,-88.0173066794685,43.1010408446094,2020-07-17,1,24.0
55079009700,55079120101,-87.95262115062044,43.05393954073114,-88.04814010007517,42.95916305909443,2020-07-17,1,24.0
55079009700,55079003600,-87.95262115062044,43.05393954073114,-87.98321131530031,43.092736225323044,2020-07-17,1,24.0
55079009700,55079001800,-87.95262115062044,43.05393954073114,-87.99853790291819,43.115847306484916,2020-07-17,1,24.0
55079009700,55079003400,-87.95262115062044,43.05393954073114,-88.02444287795417,43.0934576342605,2020-07-17,1,24.0
55079009700,55079050102,-87.95262115062044,43.05393954073114,-87.96743569232115,43.172443064752215,2020-07-17,1,24.0
55079009700,55079006300,-87.95262115062044,43.05393954073114,-87.95229119818997,43.07635281761954,2020-07-17,2,49.0
55079009700,55079185700,-87.95262115062044,43.05393954073114,-87.91471207902771,43.06752585199898,2020-07-17,1,24.0
55079009700,55079000700,-87.95262115062044,43.05393954073114,-87.99009583376943,43.15588909293765,2020-07-17,1,24.0
55079009700,55079100200,-87.95262115062044,43.05393954073114,-87.99137992566246,43.01460892403096,2020-07-17,1,24.0
55079009700,55079005200,-87.95262115062044,43.05393954073114,-88.0124256780363,43.086227920709504,2020-07-17,1,24.0
55079009700,55079005900,-87.95262115062044,43.05393954073114,-87.98523579862835,43.06821108392844,2020-07-17,1,24.0
55079009700,55079000900,-87.95262115062044,43.05393954073114,-87.95566887882444,43.14970170326806,2020-07-17,1,24.0
55079009700,55079001300,-87.95262115062044,43.05393954073114,-87.99843350448002,43.126783535933505,2020-07-17,2,49.0
55079009700,55079012300,-87.95262115062044,43.05393954073114,-87.96196748080853,43.043599093031496,2020-07-17,1,24.0
55079009700,55079001500,-87.95262115062044,43.05393954073114,-88.01520145334699,43.123754077777434,2020-07-17,1,24.0
55079009700,55079000201,-87.95262115062044,43.05393954073114,-88.0472441211064,43.1799495757708,2020-07-17,1,24.0
55079009700,55079009000,-87.95262115062044,43.05393954073114,-87.9610837883489,43.060355868415826,2020-07-17,3,74.0
55079009700,55079009100,-87.95262115062044,43.05393954073114,-87.96852806703085,43.060675408064526,2020-07-17,3,74.0
55079009700,55079013700,-87.95262115062044,43.05393954073114,-87.94529508707278,43.04229912697773,2020-07-17,1,24.0
55079009700,55079001900,-87.95262115062044,43.05393954073114,-87.98367415791445,43.115686316787006,2020-07-17,1,24.0
55079009700,55079009600,-87.95262115062044,43.05393954073114,-87.96486502955395,43.05277336645368,2020-07-17,4,98.0
55079009700,55079091000,-87.95262115062044,43.05393954073114,-87.99705672432205,43.06433297165757,2020-07-17,1,24.0
55079009700,55079186200,-87.95262115062044,43.05393954073114,-87.93244814260824,43.04856605375616,2020-07-17,1,24.0
55079009700,55079005100,-87.95262115062044,43.05393954073114,-87.99757698420609,43.08261869423604,2020-07-17,1,24.0
55079009700,55079004900,-87.95262115062044,43.05393954073114,-87.97231517837423,43.077061406485264,2020-07-17,1,24.0
55079009700,55079006100,-87.95262115062044,43.05393954073114,-87.96847508739953,43.06791249267312,2020-07-17,1,24.0
55079009700,55079009300,-87.95262115062044,43.05393954073114,-87.98314520393755,43.060746025032145,2020-07-17,2,49.0
55079009700,55079008400,-87.95262115062044,43.05393954073114,-87.92332577697063,43.067583013115005,2020-07-17,1,24.0
55079009700,55079009900,-87.95262115062044,43.05393954073114,-87.94630275235495,43.060274421469344,2020-07-17,1,24.0
55079009700,55079185400,-87.95262115062044,43.05393954073114,-87.93768935592728,43.06023552955454,2020-07-17,1,24.0
55079009700,55079015900,-87.95262115062044,43.05393954073114,-87.9473669417017,43.02159668337006,2020-07-17,1,24.0
55079009700,55079009700,-87.95262115062044,43.05393954073114,-87.95262115062044,43.05393954073114,2020-07-17,45,1110.0
55079009900,55079020000,-87.94630275235495,43.060274421469344,-87.95273620994368,42.98405311376188,2020-07-17,1,15.0
55079009900,55079004300,-87.94630275235495,43.060274421469344,-87.93220867621264,43.094799127568905,2020-07-17,4,62.0
55079009900,55079060200,-87.94630275235495,43.060274421469344,-87.9245165328896,43.11556508690733,2020-07-17,3,47.0
55079009900,55079000202,-87.94630275235495,43.060274421469344,-88.04132965001602,43.160382512849615,2020-07-17,1,15.0
55079009900,55079011400,-87.94630275235495,43.060274421469344,-87.9106574898586,43.05269479350376,2020-07-17,1,15.0
55079009900,55079110100,-87.94630275235495,43.060274421469344,-87.9710022364233,43.012448953036525,2020-07-17,1,15.0
55079009900,55079090300,-87.94630275235495,43.060274421469344,-88.0515779905257,43.06739040507833,2020-07-17,1,15.0
55079009900,55079012400,-87.94630275235495,43.060274421469344,-87.97680856828566,43.04580144948212,2020-07-17,1,15.0
55079009900,55079021700,-87.94630275235495,43.060274421469344,-87.91312462574102,42.94052513723052,2020-07-17,1,15.0
55079009900,55079090100,-87.94630275235495,43.060274421469344,-88.04837730790923,43.0973204568905,2020-07-17,1,15.0
55079009900,55079090900,-87.94630275235495,43.060274421469344,-88.00270912368009,43.06124682618238,2020-07-17,1,15.0
55079009900,55079001200,-87.94630275235495,43.060274421469344,-87.98620080987179,43.12617611256525,2020-07-17,1,15.0
55079009900,55079002700,-87.94630275235495,43.060274421469344,-87.97176690626681,43.100825271475365,2020-07-17,1,15.0
55079009900,55079186000,-87.94630275235495,43.060274421469344,-87.92039854147795,43.053956957431964,2020-07-17,1,15.0
55079009900,55079185300,-87.94630275235495,43.060274421469344,-88.04265402690729,43.049880154873065,2020-07-17,2,31.0
55079009900,55079014700,-87.94630275235495,43.060274421469344,-87.93551340137516,43.042200823908786,2020-07-17,1,15.0
55079009900,55079000800,-87.94630275235495,43.060274421469344,-87.97372753660457,43.14064967469203,2020-07-17,2,31.0
55079009900,55079000502,-87.94630275235495,43.060274421469344,-88.03128731150349,43.12480634966938,2020-07-17,1,15.0
55079009900,55079018900,-87.94630275235495,43.060274421469344,-87.95323213052187,42.995654122863776,2020-07-17,1,15.0
55079009900,55079002800,-87.94630275235495,43.060274421469344,-87.97141961541004,43.10830621321033,2020-07-17,1,15.0
55079009900,55079006800,-87.94630275235495,43.060274421469344,-87.92500216567623,43.079683301494654,2020-07-17,1,15.0
55079009900,55079003300,-87.94630275235495,43.060274421469344,-88.0173066794685,43.1010408446094,2020-07-17,1,15.0
55079009900,55079008500,-87.94630275235495,43.060274421469344,-87.9298714910033,43.06776123229879,2020-07-17,2,31.0
55079009900,55079014400,-87.94630275235495,43.060274421469344,-87.90784049253895,43.042413401572134,2020-07-17,1,15.0
55079009900,55079100400,-87.94630275235495,43.060274421469344,-88.01166560297426,43.0170103539625,2020-07-17,1,15.0
55079009900,55079003400,-87.94630275235495,43.060274421469344,-88.02444287795417,43.0934576342605,2020-07-17,2,31.0
55079009900,55079014100,-87.94630275235495,43.060274421469344,-87.92097269793881,43.04863570292668,2020-07-17,1,15.0
55079009900,55079006300,-87.94630275235495,43.060274421469344,-87.95229119818997,43.07635281761954,2020-07-17,1,15.0
55079009900,55079007300,-87.94630275235495,43.060274421469344,-87.88807891595606,43.0779148594549,2020-07-17,1,15.0
55079009900,55079010700,-87.94630275235495,43.060274421469344,-87.90095083433016,43.0597678010215,2020-07-17,1,15.0
55079009900,55079003100,-87.94630275235495,43.060274421469344,-87.98607018194353,43.10091760946077,2020-07-17,1,15.0
55079009900,55079005900,-87.94630275235495,43.060274421469344,-87.98523579862835,43.06821108392844,2020-07-17,1,15.0
55079009900,55079006600,-87.94630275235495,43.060274421469344,-87.93135214789555,43.075399167305534,2020-07-17,1,15.0
55079009900,55079016700,-87.94630275235495,43.060274421469344,-87.92209519609614,43.010301162214034,2020-07-17,1,15.0
55079009900,55079014900,-87.94630275235495,43.060274421469344,-87.94481830610269,43.03704436935605,2020-07-17,1,15.0
55079009900,55079000201,-87.94630275235495,43.060274421469344,-88.0472441211064,43.1799495757708,2020-07-17,1,15.0
55079009900,55079004700,-87.94630275235495,43.060274421469344,-87.94760565609727,43.08576787197636,2020-07-17,1,15.0
55079009900,55079019800,-87.94630275235495,43.060274421469344,-87.98973307517815,42.982078809345225,2020-07-17,1,15.0
55079009900,55079002600,-87.94630275235495,43.060274421469344,-87.96192834607115,43.10067420371696,2020-07-17,1,15.0
55079009900,55079009000,-87.94630275235495,43.060274421469344,-87.9610837883489,43.060355868415826,2020-07-17,2,31.0
55079009900,55079009100,-87.94630275235495,43.060274421469344,-87.96852806703085,43.060675408064526,2020-07-17,1,15.0
55079009900,55079013700,-87.94630275235495,43.060274421469344,-87.94529508707278,43.04229912697773,2020-07-17,4,62.0
55079009900,55079003700,-87.94630275235495,43.060274421469344,-87.98336380852676,43.08546039091554,2020-07-17,1,15.0
55079009900,55079009600,-87.94630275235495,43.060274421469344,-87.96486502955395,43.05277336645368,2020-07-17,1,15.0
55079009900,55079185800,-87.94630275235495,43.060274421469344,-87.94265216254213,43.0538687550207,2020-07-17,1,15.0
55079009900,55079185600,-87.94630275235495,43.060274421469344,-87.91469071944607,43.06026722158336,2020-07-17,2,31.0
55079009900,55079014800,-87.94630275235495,43.060274421469344,-87.9402035907502,43.042125624825495,2020-07-17,1,15.0
55079009900,55079004900,-87.94630275235495,43.060274421469344,-87.97231517837423,43.077061406485264,2020-07-17,1,15.0
55079009900,55079186100,-87.94630275235495,43.060274421469344,-87.94279275484007,43.048652729679134,2020-07-17,1,15.0
55079009900,55079006400,-87.94630275235495,43.060274421469344,-87.94234792087695,43.07421796319209,2020-07-17,2,31.0
55079009900,55079008400,-87.94630275235495,43.060274421469344,-87.92332577697063,43.067583013115005,2020-07-17,2,31.0
55079009900,55079009900,-87.94630275235495,43.060274421469344,-87.94630275235495,43.060274421469344,2020-07-17,54,849.0
55079009900,55079006500,-87.94630275235495,43.060274421469344,-87.94229465456391,43.0797331466399,2020-07-17,5,78.0
55079009900,55079185400,-87.94630275235495,43.060274421469344,-87.93768935592728,43.06023552955454,2020-07-17,1,15.0
55079009900,55079008800,-87.94630275235495,43.060274421469344,-87.94617084834631,43.06788862375971,2020-07-17,2,31.0
55079009900,55079009700,-87.94630275235495,43.060274421469344,-87.95262115062044,43.05393954073114,2020-07-17,1,15.0
55079011000,55079020000,-87.89727240641399,43.050053518943756,-87.95273620994368,42.98405311376188,2020-07-17,1,31.0
55079011000,55079002400,-87.89727240641399,43.050053518943756,-87.95188617843814,43.106404380820805,2020-07-17,1,31.0
55079011000,55079060200,-87.89727240641399,43.050053518943756,-87.9245165328896,43.11556508690733,2020-07-17,4,127.0
55079011000,55079004400,-87.89727240641399,43.050053518943756,-87.90608569163814,43.089298213737145,2020-07-17,2,63.0
55079011000,55079010800,-87.89727240641399,43.050053518943756,-87.88986181293924,43.05733829509928,2020-07-17,6,190.0
55079011000,55079011200,-87.89727240641399,43.050053518943756,-87.89756439120579,43.055476240018415,2020-07-17,3,95.0
55079011000,55079050101,-87.89727240641399,43.050053518943756,-87.98494662348081,43.17683059907653,2020-07-17,1,31.0
55079011000,55079090300,-87.89727240641399,43.050053518943756,-88.0515779905257,43.06739040507833,2020-07-17,1,31.0
55079011000,55079090200,-87.89727240641399,43.050053518943756,-88.05200796218348,43.081902180003375,2020-07-17,1,31.0
55079011000,55079090900,-87.89727240641399,43.050053518943756,-88.00270912368009,43.06124682618238,2020-07-17,1,31.0
55079011000,55079160300,-87.89727240641399,43.050053518943756,-87.8893867076047,42.856940087232964,2020-07-17,1,31.0
55079011000,55079187300,-87.89727240641399,43.050053518943756,-87.9656302556773,42.887159701718595,2020-07-17,1,31.0
55079011000,55079005300,-87.89727240641399,43.050053518943756,-88.01242727702714,43.07892288175221,2020-07-17,1,31.0
55079011000,55079185500,-87.89727240641399,43.050053518943756,-87.92624880733425,43.0601763240656,2020-07-17,1,31.0
55079011000,55079014700,-87.89727240641399,43.050053518943756,-87.93551340137516,43.042200823908786,2020-07-17,1,31.0
55079011000,55079187400,-87.89727240641399,43.050053518943756,-87.90767949876499,43.03217517915639,2020-07-17,3,95.0
55079011000,55079180500,-87.89727240641399,43.050053518943756,-87.87471526249948,42.93725893299447,2020-07-17,1,31.0
55079011000,55079160203,-87.89727240641399,43.050053518943756,-87.91638950191752,42.89402789790319,2020-07-17,1,31.0
55079011000,55079007000,-87.89727240641399,43.050053518943756,-87.91122456687498,43.07424564740019,2020-07-17,1,31.0
55079011000,55079186500,-87.89727240641399,43.050053518943756,-87.9130303085029,43.02319729476483,2020-07-17,2,63.0
55079011000,55079091100,-87.89727240641399,43.050053518943756,-88.00381885772617,43.05493775558714,2020-07-17,1,31.0
55079011000,55079007700,-87.89727240641399,43.050053518943756,-87.88849935823362,43.06389053422122,2020-07-17,2,63.0
55079011000,55079011300,-87.89727240641399,43.050053518943756,-87.90713298111844,43.04890661506502,2020-07-17,2,63.0
55079011000,55079014400,-87.89727240641399,43.050053518943756,-87.90784049253895,43.042413401572134,2020-07-17,4,127.0
55079011000,55079003400,-87.89727240641399,43.050053518943756,-88.02444287795417,43.0934576342605,2020-07-17,1,31.0
55079011000,55079187000,-87.89727240641399,43.050053518943756,-87.88728455831759,43.05530607398437,2020-07-17,6,190.0
55079011000,55079050102,-87.89727240641399,43.050053518943756,-87.96743569232115,43.172443064752215,2020-07-17,2,63.0
55079011000,55079007300,-87.89727240641399,43.050053518943756,-87.88807891595606,43.0779148594549,2020-07-17,1,31.0
55079011000,55079010700,-87.89727240641399,43.050053518943756,-87.90095083433016,43.0597678010215,2020-07-17,1,31.0
55079011000,55079011000,-87.89727240641399,43.050053518943756,-87.89727240641399,43.050053518943756,2020-07-17,73,2319.0
55079011000,55079080400,-87.89727240641399,43.050053518943756,-87.88848724040903,43.08594082590386,2020-07-17,1,31.0
55079011000,55079003900,-87.89727240641399,43.050053518943756,-87.96215160813261,43.086172227530916,2020-07-17,1,31.0
55079011000,55079004700,-87.89727240641399,43.050053518943756,-87.94760565609727,43.08576787197636,2020-07-17,1,31.0
55079011000,55079009100,-87.89727240641399,43.050053518943756,-87.96852806703085,43.060675408064526,2020-07-17,1,31.0
55079011000,55079001100,-87.89727240641399,43.050053518943756,-87.96901390366762,43.127689901740844,2020-07-17,1,31.0
55079011000,55079014300,-87.89727240641399,43.050053518943756,-87.90101539256612,43.042731429373134,2020-07-17,1,31.0
55079011000,55079020600,-87.89727240641399,43.050053518943756,-87.90444286867323,42.9810337820488,2020-07-17,1,31.0
55079011000,55079011100,-87.89727240641399,43.050053518943756,-87.90155963599153,43.04933924860895,2020-07-17,4,127.0
55079011000,55079186900,-87.89727240641399,43.050053518943756,-87.88804149673794,43.05226526687869,2020-07-17,1,31.0
55079011000,55079006400,-87.89727240641399,43.050053518943756,-87.94234792087695,43.07421796319209,2020-07-17,1,31.0
55079012200,55079020000,-87.95271101560115,43.04866661559741,-87.95273620994368,42.98405311376188,2020-07-17,1,19.0
55079012200,55079060200,-87.95271101560115,43.04866661559741,-87.9245165328896,43.11556508690733,2020-07-17,4,77.0
55079012200,55079004400,-87.95271101560115,43.04866661559741,-87.90608569163814,43.089298213737145,2020-07-17,1,19.0
55079012200,55079012800,-87.95271101560115,43.04866661559741,-88.03145321223326,43.03059221584991,2020-07-17,1,19.0
55079012200,55079100100,-87.95271101560115,43.04866661559741,-87.98598444052216,43.01659648927991,2020-07-17,2,38.0
55079012200,55079000101,-87.95271101560115,43.04866661559741,-88.00922083481396,43.18510784936368,2020-07-17,2,38.0
55079012200,55079000102,-87.95271101560115,43.04866661559741,-88.01167859828367,43.164645145767146,2020-07-17,4,77.0
55079012200,55079000202,-87.95271101560115,43.04866661559741,-88.04132965001602,43.160382512849615,2020-07-17,2,38.0
55079012200,55079011200,-87.95271101560115,43.04866661559741,-87.89756439120579,43.055476240018415,2020-07-17,1,19.0
55079012200,55079110100,-87.95271101560115,43.04866661559741,-87.9710022364233,43.012448953036525,2020-07-17,5,97.0
55079012200,55079000600,-87.95271101560115,43.04866661559741,-88.00190569680801,43.14010292722225,2020-07-17,2,38.0
55079012200,55079050101,-87.95271101560115,43.04866661559741,-87.98494662348081,43.17683059907653,2020-07-17,1,19.0
55079012200,55079090300,-87.95271101560115,43.04866661559741,-88.0515779905257,43.06739040507833,2020-07-17,2,38.0
55079012200,55079186300,-87.95271101560115,43.04866661559741,-87.91799927397663,43.040616743150025,2020-07-17,1,19.0
55079012200,55079018400,-87.95271101560115,43.04866661559741,-87.90417459790928,42.9917062933768,2020-07-17,1,19.0
55079012200,55079002700,-87.95271101560115,43.04866661559741,-87.97176690626681,43.100825271475365,2020-07-17,1,19.0
55079012200,55079004800,-87.95271101560115,43.04866661559741,-87.96231596301399,43.077035360461494,2020-07-17,1,19.0
55079012200,55079185900,-87.95271101560115,43.04866661559741,-87.93229166080955,43.05383765471328,2020-07-17,1,19.0
55079012200,55079185500,-87.95271101560115,43.04866661559741,-87.92624880733425,43.0601763240656,2020-07-17,3,58.0
55079012200,55079000302,-87.95271101560115,43.04866661559741,-88.04649688617519,43.13922972061493,2020-07-17,1,19.0
55079012200,55079090600,-87.95271101560115,43.04866661559741,-88.05435154566402,43.03795832032663,2020-07-17,1,19.0
55079012200,55079185300,-87.95271101560115,43.04866661559741,-88.04265402690729,43.049880154873065,2020-07-17,1,19.0
55079012200,55079012500,-87.95271101560115,43.04866661559741,-87.97654888060033,43.037091021714275,2020-07-17,1,19.0
55079012200,55079004000,-87.95271101560115,43.04866661559741,-87.97205846198321,43.09342306765945,2020-07-17,2,38.0
55079012200,55079000400,-87.95271101560115,43.04866661559741,-88.05554472050937,43.110954423820296,2020-07-17,1,19.0
55079012200,55079000502,-87.95271101560115,43.04866661559741,-88.03128731150349,43.12480634966938,2020-07-17,1,19.0
55079012200,55079006200,-87.95271101560115,43.04866661559741,-87.96097127315564,43.067902782244275,2020-07-17,1,19.0
55079012200,55079186800,-87.95271101560115,43.04866661559741,-87.9506670108877,43.02815858561159,2020-07-17,2,38.0
55079012200,55079091200,-87.95271101560115,43.04866661559741,-88.00388284004167,43.0467075980639,2020-07-17,2,38.0
55079012200,55079014600,-87.95271101560115,43.04866661559741,-87.93032605572249,43.04237842637439,2020-07-17,1,19.0
55079012200,55079007000,-87.95271101560115,43.04866661559741,-87.91122456687498,43.07424564740019,2020-07-17,1,19.0
55079012200,55079013600,-87.95271101560115,43.04866661559741,-87.9527511611333,43.04369545920421,2020-07-17,1,19.0
55079012200,55079180100,-87.95271101560115,43.04866661559741,-87.84722355247969,42.95102171952154,2020-07-17,1,19.0
55079012200,55079100400,-87.95271101560115,43.04866661559741,-88.01166560297426,43.0170103539625,2020-07-17,1,19.0
55079012200,55079003400,-87.95271101560115,43.04866661559741,-88.02444287795417,43.0934576342605,2020-07-17,1,19.0
55079012200,55079035200,-87.95271101560115,43.04866661559741,-87.9070718018067,43.16012040860922,2020-07-17,1,19.0
55079012200,55079014100,-87.95271101560115,43.04866661559741,-87.92097269793881,43.04863570292668,2020-07-17,2,38.0
55079012200,55079050102,-87.95271101560115,43.04866661559741,-87.96743569232115,43.172443064752215,2020-07-17,1,19.0
55079012200,55079006300,-87.95271101560115,43.04866661559741,-87.95229119818997,43.07635281761954,2020-07-17,1,19.0
55079012200,55079000700,-87.95271101560115,43.04866661559741,-87.99009583376943,43.15588909293765,2020-07-17,2,38.0
55079012200,55079100200,-87.95271101560115,43.04866661559741,-87.99137992566246,43.01460892403096,2020-07-17,2,38.0
55079012200,55079009800,-87.95271101560115,43.04866661559741,-87.95409571434068,43.059778012269526,2020-07-17,2,38.0
55079012200,55079020900,-87.95271101560115,43.04866661559741,-87.90186271433869,42.97013349358029,2020-07-17,1,19.0
55079012200,55079014900,-87.95271101560115,43.04866661559741,-87.94481830610269,43.03704436935605,2020-07-17,1,19.0
55079012200,55079012300,-87.95271101560115,43.04866661559741,-87.96196748080853,43.043599093031496,2020-07-17,2,38.0
55079012200,55079001500,-87.95271101560115,43.04866661559741,-88.01520145334699,43.123754077777434,2020-07-17,3,58.0
55079012200,55079080400,-87.95271101560115,43.04866661559741,-87.88848724040903,43.08594082590386,2020-07-17,1,19.0
55079012200,55079003900,-87.95271101560115,43.04866661559741,-87.96215160813261,43.086172227530916,2020-07-17,1,19.0
55079012200,55079000201,-87.95271101560115,43.04866661559741,-88.0472441211064,43.1799495757708,2020-07-17,1,19.0
55079012200,55079004700,-87.95271101560115,43.04866661559741,-87.94760565609727,43.08576787197636,2020-07-17,1,19.0
55079012200,55079018500,-87.95271101560115,43.04866661559741,-87.91439743752404,42.98441904059949,2020-07-17,1,19.0
55079012200,55079016000,-87.95271101560115,43.04866661559741,-87.95725941865898,43.02137414837421,2020-07-17,2,38.0
55079012200,55079019800,-87.95271101560115,43.04866661559741,-87.98973307517815,42.982078809345225,2020-07-17,1,19.0
55079012200,55079002600,-87.95271101560115,43.04866661559741,-87.96192834607115,43.10067420371696,2020-07-17,1,19.0
55079012200,55079009000,-87.95271101560115,43.04866661559741,-87.9610837883489,43.060355868415826,2020-07-17,2,38.0
55079012200,55079009100,-87.95271101560115,43.04866661559741,-87.96852806703085,43.060675408064526,2020-07-17,3,58.0
55079012200,55079013700,-87.95271101560115,43.04866661559741,-87.94529508707278,43.04229912697773,2020-07-17,2,38.0
55079012200,55079001100,-87.95271101560115,43.04866661559741,-87.96901390366762,43.127689901740844,2020-07-17,2,38.0
55079012200,55079009600,-87.95271101560115,43.04866661559741,-87.96486502955395,43.05277336645368,2020-07-17,2,38.0
55079012200,55079020600,-87.95271101560115,43.04866661559741,-87.90444286867323,42.9810337820488,2020-07-17,1,19.0
55079012200,55079186200,-87.95271101560115,43.04866661559741,-87.93244814260824,43.04856605375616,2020-07-17,2,38.0
55079012200,55079100300,-87.95271101560115,43.04866661559741,-88.00316709835943,43.017354422985534,2020-07-17,1,19.0
55079012200,55079005100,-87.95271101560115,43.04866661559741,-87.99757698420609,43.08261869423604,2020-07-17,2,38.0
55079012200,55079004900,-87.95271101560115,43.04866661559741,-87.97231517837423,43.077061406485264,2020-07-17,1,19.0
55079012200,55079009200,-87.95271101560115,43.04866661559741,-87.97560474362125,43.06069020349929,2020-07-17,3,58.0
55079012200,55079012200,-87.95271101560115,43.04866661559741,-87.95271101560115,43.04866661559741,2020-07-17,110,2140.0
55079012200,55079002500,-87.95271101560115,43.04866661559741,-87.96218045466739,43.10795733493045,2020-07-17,1,19.0
55079012200,55079000303,-87.95271101560115,43.04866661559741,-88.04588241201564,43.12968529312476,2020-07-17,3,58.0
55079012200,55079001000,-87.95271101560115,43.04866661559741,-87.95348314468296,43.12464896388482,2020-07-17,1,19.0
55079012200,55079002200,-87.95271101560115,43.04866661559741,-87.9335870089048,43.11469059411332,2020-07-17,1,19.0
55079012200,55079009900,-87.95271101560115,43.04866661559741,-87.94630275235495,43.060274421469344,2020-07-17,1,19.0
55079012200,55079008800,-87.95271101560115,43.04866661559741,-87.94617084834631,43.06788862375971,2020-07-17,1,19.0
55079012200,55079009700,-87.95271101560115,43.04866661559741,-87.95262115062044,43.05393954073114,2020-07-17,2,38.0
55079013500,55079020000,-87.9526122313311,43.040147622140005,-87.95273620994368,42.98405311376188,2020-07-17,4,75.0
55079013500,55079002100,-87.9526122313311,43.040147622140005,-87.95315716160212,43.115529640428136,2020-07-17,1,18.0
55079013500,55079060200,-87.9526122313311,43.040147622140005,-87.9245165328896,43.11556508690733,2020-07-17,2,37.0
55079013500,55079004400,-87.9526122313311,43.040147622140005,-87.90608569163814,43.089298213737145,2020-07-17,2,37.0
55079013500,55079012800,-87.9526122313311,43.040147622140005,-88.03145321223326,43.03059221584991,2020-07-17,1,18.0
55079013500,55079015700,-87.9526122313311,43.040147622140005,-87.92777138656925,43.021663598322064,2020-07-17,2,37.0
55079013500,55079016200,-87.9526122313311,43.040147622140005,-87.94745090497267,43.01660575920564,2020-07-17,1,18.0
55079013500,55079010800,-87.9526122313311,43.040147622140005,-87.88986181293924,43.05733829509928,2020-07-17,1,18.0
55079013500,55079110100,-87.9526122313311,43.040147622140005,-87.9710022364233,43.012448953036525,2020-07-17,7,131.0
55079013500,55079000600,-87.9526122313311,43.040147622140005,-88.00190569680801,43.14010292722225,2020-07-17,1,18.0
55079013500,55079050101,-87.9526122313311,43.040147622140005,-87.98494662348081,43.17683059907653,2020-07-17,1,18.0
55079013500,55079186300,-87.9526122313311,43.040147622140005,-87.91799927397663,43.040616743150025,2020-07-17,2,37.0
55079013500,55079012400,-87.9526122313311,43.040147622140005,-87.97680856828566,43.04580144948212,2020-07-17,1,18.0
55079013500,55079021700,-87.9526122313311,43.040147622140005,-87.91312462574102,42.94052513723052,2020-07-17,1,18.0
55079013500,55079090200,-87.9526122313311,43.040147622140005,-88.05200796218348,43.081902180003375,2020-07-17,1,18.0
55079013500,55079003500,-87.9526122313311,43.040147622140005,-87.99830093777771,43.09359369867719,2020-07-17,1,18.0
55079013500,55079004800,-87.9526122313311,43.040147622140005,-87.96231596301399,43.077035360461494,2020-07-17,2,37.0
55079013500,55079186000,-87.9526122313311,43.040147622140005,-87.92039854147795,43.053956957431964,2020-07-17,1,18.0
55079013500,55079005300,-87.9526122313311,43.040147622140005,-88.01242727702714,43.07892288175221,2020-07-17,1,18.0
55079013500,55079021400,-87.9526122313311,43.040147622140005,-87.93891709359613,42.96295890378409,2020-07-17,4,75.0
55079013500,55079185300,-87.9526122313311,43.040147622140005,-88.04265402690729,43.049880154873065,2020-07-17,1,18.0
55079013500,55079120502,-87.9526122313311,43.040147622140005,-87.96510992081555,42.95304728304586,2020-07-17,1,18.0
55079013500,55079000800,-87.9526122313311,43.040147622140005,-87.97372753660457,43.14064967469203,2020-07-17,1,18.0
55079013500,55079130200,-87.9526122313311,43.040147622140005,-88.05891051157585,42.93732261654573,2020-07-17,1,18.0
55079013500,55079186800,-87.9526122313311,43.040147622140005,-87.9506670108877,43.02815858561159,2020-07-17,1,18.0
55079013500,55079006000,-87.9526122313311,43.040147622140005,-87.97554005335066,43.067947929210746,2020-07-17,1,18.0
55079013500,55079018900,-87.9526122313311,43.040147622140005,-87.95323213052187,42.995654122863776,2020-07-17,1,18.0
55079013500,55079020100,-87.9526122313311,43.040147622140005,-87.94099671150566,42.988482506396224,2020-07-17,1,18.0
55079013500,55079100900,-87.9526122313311,43.040147622140005,-88.05216898532913,43.00959788353506,2020-07-17,1,18.0
55079013500,55079013600,-87.9526122313311,43.040147622140005,-87.9527511611333,43.04369545920421,2020-07-17,3,56.0
55079013500,55079091400,-87.9526122313311,43.040147622140005,-87.99383660813824,43.04031315098078,2020-07-17,1,18.0
55079013500,55079003300,-87.9526122313311,43.040147622140005,-88.0173066794685,43.1010408446094,2020-07-17,1,18.0
55079013500,55079016800,-87.9526122313311,43.040147622140005,-87.92935001478907,43.01036042537408,2020-07-17,1,18.0
55079013500,55079100400,-87.9526122313311,43.040147622140005,-88.01166560297426,43.0170103539625,2020-07-17,1,18.0
55079013500,55079021600,-87.9526122313311,43.040147622140005,-87.92488475274558,42.952251222261935,2020-07-17,1,18.0
55079013500,55079003400,-87.9526122313311,43.040147622140005,-88.02444287795417,43.0934576342605,2020-07-17,2,37.0
55079013500,55079005800,-87.9526122313311,43.040147622140005,-87.99994620357029,43.072303413103626,2020-07-17,1,18.0
55079013500,55079014100,-87.9526122313311,43.040147622140005,-87.92097269793881,43.04863570292668,2020-07-17,1,18.0
55079013500,55079015800,-87.9526122313311,43.040147622140005,-87.93761636287321,43.021659379009066,2020-07-17,1,18.0
55079013500,55079000700,-87.9526122313311,43.040147622140005,-87.99009583376943,43.15588909293765,2020-07-17,1,18.0
55079013500,55079101700,-87.9526122313311,43.040147622140005,-88.00697190300957,43.00173437379505,2020-07-17,1,18.0
55079013500,55079012600,-87.9526122313311,43.040147622140005,-87.99443577770006,43.034032251200934,2020-07-17,1,18.0
55079013500,55079001300,-87.9526122313311,43.040147622140005,-87.99843350448002,43.126783535933505,2020-07-17,1,18.0
55079013500,55079001700,-87.9526122313311,43.040147622140005,-88.01621221830194,43.10855887721336,2020-07-17,1,18.0
55079013500,55079014900,-87.9526122313311,43.040147622140005,-87.94481830610269,43.03704436935605,2020-07-17,2,37.0
55079013500,55079012300,-87.9526122313311,43.040147622140005,-87.96196748080853,43.043599093031496,2020-07-17,1,18.0
55079013500,55079003900,-87.9526122313311,43.040147622140005,-87.96215160813261,43.086172227530916,2020-07-17,1,18.0
55079013500,55079004700,-87.9526122313311,43.040147622140005,-87.94760565609727,43.08576787197636,2020-07-17,2,37.0
55079013500,55079021500,-87.9526122313311,43.040147622140005,-87.94398245259515,42.952098604888974,2020-07-17,1,18.0
55079013500,55079016000,-87.9526122313311,43.040147622140005,-87.95725941865898,43.02137414837421,2020-07-17,1,18.0
55079013500,55079009000,-87.9526122313311,43.040147622140005,-87.9610837883489,43.060355868415826,2020-07-17,1,18.0
55079013500,55079013700,-87.9526122313311,43.040147622140005,-87.94529508707278,43.04229912697773,2020-07-17,2,37.0
55079013500,55079001900,-87.9526122313311,43.040147622140005,-87.98367415791445,43.115686316787006,2020-07-17,1,18.0
55079013500,55079016500,-87.9526122313311,43.040147622140005,-87.91153110922029,43.01579142211555,2020-07-17,1,18.0
55079013500,55079017600,-87.9526122313311,43.040147622140005,-87.92236059293215,43.00280872383964,2020-07-17,1,18.0
55079013500,55079018700,-87.9526122313311,43.040147622140005,-87.92991431934564,42.995583237143,2020-07-17,1,18.0
55079013500,55079186400,-87.9526122313311,43.040147622140005,-87.93038892981184,43.03695266796131,2020-07-17,1,18.0
55079013500,55079009600,-87.9526122313311,43.040147622140005,-87.96486502955395,43.05277336645368,2020-07-17,1,18.0
55079013500,55079013400,-87.9526122313311,43.040147622140005,-87.95356038604784,43.03496530197635,2020-07-17,1,18.0
55079013500,55079100300,-87.9526122313311,43.040147622140005,-88.00316709835943,43.017354422985534,2020-07-17,1,18.0
55079013500,55079005100,-87.9526122313311,43.040147622140005,-87.99757698420609,43.08261869423604,2020-07-17,1,18.0
55079013500,55079004900,-87.9526122313311,43.040147622140005,-87.97231517837423,43.077061406485264,2020-07-17,1,18.0
55079013500,55079016900,-87.9526122313311,43.040147622140005,-87.93770785693083,43.00951913559766,2020-07-17,2,37.0
55079013500,55079013300,-87.9526122313311,43.040147622140005,-87.96206431187025,43.03483590901066,2020-07-17,1,18.0
55079013500,55079003000,-87.9526122313311,43.040147622140005,-87.99619059962126,43.10851035065769,2020-07-17,1,18.0
55079013500,55079185400,-87.9526122313311,43.040147622140005,-87.93768935592728,43.06023552955454,2020-07-17,1,18.0
55079013500,55079013500,-87.9526122313311,43.040147622140005,-87.9526122313311,43.040147622140005,2020-07-17,79,1484.0
55079013500,55079006700,-87.9526122313311,43.040147622140005,-87.92040407919447,43.07437828581977,2020-07-17,1,18.0
55079014700,55079020000,-87.93551340137516,43.042200823908786,-87.95273620994368,42.98405311376188,2020-07-17,1,43.0
55079014700,55079004400,-87.93551340137516,43.042200823908786,-87.90608569163814,43.089298213737145,2020-07-17,1,43.0
55079014700,55079011200,-87.93551340137516,43.042200823908786,-87.89756439120579,43.055476240018415,2020-07-17,1,43.0
55079014700,55079110100,-87.93551340137516,43.042200823908786,-87.9710022364233,43.012448953036525,2020-07-17,1,43.0
55079014700,55079160100,-87.93551340137516,43.042200823908786,-87.91471599062149,42.91513941042769,2020-07-17,1,43.0
55079014700,55079186300,-87.93551340137516,43.042200823908786,-87.91799927397663,43.040616743150025,2020-07-17,1,43.0
55079014700,55079012400,-87.93551340137516,43.042200823908786,-87.97680856828566,43.04580144948212,2020-07-17,1,43.0
55079014700,55079003500,-87.93551340137516,43.042200823908786,-87.99830093777771,43.09359369867719,2020-07-17,1,43.0
55079014700,55079004800,-87.93551340137516,43.042200823908786,-87.96231596301399,43.077035360461494,2020-07-17,1,43.0
55079014700,55079005300,-87.93551340137516,43.042200823908786,-88.01242727702714,43.07892288175221,2020-07-17,1,43.0
55079014700,55079185500,-87.93551340137516,43.042200823908786,-87.92624880733425,43.0601763240656,2020-07-17,2,86.0
55079014700,55079185300,-87.93551340137516,43.042200823908786,-88.04265402690729,43.049880154873065,2020-07-17,1,43.0
55079014700,55079014700,-87.93551340137516,43.042200823908786,-87.93551340137516,43.042200823908786,2020-07-17,60,2593.0
55079014700,55079187400,-87.93551340137516,43.042200823908786,-87.90767949876499,43.03217517915639,2020-07-17,2,86.0
55079014700,55079000502,-87.93551340137516,43.042200823908786,-88.03128731150349,43.12480634966938,2020-07-17,1,43.0
55079014700,55079006200,-87.93551340137516,43.042200823908786,-87.96097127315564,43.067902782244275,2020-07-17,3,129.0
55079014700,55079160203,-87.93551340137516,43.042200823908786,-87.91638950191752,42.89402789790319,2020-07-17,1,43.0
55079014700,55079014600,-87.93551340137516,43.042200823908786,-87.93032605572249,43.04237842637439,2020-07-17,8,345.0
55079014700,55079186500,-87.93551340137516,43.042200823908786,-87.9130303085029,43.02319729476483,2020-07-17,1,43.0
55079014700,55079008500,-87.93551340137516,43.042200823908786,-87.9298714910033,43.06776123229879,2020-07-17,1,43.0
55079014700,55079003600,-87.93551340137516,43.042200823908786,-87.98321131530031,43.092736225323044,2020-07-17,1,43.0
55079014700,55079011300,-87.93551340137516,43.042200823908786,-87.90713298111844,43.04890661506502,2020-07-17,2,86.0
55079014700,55079014400,-87.93551340137516,43.042200823908786,-87.90784049253895,43.042413401572134,2020-07-17,2,86.0
55079014700,55079018000,-87.93551340137516,43.042200823908786,-87.8945288084346,43.01098558683315,2020-07-17,1,43.0
55079014700,55079070200,-87.93551340137516,43.042200823908786,-87.8919112738197,43.1133970416122,2020-07-17,1,43.0
55079014700,55079021600,-87.93551340137516,43.042200823908786,-87.92488475274558,42.952251222261935,2020-07-17,1,43.0
55079014700,55079016100,-87.93551340137516,43.042200823908786,-87.95946595975387,43.016089910899275,2020-07-17,1,43.0
55079014700,55079014100,-87.93551340137516,43.042200823908786,-87.92097269793881,43.04863570292668,2020-07-17,1,43.0
55079014700,55079050102,-87.93551340137516,43.042200823908786,-87.96743569232115,43.172443064752215,2020-07-17,1,43.0
55079014700,55079006300,-87.93551340137516,43.042200823908786,-87.95229119818997,43.07635281761954,2020-07-17,1,43.0
55079014700,55079080200,-87.93551340137516,43.042200823908786,-87.8877423232882,43.0942616397457,2020-07-17,2,86.0
55079014700,55079185700,-87.93551340137516,43.042200823908786,-87.91471207902771,43.06752585199898,2020-07-17,1,43.0
55079014700,55079010700,-87.93551340137516,43.042200823908786,-87.90095083433016,43.0597678010215,2020-07-17,1,43.0
55079014700,55079003100,-87.93551340137516,43.042200823908786,-87.98607018194353,43.10091760946077,2020-07-17,1,43.0
55079014700,55079007200,-87.93551340137516,43.042200823908786,-87.89788270005259,43.07774402945858,2020-07-17,1,43.0
55079014700,55079004200,-87.93551340137516,43.042200823908786,-87.94544782159862,43.09516547779425,2020-07-17,1,43.0
55079014700,55079080400,-87.93551340137516,43.042200823908786,-87.88848724040903,43.08594082590386,2020-07-17,1,43.0
55079014700,55079000201,-87.93551340137516,43.042200823908786,-88.0472441211064,43.1799495757708,2020-07-17,1,43.0
55079014700,55079002600,-87.93551340137516,43.042200823908786,-87.96192834607115,43.10067420371696,2020-07-17,1,43.0
55079014700,55079009000,-87.93551340137516,43.042200823908786,-87.9610837883489,43.060355868415826,2020-07-17,1,43.0
55079014700,55079186400,-87.93551340137516,43.042200823908786,-87.93038892981184,43.03695266796131,2020-07-17,4,172.0
55079014700,55079186200,-87.93551340137516,43.042200823908786,-87.93244814260824,43.04856605375616,2020-07-17,1,43.0
55079014700,55079014800,-87.93551340137516,43.042200823908786,-87.9402035907502,43.042125624825495,2020-07-17,3,129.0
55079014700,55079060102,-87.93551340137516,43.042200823908786,-87.93974960524739,43.148654535590595,2020-07-17,1,43.0
55079014700,55079186100,-87.93551340137516,43.042200823908786,-87.94279275484007,43.048652729679134,2020-07-17,1,43.0
55079014700,55079006400,-87.93551340137516,43.042200823908786,-87.94234792087695,43.07421796319209,2020-07-17,1,43.0
55079014700,55079008400,-87.93551340137516,43.042200823908786,-87.92332577697063,43.067583013115005,2020-07-17,1,43.0
55079014700,55079009900,-87.93551340137516,43.042200823908786,-87.94630275235495,43.060274421469344,2020-07-17,1,43.0
55079014700,55079008600,-87.93551340137516,43.042200823908786,-87.93517868399437,43.06762170689756,2020-07-17,1,43.0
55079014700,55079170400,-87.93551340137516,43.042200823908786,-87.8734267877277,42.89848248246609,2020-07-17,1,43.0
55079014700,55079008800,-87.93551340137516,43.042200823908786,-87.94617084834631,43.06788862375971,2020-07-17,2,86.0
55079014700,55079008700,-87.93551340137516,43.042200823908786,-87.93997122125838,43.06781436915486,2020-07-17,1,43.0
55079015700,55079020000,-87.92777138656925,43.021663598322064,-87.95273620994368,42.98405311376188,2020-07-17,2,51.0
55079015700,55079002100,-87.92777138656925,43.021663598322064,-87.95315716160212,43.115529640428136,2020-07-17,1,25.0
55079015700,55079004400,-87.92777138656925,43.021663598322064,-87.90608569163814,43.089298213737145,2020-07-17,1,25.0
55079015700,55079004500,-87.92777138656925,43.021663598322064,-87.92226909278084,43.08550885272536,2020-07-17,1,25.0
55079015700,55079015700,-87.92777138656925,43.021663598322064,-87.92777138656925,43.021663598322064,2020-07-17,91,2326.0
55079015700,55079100100,-87.92777138656925,43.021663598322064,-87.98598444052216,43.01659648927991,2020-07-17,1,25.0
55079015700,55079011200,-87.92777138656925,43.021663598322064,-87.89756439120579,43.055476240018415,2020-07-17,1,25.0
55079015700,55079110100,-87.92777138656925,43.021663598322064,-87.9710022364233,43.012448953036525,2020-07-17,7,178.0
55079015700,55079021200,-87.92777138656925,43.021663598322064,-87.92101040508955,42.965284697357816,2020-07-17,1,25.0
55079015700,55079160100,-87.92777138656925,43.021663598322064,-87.91471599062149,42.91513941042769,2020-07-17,2,51.0
55079015700,55079090300,-87.92777138656925,43.021663598322064,-88.0515779905257,43.06739040507833,2020-07-17,1,25.0
55079015700,55079012400,-87.92777138656925,43.021663598322064,-87.97680856828566,43.04580144948212,2020-07-17,1,25.0
55079015700,55079021700,-87.92777138656925,43.021663598322064,-87.91312462574102,42.94052513723052,2020-07-17,3,76.0
55079015700,55079120203,-87.92777138656925,43.021663598322064,-88.00776394431053,42.95694649923871,2020-07-17,1,25.0
55079015700,55079018400,-87.92777138656925,43.021663598322064,-87.90417459790928,42.9917062933768,2020-07-17,1,25.0
55079015700,55079160300,-87.92777138656925,43.021663598322064,-87.8893867076047,42.856940087232964,2020-07-17,1,25.0
55079015700,55079017300,-87.92777138656925,43.021663598322064,-87.94877202549131,43.0036525046766,2020-07-17,2,51.0
55079015700,55079019400,-87.92777138656925,43.021663598322064,-88.02755647500341,42.984577749923744,2020-07-17,1,25.0
55079015700,55079080300,-87.92777138656925,43.021663598322064,-87.87475616434764,43.089996653126924,2020-07-17,1,25.0
55079015700,55079120502,-87.92777138656925,43.021663598322064,-87.96510992081555,42.95304728304586,2020-07-17,1,25.0
55079015700,55079180500,-87.92777138656925,43.021663598322064,-87.87471526249948,42.93725893299447,2020-07-17,3,76.0
55079015700,55079186800,-87.92777138656925,43.021663598322064,-87.9506670108877,43.02815858561159,2020-07-17,4,102.0
55079015700,55079180400,-87.92777138656925,43.021663598322064,-87.85633588550823,42.93709205888796,2020-07-17,3,76.0
55079015700,55079014600,-87.92777138656925,43.021663598322064,-87.93032605572249,43.04237842637439,2020-07-17,1,25.0
55079015700,55079140100,-87.92777138656925,43.021663598322064,-88.0188613886232,42.93745223479677,2020-07-17,3,76.0
55079015700,55079140201,-87.92777138656925,43.021663598322064,-87.99911426080601,42.93902100763907,2020-07-17,2,51.0
55079015700,55079186500,-87.92777138656925,43.021663598322064,-87.9130303085029,43.02319729476483,2020-07-17,3,76.0
55079015700,55079003300,-87.92777138656925,43.021663598322064,-88.0173066794685,43.1010408446094,2020-07-17,1,25.0
55079015700,55079016800,-87.92777138656925,43.021663598322064,-87.92935001478907,43.01036042537408,2020-07-17,3,76.0
55079015700,55079007700,-87.92777138656925,43.021663598322064,-87.88849935823362,43.06389053422122,2020-07-17,1,25.0
55079015700,55079014400,-87.92777138656925,43.021663598322064,-87.90784049253895,43.042413401572134,2020-07-17,1,25.0
55079015700,55079150100,-87.92777138656925,43.021663598322064,-87.97759713310646,42.91424119290261,2020-07-17,4,102.0
55079015700,55079021600,-87.92777138656925,43.021663598322064,-87.92488475274558,42.952251222261935,2020-07-17,2,51.0
55079015700,55079003400,-87.92777138656925,43.021663598322064,-88.02444287795417,43.0934576342605,2020-07-17,1,25.0
55079015700,55079021300,-87.92777138656925,43.021663598322064,-87.93877469638159,42.970224160413096,2020-07-17,1,25.0
55079015700,55079016600,-87.92777138656925,43.021663598322064,-87.9139279223807,43.010028166006215,2020-07-17,1,25.0
55079015700,55079130100,-87.92777138656925,43.021663598322064,-88.04407902007586,42.942752065148895,2020-07-17,3,76.0
55079015700,55079150301,-87.92777138656925,43.021663598322064,-88.05345903025625,42.89781994777656,2020-07-17,1,25.0
55079015700,55079015800,-87.92777138656925,43.021663598322064,-87.93761636287321,43.021659379009066,2020-07-17,3,76.0
55079015700,55079006300,-87.92777138656925,43.021663598322064,-87.95229119818997,43.07635281761954,2020-07-17,1,25.0
55079015700,55079016300,-87.92777138656925,43.021663598322064,-87.93764055272034,43.01572710315665,2020-07-17,5,127.0
55079015700,55079000700,-87.92777138656925,43.021663598322064,-87.99009583376943,43.15588909293765,2020-07-17,1,25.0
55079015700,55079100200,-87.92777138656925,43.021663598322064,-87.99137992566246,43.01460892403096,2020-07-17,1,25.0
55079015700,55079017500,-87.92777138656925,43.021663598322064,-87.92965116916102,43.00287441605045,2020-07-17,1,25.0
55079015700,55079006600,-87.92777138656925,43.021663598322064,-87.93135214789555,43.075399167305534,2020-07-17,1,25.0
55079015700,55079007600,-87.92777138656925,43.021663598322064,-87.87859580944733,43.06399812725538,2020-07-17,1,25.0
55079015700,55079020300,-87.92777138656925,43.021663598322064,-87.92658964497383,42.979242665655576,2020-07-17,1,25.0
55079015700,55079016700,-87.92777138656925,43.021663598322064,-87.92209519609614,43.010301162214034,2020-07-17,3,76.0
55079015700,55079018800,-87.92777138656925,43.021663598322064,-87.94058386370827,42.99929639057026,2020-07-17,1,25.0
55079015700,55079186600,-87.92777138656925,43.021663598322064,-87.91355022125023,43.001384465822476,2020-07-17,1,25.0
55079015700,55079011000,-87.92777138656925,43.021663598322064,-87.89727240641399,43.050053518943756,2020-07-17,2,51.0
55079015700,55079018500,-87.92777138656925,43.021663598322064,-87.91439743752404,42.98441904059949,2020-07-17,2,51.0
55079015700,55079020500,-87.92777138656925,43.021663598322064,-87.92272370744391,42.988321496925906,2020-07-17,2,51.0
55079015700,55079021500,-87.92777138656925,43.021663598322064,-87.94398245259515,42.952098604888974,2020-07-17,1,25.0
55079015700,55079018600,-87.92777138656925,43.021663598322064,-87.92255649026754,42.995575414800356,2020-07-17,1,25.0
55079015700,55079150303,-87.92777138656925,43.021663598322064,-88.02312771344377,42.88960646488504,2020-07-17,1,25.0
55079015700,55079016400,-87.92777138656925,43.021663598322064,-87.92777599229481,43.01665943799343,2020-07-17,4,102.0
55079015700,55079001100,-87.92777138656925,43.021663598322064,-87.96901390366762,43.127689901740844,2020-07-17,1,25.0
55079015700,55079017600,-87.92777138656925,43.021663598322064,-87.92236059293215,43.00280872383964,2020-07-17,1,25.0
55079015700,55079186400,-87.92777138656925,43.021663598322064,-87.93038892981184,43.03695266796131,2020-07-17,1,25.0
55079015700,55079009600,-87.92777138656925,43.021663598322064,-87.96486502955395,43.05277336645368,2020-07-17,2,51.0
55079015700,55079020600,-87.92777138656925,43.021663598322064,-87.90444286867323,42.9810337820488,2020-07-17,1,25.0
55079015700,55079004100,-87.92777138656925,43.021663598322064,-87.95681147526382,43.0940907627305,2020-07-17,2,51.0
55079015700,55079170100,-87.92777138656925,43.021663598322064,-87.84892368656588,42.919583500675934,2020-07-17,2,51.0
55079015700,55079013400,-87.92777138656925,43.021663598322064,-87.95356038604784,43.03496530197635,2020-07-17,1,25.0
55079015700,55079005100,-87.92777138656925,43.021663598322064,-87.99757698420609,43.08261869423604,2020-07-17,1,25.0
55079015700,55079060102,-87.92777138656925,43.021663598322064,-87.93974960524739,43.148654535590595,2020-07-17,1,25.0
55079015700,55079006400,-87.92777138656925,43.021663598322064,-87.94234792087695,43.07421796319209,2020-07-17,1,25.0
55079015700,55079016900,-87.92777138656925,43.021663598322064,-87.93770785693083,43.00951913559766,2020-07-17,2,51.0
55079015700,55079185400,-87.92777138656925,43.021663598322064,-87.93768935592728,43.06023552955454,2020-07-17,1,25.0
55079015700,55079017200,-87.92777138656925,43.021663598322064,-87.95621680562614,43.002904101727246,2020-07-17,1,25.0
55079015700,55079008800,-87.92777138656925,43.021663598322064,-87.94617084834631,43.06788862375971,2020-07-17,1,25.0
55079015700,55079021100,-87.92777138656925,43.021663598322064,-87.91444199314573,42.970152010378044,2020-07-17,1,25.0
55079015700,55079008700,-87.92777138656925,43.021663598322064,-87.93997122125838,43.06781436915486,2020-07-17,1,25.0
55079015900,55079020000,-87.9473669417017,43.02159668337006,-87.95273620994368,42.98405311376188,2020-07-17,2,72.0
55079015900,55079012800,-87.9473669417017,43.02159668337006,-88.03145321223326,43.03059221584991,2020-07-17,1,36.0
55079015900,55079015700,-87.9473669417017,43.02159668337006,-87.92777138656925,43.021663598322064,2020-07-17,5,181.0
55079015900,55079016200,-87.9473669417017,43.02159668337006,-87.94745090497267,43.01660575920564,2020-07-17,1,36.0
55079015900,55079019000,-87.9473669417017,43.02159668337006,-87.967877289968,42.995496154489715,2020-07-17,1,36.0
55079015900,55079091300,-87.9473669417017,43.02159668337006,-88.0097444924032,43.037871666045895,2020-07-17,1,36.0
55079015900,55079011400,-87.9473669417017,43.02159668337006,-87.9106574898586,43.05269479350376,2020-07-17,1,36.0
55079015900,55079110100,-87.9473669417017,43.02159668337006,-87.9710022364233,43.012448953036525,2020-07-17,5,181.0
55079015900,55079101000,-87.9473669417017,43.02159668337006,-88.05764456171738,42.99173938525954,2020-07-17,1,36.0
55079015900,55079160100,-87.9473669417017,43.02159668337006,-87.91471599062149,42.91513941042769,2020-07-17,6,217.0
55079015900,55079090300,-87.9473669417017,43.02159668337006,-88.0515779905257,43.06739040507833,2020-07-17,1,36.0
55079015900,55079120501,-87.9473669417017,43.02159668337006,-87.96680035551529,42.94072396992586,2020-07-17,1,36.0
55079015900,55079090200,-87.9473669417017,43.02159668337006,-88.05200796218348,43.081902180003375,2020-07-17,1,36.0
55079015900,55079120400,-87.9473669417017,43.02159668337006,-87.96548496050795,42.96670427425607,2020-07-17,1,36.0
55079015900,55079185900,-87.9473669417017,43.02159668337006,-87.93229166080955,43.05383765471328,2020-07-17,1,36.0
55079015900,55079120502,-87.9473669417017,43.02159668337006,-87.96510992081555,42.95304728304586,2020-07-17,2,72.0
55079015900,55079187400,-87.9473669417017,43.02159668337006,-87.90767949876499,43.03217517915639,2020-07-17,1,36.0
55079015900,55079006200,-87.9473669417017,43.02159668337006,-87.96097127315564,43.067902782244275,2020-07-17,1,36.0
55079015900,55079186800,-87.9473669417017,43.02159668337006,-87.9506670108877,43.02815858561159,2020-07-17,7,253.0
55079015900,55079018900,-87.9473669417017,43.02159668337006,-87.95323213052187,42.995654122863776,2020-07-17,1,36.0
55079015900,55079020100,-87.9473669417017,43.02159668337006,-87.94099671150566,42.988482506396224,2020-07-17,1,36.0
55079015900,55079180400,-87.9473669417017,43.02159668337006,-87.85633588550823,42.93709205888796,2020-07-17,1,36.0
55079015900,55079186500,-87.9473669417017,43.02159668337006,-87.9130303085029,43.02319729476483,2020-07-17,4,144.0
55079015900,55079016800,-87.9473669417017,43.02159668337006,-87.92935001478907,43.01036042537408,2020-07-17,3,108.0
55079015900,55079150100,-87.9473669417017,43.02159668337006,-87.97759713310646,42.91424119290261,2020-07-17,4,144.0
55079015900,55079021600,-87.9473669417017,43.02159668337006,-87.92488475274558,42.952251222261935,2020-07-17,1,36.0
55079015900,55079016100,-87.9473669417017,43.02159668337006,-87.95946595975387,43.016089910899275,2020-07-17,5,181.0
55079015900,55079015800,-87.9473669417017,43.02159668337006,-87.93761636287321,43.021659379009066,2020-07-17,1,36.0
55079015900,55079020700,-87.9473669417017,43.02159668337006,-87.89282968229121,42.980391637955094,2020-07-17,1,36.0
55079015900,55079016300,-87.9473669417017,43.02159668337006,-87.93764055272034,43.01572710315665,2020-07-17,3,108.0
55079015900,55079020400,-87.9473669417017,43.02159668337006,-87.9300852632457,42.98834002972675,2020-07-17,1,36.0
55079015900,55079100200,-87.9473669417017,43.02159668337006,-87.99137992566246,43.01460892403096,2020-07-17,3,108.0
55079015900,55079000900,-87.9473669417017,43.02159668337006,-87.95566887882444,43.14970170326806,2020-07-17,1,36.0
55079015900,55079001300,-87.9473669417017,43.02159668337006,-87.99843350448002,43.126783535933505,2020-07-17,1,36.0
55079015900,55079020300,-87.9473669417017,43.02159668337006,-87.92658964497383,42.979242665655576,2020-07-17,2,72.0
55079015900,55079016700,-87.9473669417017,43.02159668337006,-87.92209519609614,43.010301162214034,2020-07-17,1,36.0
55079015900,55079017400,-87.9473669417017,43.02159668337006,-87.9382983850757,43.00476614107047,2020-07-17,1,36.0
55079015900,55079186600,-87.9473669417017,43.02159668337006,-87.91355022125023,43.001384465822476,2020-07-17,1,36.0
55079015900,55079014900,-87.9473669417017,43.02159668337006,-87.94481830610269,43.03704436935605,2020-07-17,1,36.0
55079015900,55079018200,-87.9473669417017,43.02159668337006,-87.87369831321716,42.99249911585218,2020-07-17,4,144.0
55079015900,55079016000,-87.9473669417017,43.02159668337006,-87.95725941865898,43.02137414837421,2020-07-17,2,72.0
55079015900,55079016400,-87.9473669417017,43.02159668337006,-87.92777599229481,43.01665943799343,2020-07-17,1,36.0
55079015900,55079016500,-87.9473669417017,43.02159668337006,-87.91153110922029,43.01579142211555,2020-07-17,4,144.0
55079015900,55079018700,-87.9473669417017,43.02159668337006,-87.92991431934564,42.995583237143,2020-07-17,1,36.0
55079015900,55079186400,-87.9473669417017,43.02159668337006,-87.93038892981184,43.03695266796131,2020-07-17,1,36.0
55079015900,55079020600,-87.9473669417017,43.02159668337006,-87.90444286867323,42.9810337820488,2020-07-17,1,36.0
55079015900,55079017000,-87.9473669417017,43.02159668337006,-87.9475259715867,43.01041841584858,2020-07-17,1,36.0
55079015900,55079170400,-87.9473669417017,43.02159668337006,-87.8734267877277,42.89848248246609,2020-07-17,1,36.0
55079015900,55079017200,-87.9473669417017,43.02159668337006,-87.95621680562614,43.002904101727246,2020-07-17,1,36.0
55079015900,55079008800,-87.9473669417017,43.02159668337006,-87.94617084834631,43.06788862375971,2020-07-17,1,36.0
55079015900,55079015900,-87.9473669417017,43.02159668337006,-87.9473669417017,43.02159668337006,2020-07-17,82,2971.0
55079016000,55079020000,-87.95725941865898,43.02137414837421,-87.95273620994368,42.98405311376188,2020-07-17,6,191.0
55079016000,55079060200,-87.95725941865898,43.02137414837421,-87.9245165328896,43.11556508690733,2020-07-17,1,31.0
55079016000,55079015700,-87.95725941865898,43.02137414837421,-87.92777138656925,43.021663598322064,2020-07-17,2,63.0
55079016000,55079016200,-87.95725941865898,43.02137414837421,-87.94745090497267,43.01660575920564,2020-07-17,1,31.0
55079016000,55079019000,-87.95725941865898,43.02137414837421,-87.967877289968,42.995496154489715,2020-07-17,2,63.0
55079016000,55079100100,-87.95725941865898,43.02137414837421,-87.98598444052216,43.01659648927991,2020-07-17,1,31.0
55079016000,55079000102,-87.95725941865898,43.02137414837421,-88.01167859828367,43.164645145767146,2020-07-17,4,127.0
55079016000,55079000202,-87.95725941865898,43.02137414837421,-88.04132965001602,43.160382512849615,2020-07-17,1,31.0
55079016000,55079110100,-87.95725941865898,43.02137414837421,-87.9710022364233,43.012448953036525,2020-07-17,15,479.0
55079016000,55079101000,-87.95725941865898,43.02137414837421,-88.05764456171738,42.99173938525954,2020-07-17,1,31.0
55079016000,55079186300,-87.95725941865898,43.02137414837421,-87.91799927397663,43.040616743150025,2020-07-17,2,63.0
55079016000,55079021700,-87.95725941865898,43.02137414837421,-87.91312462574102,42.94052513723052,2020-07-17,3,95.0
55079016000,55079019100,-87.95725941865898,43.02137414837421,-87.96549351619066,42.982165146288615,2020-07-17,5,159.0
55079016000,55079120400,-87.95725941865898,43.02137414837421,-87.96548496050795,42.96670427425607,2020-07-17,2,63.0
55079016000,55079004800,-87.95725941865898,43.02137414837421,-87.96231596301399,43.077035360461494,2020-07-17,1,31.0
55079016000,55079185300,-87.95725941865898,43.02137414837421,-88.04265402690729,43.049880154873065,2020-07-17,2,63.0
55079016000,55079187400,-87.95725941865898,43.02137414837421,-87.90767949876499,43.03217517915639,2020-07-17,1,31.0
55079016000,55079186800,-87.95725941865898,43.02137414837421,-87.9506670108877,43.02815858561159,2020-07-17,6,191.0
55079016000,55079100500,-87.95725941865898,43.02137414837421,-88.02674691869541,43.01326660162138,2020-07-17,1,31.0
55079016000,55079100600,-87.95725941865898,43.02137414837421,-88.02237498004419,43.02035162464835,2020-07-17,1,31.0
55079016000,55079018900,-87.95725941865898,43.02137414837421,-87.95323213052187,42.995654122863776,2020-07-17,1,31.0
55079016000,55079020100,-87.95725941865898,43.02137414837421,-87.94099671150566,42.988482506396224,2020-07-17,2,63.0
55079016000,55079007000,-87.95725941865898,43.02137414837421,-87.91122456687498,43.07424564740019,2020-07-17,1,31.0
55079016000,55079140100,-87.95725941865898,43.02137414837421,-88.0188613886232,42.93745223479677,2020-07-17,1,31.0
55079016000,55079186500,-87.95725941865898,43.02137414837421,-87.9130303085029,43.02319729476483,2020-07-17,2,63.0
55079016000,55079016800,-87.95725941865898,43.02137414837421,-87.92935001478907,43.01036042537408,2020-07-17,3,95.0
55079016000,55079100400,-87.95725941865898,43.02137414837421,-88.01166560297426,43.0170103539625,2020-07-17,1,31.0
55079016000,55079150100,-87.95725941865898,43.02137414837421,-87.97759713310646,42.91424119290261,2020-07-17,3,95.0
55079016000,55079021600,-87.95725941865898,43.02137414837421,-87.92488475274558,42.952251222261935,2020-07-17,3,95.0
55079016000,55079035200,-87.95725941865898,43.02137414837421,-87.9070718018067,43.16012040860922,2020-07-17,1,31.0
55079016000,55079016100,-87.95725941865898,43.02137414837421,-87.95946595975387,43.016089910899275,2020-07-17,2,63.0
55079016000,55079016600,-87.95725941865898,43.02137414837421,-87.9139279223807,43.010028166006215,2020-07-17,2,63.0
55079016000,55079015800,-87.95725941865898,43.02137414837421,-87.93761636287321,43.021659379009066,2020-07-17,3,95.0
55079016000,55079019500,-87.95725941865898,43.02137414837421,-88.02769031152603,42.97732706705707,2020-07-17,1,31.0
55079016000,55079016300,-87.95725941865898,43.02137414837421,-87.93764055272034,43.01572710315665,2020-07-17,2,63.0
55079016000,55079019900,-87.95725941865898,43.02137414837421,-87.98235255712866,42.973172118392476,2020-07-17,1,31.0
55079016000,55079101500,-87.95725941865898,43.02137414837421,-88.00747595996755,43.007126720391405,2020-07-17,1,31.0
55079016000,55079100200,-87.95725941865898,43.02137414837421,-87.99137992566246,43.01460892403096,2020-07-17,4,127.0
55079016000,55079017500,-87.95725941865898,43.02137414837421,-87.92965116916102,43.00287441605045,2020-07-17,3,95.0
55079016000,55079012600,-87.95725941865898,43.02137414837421,-87.99443577770006,43.034032251200934,2020-07-17,1,31.0
55079016000,55079000900,-87.95725941865898,43.02137414837421,-87.95566887882444,43.14970170326806,2020-07-17,2,63.0
55079016000,55079001700,-87.95725941865898,43.02137414837421,-88.01621221830194,43.10855887721336,2020-07-17,1,31.0
55079016000,55079020900,-87.95725941865898,43.02137414837421,-87.90186271433869,42.97013349358029,2020-07-17,1,31.0
55079016000,55079016700,-87.95725941865898,43.02137414837421,-87.92209519609614,43.010301162214034,2020-07-17,1,31.0
55079016000,55079186600,-87.95725941865898,43.02137414837421,-87.91355022125023,43.001384465822476,2020-07-17,1,31.0
55079016000,55079120202,-87.95725941865898,43.02137414837421,-87.99868084532402,42.965848843600455,2020-07-17,1,31.0
55079016000,55079001500,-87.95725941865898,43.02137414837421,-88.01520145334699,43.123754077777434,2020-07-17,1,31.0
55079016000,55079020500,-87.95725941865898,43.02137414837421,-87.92272370744391,42.988321496925906,2020-07-17,1,31.0
55079016000,55079021500,-87.95725941865898,43.02137414837421,-87.94398245259515,42.952098604888974,2020-07-17,1,31.0
55079016000,55079016000,-87.95725941865898,43.02137414837421,-87.95725941865898,43.02137414837421,2020-07-17,81,2588.0
55079016000,55079019800,-87.95725941865898,43.02137414837421,-87.98973307517815,42.982078809345225,2020-07-17,2,63.0
55079016000,55079000304,-87.95725941865898,43.02137414837421,-88.02644618111368,43.14364069729464,2020-07-17,1,31.0
55079016000,55079001900,-87.95725941865898,43.02137414837421,-87.98367415791445,43.115686316787006,2020-07-17,1,31.0
55079016000,55079018300,-87.95725941865898,43.02137414837421,-87.89285805580873,42.991354183119796,2020-07-17,1,31.0
55079016000,55079004100,-87.95725941865898,43.02137414837421,-87.95681147526382,43.0940907627305,2020-07-17,1,31.0
55079016000,55079170100,-87.95725941865898,43.02137414837421,-87.84892368656588,42.919583500675934,2020-07-17,2,63.0
55079016000,55079100300,-87.95725941865898,43.02137414837421,-88.00316709835943,43.017354422985534,2020-07-17,1,31.0
55079016000,55079016900,-87.95725941865898,43.02137414837421,-87.93770785693083,43.00951913559766,2020-07-17,2,63.0
55079016000,55079017100,-87.95725941865898,43.02137414837421,-87.95808412992528,43.01056521552099,2020-07-17,2,63.0
55079016000,55079012200,-87.95725941865898,43.02137414837421,-87.95271101560115,43.04866661559741,2020-07-17,1,31.0
55079016000,55079009300,-87.95725941865898,43.02137414837421,-87.98314520393755,43.060746025032145,2020-07-17,1,31.0
55079016000,55079015900,-87.95725941865898,43.02137414837421,-87.9473669417017,43.02159668337006,2020-07-17,4,127.0
55079016100,55079020000,-87.95946595975387,43.016089910899275,-87.95273620994368,42.98405311376188,2020-07-17,7,230.0
55079016100,55079060200,-87.95946595975387,43.016089910899275,-87.9245165328896,43.11556508690733,2020-07-17,3,98.0
55079016100,55079015700,-87.95946595975387,43.016089910899275,-87.92777138656925,43.021663598322064,2020-07-17,1,32.0
55079016100,55079019000,-87.95946595975387,43.016089910899275,-87.967877289968,42.995496154489715,2020-07-17,2,65.0
55079016100,55079100700,-87.95946595975387,43.016089910899275,-88.03788629567484,43.0213025080197,2020-07-17,1,32.0
55079016100,55079110100,-87.95946595975387,43.016089910899275,-87.9710022364233,43.012448953036525,2020-07-17,17,560.0
55079016100,55079021200,-87.95946595975387,43.016089910899275,-87.92101040508955,42.965284697357816,2020-07-17,1,32.0
55079016100,55079160100,-87.95946595975387,43.016089910899275,-87.91471599062149,42.91513941042769,2020-07-17,2,65.0
55079016100,55079090300,-87.95946595975387,43.016089910899275,-88.0515779905257,43.06739040507833,2020-07-17,2,65.0
55079016100,55079021700,-87.95946595975387,43.016089910899275,-87.91312462574102,42.94052513723052,2020-07-17,3,98.0
55079016100,55079019100,-87.95946595975387,43.016089910899275,-87.96549351619066,42.982165146288615,2020-07-17,1,32.0
55079016100,55079120203,-87.95946595975387,43.016089910899275,-88.00776394431053,42.95694649923871,2020-07-17,2,65.0
55079016100,55079018400,-87.95946595975387,43.016089910899275,-87.90417459790928,42.9917062933768,2020-07-17,1,32.0
55079016100,55079090600,-87.95946595975387,43.016089910899275,-88.05435154566402,43.03795832032663,2020-07-17,1,32.0
55079016100,55079185300,-87.95946595975387,43.016089910899275,-88.04265402690729,43.049880154873065,2020-07-17,1,32.0
55079016100,55079120502,-87.95946595975387,43.016089910899275,-87.96510992081555,42.95304728304586,2020-07-17,1,32.0
55079016100,55079186800,-87.95946595975387,43.016089910899275,-87.9506670108877,43.02815858561159,2020-07-17,4,131.0
55079016100,55079187200,-87.95946595975387,43.016089910899275,-88.00769048889484,42.863813659193866,2020-07-17,2,65.0
55079016100,55079160203,-87.95946595975387,43.016089910899275,-87.91638950191752,42.89402789790319,2020-07-17,3,98.0
55079016100,55079091200,-87.95946595975387,43.016089910899275,-88.00388284004167,43.0467075980639,2020-07-17,2,65.0
55079016100,55079100500,-87.95946595975387,43.016089910899275,-88.02674691869541,43.01326660162138,2020-07-17,1,32.0
55079016100,55079018900,-87.95946595975387,43.016089910899275,-87.95323213052187,42.995654122863776,2020-07-17,1,32.0
55079016100,55079020100,-87.95946595975387,43.016089910899275,-87.94099671150566,42.988482506396224,2020-07-17,3,98.0
55079016100,55079140100,-87.95946595975387,43.016089910899275,-88.0188613886232,42.93745223479677,2020-07-17,1,32.0
55079016100,55079140201,-87.95946595975387,43.016089910899275,-87.99911426080601,42.93902100763907,2020-07-17,1,32.0
55079016100,55079091400,-87.95946595975387,43.016089910899275,-87.99383660813824,43.04031315098078,2020-07-17,1,32.0
55079016100,55079007500,-87.95946595975387,43.016089910899275,-87.87772470520909,43.071061371506396,2020-07-17,1,32.0
55079016100,55079016800,-87.95946595975387,43.016089910899275,-87.92935001478907,43.01036042537408,2020-07-17,5,164.0
55079016100,55079040100,-87.95946595975387,43.016089910899275,-87.93527423095499,43.17163768621121,2020-07-17,1,32.0
55079016100,55079003800,-87.95946595975387,43.016089910899275,-87.97215356169055,43.086187842345545,2020-07-17,1,32.0
55079016100,55079014400,-87.95946595975387,43.016089910899275,-87.90784049253895,43.042413401572134,2020-07-17,1,32.0
55079016100,55079070200,-87.95946595975387,43.016089910899275,-87.8919112738197,43.1133970416122,2020-07-17,2,65.0
55079016100,55079021600,-87.95946595975387,43.016089910899275,-87.92488475274558,42.952251222261935,2020-07-17,2,65.0
55079016100,55079016100,-87.95946595975387,43.016089910899275,-87.95946595975387,43.016089910899275,2020-07-17,92,3031.0
55079016100,55079002900,-87.95946595975387,43.016089910899275,-87.98131890013833,43.108341188298006,2020-07-17,1,32.0
55079016100,55079014100,-87.95946595975387,43.016089910899275,-87.92097269793881,43.04863570292668,2020-07-17,1,32.0
55079016100,55079100800,-87.95946595975387,43.016089910899275,-88.05710943935104,43.023654444193184,2020-07-17,1,32.0
55079016100,55079180300,-87.95946595975387,43.016089910899275,-87.87005593266791,42.951885652862586,2020-07-17,1,32.0
55079016100,55079000700,-87.95946595975387,43.016089910899275,-87.99009583376943,43.15588909293765,2020-07-17,1,32.0
55079016100,55079020400,-87.95946595975387,43.016089910899275,-87.9300852632457,42.98834002972675,2020-07-17,2,65.0
55079016100,55079017500,-87.95946595975387,43.016089910899275,-87.92965116916102,43.00287441605045,2020-07-17,2,65.0
55079016100,55079007200,-87.95946595975387,43.016089910899275,-87.89788270005259,43.07774402945858,2020-07-17,1,32.0
55079016100,55079000900,-87.95946595975387,43.016089910899275,-87.95566887882444,43.14970170326806,2020-07-17,2,65.0
55079016100,55079016700,-87.95946595975387,43.016089910899275,-87.92209519609614,43.010301162214034,2020-07-17,1,32.0
55079016100,55079018800,-87.95946595975387,43.016089910899275,-87.94058386370827,42.99929639057026,2020-07-17,2,65.0
55079016100,55079186600,-87.95946595975387,43.016089910899275,-87.91355022125023,43.001384465822476,2020-07-17,1,32.0
55079016100,55079120202,-87.95946595975387,43.016089910899275,-87.99868084532402,42.965848843600455,2020-07-17,1,32.0
55079016100,55079020500,-87.95946595975387,43.016089910899275,-87.92272370744391,42.988321496925906,2020-07-17,1,32.0
55079016100,55079021500,-87.95946595975387,43.016089910899275,-87.94398245259515,42.952098604888974,2020-07-17,2,65.0
55079016100,55079020200,-87.95946595975387,43.016089910899275,-87.94112496275925,42.977527635995024,2020-07-17,1,32.0
55079016100,55079016000,-87.95946595975387,43.016089910899275,-87.95725941865898,43.02137414837421,2020-07-17,1,32.0
55079016100,55079019800,-87.95946595975387,43.016089910899275,-87.98973307517815,42.982078809345225,2020-07-17,3,98.0
55079016100,55079002600,-87.95946595975387,43.016089910899275,-87.96192834607115,43.10067420371696,2020-07-17,1,32.0
55079016100,55079016500,-87.95946595975387,43.016089910899275,-87.91153110922029,43.01579142211555,2020-07-17,1,32.0
55079016100,55079017600,-87.95946595975387,43.016089910899275,-87.92236059293215,43.00280872383964,2020-07-17,4,131.0
55079016100,55079180200,-87.95946595975387,43.016089910899275,-87.85506992096182,42.95465467367753,2020-07-17,1,32.0
55079016100,55079020600,-87.95946595975387,43.016089910899275,-87.90444286867323,42.9810337820488,2020-07-17,2,65.0
55079016100,55079185200,-87.95946595975387,43.016089910899275,-87.88193798921913,42.967674094622936,2020-07-17,4,131.0
55079016100,55079012900,-87.95946595975387,43.016089910899275,-87.99989477924994,43.028140622580246,2020-07-17,3,98.0
55079016100,55079016900,-87.95946595975387,43.016089910899275,-87.93770785693083,43.00951913559766,2020-07-17,2,65.0
55079016100,55079017100,-87.95946595975387,43.016089910899275,-87.95808412992528,43.01056521552099,2020-07-17,4,131.0
55079016100,55079017000,-87.95946595975387,43.016089910899275,-87.9475259715867,43.01041841584858,2020-07-17,1,32.0
55079016100,55079002200,-87.95946595975387,43.016089910899275,-87.9335870089048,43.11469059411332,2020-07-17,1,32.0
55079016100,55079015900,-87.95946595975387,43.016089910899275,-87.9473669417017,43.02159668337006,2020-07-17,1,32.0
55079016200,55079020000,-87.94745090497267,43.01660575920564,-87.95273620994368,42.98405311376188,2020-07-17,6,185.0
55079016200,55079016200,-87.94745090497267,43.01660575920564,-87.94745090497267,43.01660575920564,2020-07-17,85,2624.0
55079016200,55079019000,-87.94745090497267,43.01660575920564,-87.967877289968,42.995496154489715,2020-07-17,1,30.0
55079016200,55079100100,-87.94745090497267,43.01660575920564,-87.98598444052216,43.01659648927991,2020-07-17,1,30.0
55079016200,55079000101,-87.94745090497267,43.01660575920564,-88.00922083481396,43.18510784936368,2020-07-17,2,61.0
55079016200,55079000102,-87.94745090497267,43.01660575920564,-88.01167859828367,43.164645145767146,2020-07-17,1,30.0
55079016200,55079110100,-87.94745090497267,43.01660575920564,-87.9710022364233,43.012448953036525,2020-07-17,6,185.0
55079016200,55079021200,-87.94745090497267,43.01660575920564,-87.92101040508955,42.965284697357816,2020-07-17,2,61.0
55079016200,55079160100,-87.94745090497267,43.01660575920564,-87.91471599062149,42.91513941042769,2020-07-17,2,61.0
55079016200,55079090300,-87.94745090497267,43.01660575920564,-88.0515779905257,43.06739040507833,2020-07-17,1,30.0
55079016200,55079120501,-87.94745090497267,43.01660575920564,-87.96680035551529,42.94072396992586,2020-07-17,1,30.0
55079016200,55079019200,-87.94745090497267,43.01660575920564,-87.9858350139744,42.99282711086924,2020-07-17,2,61.0
55079016200,55079090200,-87.94745090497267,43.01660575920564,-88.05200796218348,43.081902180003375,2020-07-17,1,30.0
55079016200,55079090900,-87.94745090497267,43.01660575920564,-88.00270912368009,43.06124682618238,2020-07-17,2,61.0
55079016200,55079120203,-87.94745090497267,43.01660575920564,-88.00776394431053,42.95694649923871,2020-07-17,1,30.0
55079016200,55079017300,-87.94745090497267,43.01660575920564,-87.94877202549131,43.0036525046766,2020-07-17,1,30.0
55079016200,55079186000,-87.94745090497267,43.01660575920564,-87.92039854147795,43.053956957431964,2020-07-17,1,30.0
55079016200,55079185300,-87.94745090497267,43.01660575920564,-88.04265402690729,43.049880154873065,2020-07-17,1,30.0
55079016200,55079120502,-87.94745090497267,43.01660575920564,-87.96510992081555,42.95304728304586,2020-07-17,2,61.0
55079016200,55079004000,-87.94745090497267,43.01660575920564,-87.97205846198321,43.09342306765945,2020-07-17,1,30.0
55079016200,55079021000,-87.94745090497267,43.01660575920564,-87.89993467732904,42.962739149255064,2020-07-17,1,30.0
55079016200,55079186800,-87.94745090497267,43.01660575920564,-87.9506670108877,43.02815858561159,2020-07-17,3,92.0
55079016200,55079160203,-87.94745090497267,43.01660575920564,-87.91638950191752,42.89402789790319,2020-07-17,1,30.0
55079016200,55079018900,-87.94745090497267,43.01660575920564,-87.95323213052187,42.995654122863776,2020-07-17,1,30.0
55079016200,55079020100,-87.94745090497267,43.01660575920564,-87.94099671150566,42.988482506396224,2020-07-17,2,61.0
55079016200,55079180400,-87.94745090497267,43.01660575920564,-87.85633588550823,42.93709205888796,2020-07-17,1,30.0
55079016200,55079101100,-87.94745090497267,43.01660575920564,-88.04276904850849,42.99420752845147,2020-07-17,1,30.0
55079016200,55079140100,-87.94745090497267,43.01660575920564,-88.0188613886232,42.93745223479677,2020-07-17,1,30.0
55079016200,55079017900,-87.94745090497267,43.01660575920564,-87.90503327479618,42.998772533253295,2020-07-17,1,30.0
55079016200,55079186500,-87.94745090497267,43.01660575920564,-87.9130303085029,43.02319729476483,2020-07-17,1,30.0
55079016200,55079016800,-87.94745090497267,43.01660575920564,-87.92935001478907,43.01036042537408,2020-07-17,5,154.0
55079016200,55079120101,-87.94745090497267,43.01660575920564,-88.04814010007517,42.95916305909443,2020-07-17,1,30.0
55079016200,55079100400,-87.94745090497267,43.01660575920564,-88.01166560297426,43.0170103539625,2020-07-17,1,30.0
55079016200,55079150100,-87.94745090497267,43.01660575920564,-87.97759713310646,42.91424119290261,2020-07-17,2,61.0
55079016200,55079016100,-87.94745090497267,43.01660575920564,-87.95946595975387,43.016089910899275,2020-07-17,2,61.0
55079016200,55079019600,-87.94745090497267,43.01660575920564,-88.00769668957767,42.984657216409644,2020-07-17,1,30.0
55079016200,55079120201,-87.94745090497267,43.01660575920564,-88.01868214174351,42.96737507435749,2020-07-17,1,30.0
55079016200,55079050102,-87.94745090497267,43.01660575920564,-87.96743569232115,43.172443064752215,2020-07-17,1,30.0
55079016200,55079020700,-87.94745090497267,43.01660575920564,-87.89282968229121,42.980391637955094,2020-07-17,4,123.0
55079016200,55079185100,-87.94745090497267,43.01660575920564,-87.86132764015301,42.9760744263621,2020-07-17,1,30.0
55079016200,55079016300,-87.94745090497267,43.01660575920564,-87.93764055272034,43.01572710315665,2020-07-17,3,92.0
55079016200,55079101500,-87.94745090497267,43.01660575920564,-88.00747595996755,43.007126720391405,2020-07-17,1,30.0
55079016200,55079101700,-87.94745090497267,43.01660575920564,-88.00697190300957,43.00173437379505,2020-07-17,1,30.0
55079016200,55079020400,-87.94745090497267,43.01660575920564,-87.9300852632457,42.98834002972675,2020-07-17,1,30.0
55079016200,55079017500,-87.94745090497267,43.01660575920564,-87.92965116916102,43.00287441605045,2020-07-17,1,30.0
55079016200,55079020300,-87.94745090497267,43.01660575920564,-87.92658964497383,42.979242665655576,2020-07-17,2,61.0
55079016200,55079020900,-87.94745090497267,43.01660575920564,-87.90186271433869,42.97013349358029,2020-07-17,1,30.0
55079016200,55079016700,-87.94745090497267,43.01660575920564,-87.92209519609614,43.010301162214034,2020-07-17,3,92.0
55079016200,55079017400,-87.94745090497267,43.01660575920564,-87.9382983850757,43.00476614107047,2020-07-17,1,30.0
55079016200,55079018800,-87.94745090497267,43.01660575920564,-87.94058386370827,42.99929639057026,2020-07-17,1,30.0
55079016200,55079120202,-87.94745090497267,43.01660575920564,-87.99868084532402,42.965848843600455,2020-07-17,1,30.0
55079016200,55079018200,-87.94745090497267,43.01660575920564,-87.87369831321716,42.99249911585218,2020-07-17,1,30.0
55079016200,55079018500,-87.94745090497267,43.01660575920564,-87.91439743752404,42.98441904059949,2020-07-17,3,92.0
55079016200,55079016000,-87.94745090497267,43.01660575920564,-87.95725941865898,43.02137414837421,2020-07-17,2,61.0
55079016200,55079019700,-87.94745090497267,43.01660575920564,-88.00741820523533,42.97570820507905,2020-07-17,1,30.0
55079016200,55079016400,-87.94745090497267,43.01660575920564,-87.92777599229481,43.01665943799343,2020-07-17,2,61.0
55079016200,55079013700,-87.94745090497267,43.01660575920564,-87.94529508707278,43.04229912697773,2020-07-17,2,61.0
55079016200,55079018300,-87.94745090497267,43.01660575920564,-87.89285805580873,42.991354183119796,2020-07-17,1,30.0
55079016200,55079001100,-87.94745090497267,43.01660575920564,-87.96901390366762,43.127689901740844,2020-07-17,1,30.0
55079016200,55079017600,-87.94745090497267,43.01660575920564,-87.92236059293215,43.00280872383964,2020-07-17,1,30.0
55079016200,55079018700,-87.94745090497267,43.01660575920564,-87.92991431934564,42.995583237143,2020-07-17,1,30.0
55079016200,55079013400,-87.94745090497267,43.01660575920564,-87.95356038604784,43.03496530197635,2020-07-17,1,30.0
55079016200,55079100300,-87.94745090497267,43.01660575920564,-88.00316709835943,43.017354422985534,2020-07-17,1,30.0
55079016200,55079185200,-87.94745090497267,43.01660575920564,-87.88193798921913,42.967674094622936,2020-07-17,1,30.0
55079016200,55079016900,-87.94745090497267,43.01660575920564,-87.93770785693083,43.00951913559766,2020-07-17,1,30.0
55079016200,55079017100,-87.94745090497267,43.01660575920564,-87.95808412992528,43.01056521552099,2020-07-17,1,30.0
55079016200,55079120300,-87.94745090497267,43.01660575920564,-87.97376432533524,42.98091406493879,2020-07-17,2,61.0
55079016200,55079017000,-87.94745090497267,43.01660575920564,-87.9475259715867,43.01041841584858,2020-07-17,6,185.0
55079016200,55079170400,-87.94745090497267,43.01660575920564,-87.8734267877277,42.89848248246609,2020-07-17,2,61.0
55079016200,55079017200,-87.94745090497267,43.01660575920564,-87.95621680562614,43.002904101727246,2020-07-17,1,30.0
55079016200,55079015900,-87.94745090497267,43.01660575920564,-87.9473669417017,43.02159668337006,2020-07-17,7,216.0
55079016200,55079013500,-87.94745090497267,43.01660575920564,-87.9526122313311,43.040147622140005,2020-07-17,1,30.0
55079016400,55079020000,-87.92777599229481,43.01665943799343,-87.95273620994368,42.98405311376188,2020-07-17,1,37.0
55079016400,55079004300,-87.92777599229481,43.01665943799343,-87.93220867621264,43.094799127568905,2020-07-17,1,37.0
55079016400,55079012800,-87.92777599229481,43.01665943799343,-88.03145321223326,43.03059221584991,2020-07-17,1,37.0
55079016400,55079015700,-87.92777599229481,43.01665943799343,-87.92777138656925,43.021663598322064,2020-07-17,3,113.0
55079016400,55079016200,-87.92777599229481,43.01665943799343,-87.94745090497267,43.01660575920564,2020-07-17,2,75.0
55079016400,55079100100,-87.92777599229481,43.01665943799343,-87.98598444052216,43.01659648927991,2020-07-17,1,37.0
55079016400,55079091300,-87.92777599229481,43.01665943799343,-88.0097444924032,43.037871666045895,2020-07-17,2,75.0
55079016400,55079000102,-87.92777599229481,43.01665943799343,-88.01167859828367,43.164645145767146,2020-07-17,1,37.0
55079016400,55079011400,-87.92777599229481,43.01665943799343,-87.9106574898586,43.05269479350376,2020-07-17,1,37.0
55079016400,55079110100,-87.92777599229481,43.01665943799343,-87.9710022364233,43.012448953036525,2020-07-17,5,188.0
55079016400,55079101000,-87.92777599229481,43.01665943799343,-88.05764456171738,42.99173938525954,2020-07-17,2,75.0
55079016400,55079160100,-87.92777599229481,43.01665943799343,-87.91471599062149,42.91513941042769,2020-07-17,1,37.0
55079016400,55079000600,-87.92777599229481,43.01665943799343,-88.00190569680801,43.14010292722225,2020-07-17,1,37.0
55079016400,55079021700,-87.92777599229481,43.01665943799343,-87.91312462574102,42.94052513723052,2020-07-17,2,75.0
55079016400,55079090200,-87.92777599229481,43.01665943799343,-88.05200796218348,43.081902180003375,2020-07-17,2,75.0
55079016400,55079120400,-87.92777599229481,43.01665943799343,-87.96548496050795,42.96670427425607,2020-07-17,1,37.0
55079016400,55079120203,-87.92777599229481,43.01665943799343,-88.00776394431053,42.95694649923871,2020-07-17,1,37.0
55079016400,55079160300,-87.92777599229481,43.01665943799343,-87.8893867076047,42.856940087232964,2020-07-17,2,75.0
55079016400,55079017300,-87.92777599229481,43.01665943799343,-87.94877202549131,43.0036525046766,2020-07-17,1,37.0
55079016400,55079186000,-87.92777599229481,43.01665943799343,-87.92039854147795,43.053956957431964,2020-07-17,1,37.0
55079016400,55079090600,-87.92777599229481,43.01665943799343,-88.05435154566402,43.03795832032663,2020-07-17,1,37.0
55079016400,55079187400,-87.92777599229481,43.01665943799343,-87.90767949876499,43.03217517915639,2020-07-17,2,75.0
55079016400,55079150304,-87.92777599229481,43.01665943799343,-88.02760163837803,42.91519132559998,2020-07-17,2,75.0
55079016400,55079180500,-87.92777599229481,43.01665943799343,-87.87471526249948,42.93725893299447,2020-07-17,1,37.0
55079016400,55079000502,-87.92777599229481,43.01665943799343,-88.03128731150349,43.12480634966938,2020-07-17,1,37.0
55079016400,55079006200,-87.92777599229481,43.01665943799343,-87.96097127315564,43.067902782244275,2020-07-17,1,37.0
55079016400,55079186800,-87.92777599229481,43.01665943799343,-87.9506670108877,43.02815858561159,2020-07-17,3,113.0
55079016400,55079187200,-87.92777599229481,43.01665943799343,-88.00769048889484,42.863813659193866,2020-07-17,1,37.0
55079016400,55079080100,-87.92777599229481,43.01665943799343,-87.89773689723896,43.0955518884228,2020-07-17,1,37.0
55079016400,55079100900,-87.92777599229481,43.01665943799343,-88.05216898532913,43.00959788353506,2020-07-17,1,37.0
55079016400,55079101100,-87.92777599229481,43.01665943799343,-88.04276904850849,42.99420752845147,2020-07-17,1,37.0
55079016400,55079140201,-87.92777599229481,43.01665943799343,-87.99911426080601,42.93902100763907,2020-07-17,1,37.0
55079016400,55079186500,-87.92777599229481,43.01665943799343,-87.9130303085029,43.02319729476483,2020-07-17,1,37.0
55079016400,55079016800,-87.92777599229481,43.01665943799343,-87.92935001478907,43.01036042537408,2020-07-17,7,263.0
55079016400,55079070100,-87.92777599229481,43.01665943799343,-87.9076583493148,43.12063010988105,2020-07-17,1,37.0
55079016400,55079014400,-87.92777599229481,43.01665943799343,-87.90784049253895,43.042413401572134,2020-07-17,2,75.0
55079016400,55079100400,-87.92777599229481,43.01665943799343,-88.01166560297426,43.0170103539625,2020-07-17,1,37.0
55079016400,55079018000,-87.92777599229481,43.01665943799343,-87.8945288084346,43.01098558683315,2020-07-17,2,75.0
55079016400,55079021600,-87.92777599229481,43.01665943799343,-87.92488475274558,42.952251222261935,2020-07-17,4,150.0
55079016400,55079016600,-87.92777599229481,43.01665943799343,-87.9139279223807,43.010028166006215,2020-07-17,2,75.0
55079016400,55079050102,-87.92777599229481,43.01665943799343,-87.96743569232115,43.172443064752215,2020-07-17,1,37.0
55079016400,55079180300,-87.92777599229481,43.01665943799343,-87.87005593266791,42.951885652862586,2020-07-17,1,37.0
55079016400,55079015800,-87.92777599229481,43.01665943799343,-87.93761636287321,43.021659379009066,2020-07-17,2,75.0
55079016400,55079019500,-87.92777599229481,43.01665943799343,-88.02769031152603,42.97732706705707,2020-07-17,1,37.0
55079016400,55079080200,-87.92777599229481,43.01665943799343,-87.8877423232882,43.0942616397457,2020-07-17,1,37.0
55079016400,55079016300,-87.92777599229481,43.01665943799343,-87.93764055272034,43.01572710315665,2020-07-17,8,301.0
55079016400,55079000700,-87.92777599229481,43.01665943799343,-87.99009583376943,43.15588909293765,2020-07-17,1,37.0
55079016400,55079101700,-87.92777599229481,43.01665943799343,-88.00697190300957,43.00173437379505,2020-07-17,1,37.0
55079016400,55079100200,-87.92777599229481,43.01665943799343,-87.99137992566246,43.01460892403096,2020-07-17,2,75.0
55079016400,55079017500,-87.92777599229481,43.01665943799343,-87.92965116916102,43.00287441605045,2020-07-17,2,75.0
55079016400,55079012600,-87.92777599229481,43.01665943799343,-87.99443577770006,43.034032251200934,2020-07-17,1,37.0
55079016400,55079020300,-87.92777599229481,43.01665943799343,-87.92658964497383,42.979242665655576,2020-07-17,1,37.0
55079016400,55079016700,-87.92777599229481,43.01665943799343,-87.92209519609614,43.010301162214034,2020-07-17,2,75.0
55079016400,55079017400,-87.92777599229481,43.01665943799343,-87.9382983850757,43.00476614107047,2020-07-17,2,75.0
55079016400,55079018200,-87.92777599229481,43.01665943799343,-87.87369831321716,42.99249911585218,2020-07-17,1,37.0
55079016400,55079007800,-87.92777599229481,43.01665943799343,-87.88801504624632,43.07075279367613,2020-07-17,1,37.0
55079016400,55079020500,-87.92777599229481,43.01665943799343,-87.92272370744391,42.988321496925906,2020-07-17,2,75.0
55079016400,55079020200,-87.92777599229481,43.01665943799343,-87.94112496275925,42.977527635995024,2020-07-17,1,37.0
55079016400,55079019800,-87.92777599229481,43.01665943799343,-87.98973307517815,42.982078809345225,2020-07-17,1,37.0
55079016400,55079016400,-87.92777599229481,43.01665943799343,-87.92777599229481,43.01665943799343,2020-07-17,107,4033.0
55079016400,55079009000,-87.92777599229481,43.01665943799343,-87.9610837883489,43.060355868415826,2020-07-17,2,75.0
55079016400,55079016500,-87.92777599229481,43.01665943799343,-87.91153110922029,43.01579142211555,2020-07-17,2,75.0
55079016400,55079017600,-87.92777599229481,43.01665943799343,-87.92236059293215,43.00280872383964,2020-07-17,2,75.0
55079016400,55079020600,-87.92777599229481,43.01665943799343,-87.90444286867323,42.9810337820488,2020-07-17,2,75.0
55079016400,55079013400,-87.92777599229481,43.01665943799343,-87.95356038604784,43.03496530197635,2020-07-17,1,37.0
55079016400,55079100300,-87.92777599229481,43.01665943799343,-88.00316709835943,43.017354422985534,2020-07-17,1,37.0
55079016400,55079185200,-87.92777599229481,43.01665943799343,-87.88193798921913,42.967674094622936,2020-07-17,1,37.0
55079016400,55079012900,-87.92777599229481,43.01665943799343,-87.99989477924994,43.028140622580246,2020-07-17,2,75.0
55079016400,55079016900,-87.92777599229481,43.01665943799343,-87.93770785693083,43.00951913559766,2020-07-17,1,37.0
55079016400,55079017100,-87.92777599229481,43.01665943799343,-87.95808412992528,43.01056521552099,2020-07-17,1,37.0
55079016500,55079020000,-87.91153110922029,43.01579142211555,-87.95273620994368,42.98405311376188,2020-07-17,1,27.0
55079016500,55079015700,-87.91153110922029,43.01579142211555,-87.92777138656925,43.021663598322064,2020-07-17,2,54.0
55079016500,55079016200,-87.91153110922029,43.01579142211555,-87.94745090497267,43.01660575920564,2020-07-17,3,81.0
55079016500,55079019000,-87.91153110922029,43.01579142211555,-87.967877289968,42.995496154489715,2020-07-17,2,54.0
55079016500,55079100700,-87.91153110922029,43.01579142211555,-88.03788629567484,43.0213025080197,2020-07-17,1,27.0
55079016500,55079010800,-87.91153110922029,43.01579142211555,-87.88986181293924,43.05733829509928,2020-07-17,1,27.0
55079016500,55079110100,-87.91153110922029,43.01579142211555,-87.9710022364233,43.012448953036525,2020-07-17,2,54.0
55079016500,55079021200,-87.91153110922029,43.01579142211555,-87.92101040508955,42.965284697357816,2020-07-17,1,27.0
55079016500,55079160100,-87.91153110922029,43.01579142211555,-87.91471599062149,42.91513941042769,2020-07-17,1,27.0
55079016500,55079050101,-87.91153110922029,43.01579142211555,-87.98494662348081,43.17683059907653,2020-07-17,1,27.0
55079016500,55079120501,-87.91153110922029,43.01579142211555,-87.96680035551529,42.94072396992586,2020-07-17,1,27.0
55079016500,55079000501,-87.91153110922029,43.01579142211555,-88.04340002069712,43.115390222488664,2020-07-17,1,27.0
55079016500,55079001200,-87.91153110922029,43.01579142211555,-87.98620080987179,43.12617611256525,2020-07-17,1,27.0
55079016500,55079021400,-87.91153110922029,43.01579142211555,-87.93891709359613,42.96295890378409,2020-07-17,1,27.0
55079016500,55079185300,-87.91153110922029,43.01579142211555,-88.04265402690729,43.049880154873065,2020-07-17,2,54.0
55079016500,55079120502,-87.91153110922029,43.01579142211555,-87.96510992081555,42.95304728304586,2020-07-17,1,27.0
55079016500,55079014700,-87.91153110922029,43.01579142211555,-87.93551340137516,43.042200823908786,2020-07-17,1,27.0
55079016500,55079187400,-87.91153110922029,43.01579142211555,-87.90767949876499,43.03217517915639,2020-07-17,1,27.0
55079016500,55079021000,-87.91153110922029,43.01579142211555,-87.89993467732904,42.962739149255064,2020-07-17,1,27.0
55079016500,55079160204,-87.91153110922029,43.01579142211555,-87.9317944903397,42.879700165258704,2020-07-17,1,27.0
55079016500,55079186800,-87.91153110922029,43.01579142211555,-87.9506670108877,43.02815858561159,2020-07-17,1,27.0
55079016500,55079006000,-87.91153110922029,43.01579142211555,-87.97554005335066,43.067947929210746,2020-07-17,1,27.0
55079016500,55079160203,-87.91153110922029,43.01579142211555,-87.91638950191752,42.89402789790319,2020-07-17,1,27.0
55079016500,55079091200,-87.91153110922029,43.01579142211555,-88.00388284004167,43.0467075980639,2020-07-17,1,27.0
55079016500,55079020100,-87.91153110922029,43.01579142211555,-87.94099671150566,42.988482506396224,2020-07-17,1,27.0
55079016500,55079160202,-87.91153110922029,43.01579142211555,-87.87217546542965,42.881379330302295,2020-07-17,1,27.0
55079016500,55079005000,-87.91153110922029,43.01579142211555,-87.98327608357046,43.07665137069942,2020-07-17,1,27.0
55079016500,55079100900,-87.91153110922029,43.01579142211555,-88.05216898532913,43.00959788353506,2020-07-17,1,27.0
55079016500,55079186500,-87.91153110922029,43.01579142211555,-87.9130303085029,43.02319729476483,2020-07-17,3,81.0
55079016500,55079016800,-87.91153110922029,43.01579142211555,-87.92935001478907,43.01036042537408,2020-07-17,6,162.0
55079016500,55079007700,-87.91153110922029,43.01579142211555,-87.88849935823362,43.06389053422122,2020-07-17,1,27.0
55079016500,55079014400,-87.91153110922029,43.01579142211555,-87.90784049253895,43.042413401572134,2020-07-17,1,27.0
55079016500,55079150100,-87.91153110922029,43.01579142211555,-87.97759713310646,42.91424119290261,2020-07-17,4,108.0
55079016500,55079021600,-87.91153110922029,43.01579142211555,-87.92488475274558,42.952251222261935,2020-07-17,1,27.0
55079016500,55079003400,-87.91153110922029,43.01579142211555,-88.02444287795417,43.0934576342605,2020-07-17,2,54.0
55079016500,55079016100,-87.91153110922029,43.01579142211555,-87.95946595975387,43.016089910899275,2020-07-17,3,81.0
55079016500,55079016600,-87.91153110922029,43.01579142211555,-87.9139279223807,43.010028166006215,2020-07-17,2,54.0
55079016500,55079180300,-87.91153110922029,43.01579142211555,-87.87005593266791,42.951885652862586,2020-07-17,2,54.0
55079016500,55079020300,-87.91153110922029,43.01579142211555,-87.92658964497383,42.979242665655576,2020-07-17,1,27.0
55079016500,55079016700,-87.91153110922029,43.01579142211555,-87.92209519609614,43.010301162214034,2020-07-17,4,108.0
55079016500,55079018800,-87.91153110922029,43.01579142211555,-87.94058386370827,42.99929639057026,2020-07-17,3,81.0
55079016500,55079014900,-87.91153110922029,43.01579142211555,-87.94481830610269,43.03704436935605,2020-07-17,1,27.0
55079016500,55079012300,-87.91153110922029,43.01579142211555,-87.96196748080853,43.043599093031496,2020-07-17,1,27.0
55079016500,55079018500,-87.91153110922029,43.01579142211555,-87.91439743752404,42.98441904059949,2020-07-17,1,27.0
55079016500,55079021500,-87.91153110922029,43.01579142211555,-87.94398245259515,42.952098604888974,2020-07-17,1,27.0
55079016500,55079019700,-87.91153110922029,43.01579142211555,-88.00741820523533,42.97570820507905,2020-07-17,1,27.0
55079016500,55079016500,-87.91153110922029,43.01579142211555,-87.91153110922029,43.01579142211555,2020-07-17,69,1870.0
55079016500,55079017600,-87.91153110922029,43.01579142211555,-87.92236059293215,43.00280872383964,2020-07-17,1,27.0
55079016500,55079018700,-87.91153110922029,43.01579142211555,-87.92991431934564,42.995583237143,2020-07-17,1,27.0
55079016500,55079008900,-87.91153110922029,43.01579142211555,-87.95337828163817,43.06706338271535,2020-07-17,1,27.0
55079016500,55079014800,-87.91153110922029,43.01579142211555,-87.9402035907502,43.042125624825495,2020-07-17,1,27.0
55079016500,55079185200,-87.91153110922029,43.01579142211555,-87.88193798921913,42.967674094622936,2020-07-17,1,27.0
55079016500,55079016900,-87.91153110922029,43.01579142211555,-87.93770785693083,43.00951913559766,2020-07-17,2,54.0
55079016500,55079017100,-87.91153110922029,43.01579142211555,-87.95808412992528,43.01056521552099,2020-07-17,2,54.0
55079016500,55079015900,-87.91153110922029,43.01579142211555,-87.9473669417017,43.02159668337006,2020-07-17,1,27.0
55079016600,55079020000,-87.9139279223807,43.010028166006215,-87.95273620994368,42.98405311376188,2020-07-17,5,145.0
55079016600,55079060200,-87.9139279223807,43.010028166006215,-87.9245165328896,43.11556508690733,2020-07-17,1,29.0
55079016600,55079015700,-87.9139279223807,43.010028166006215,-87.92777138656925,43.021663598322064,2020-07-17,1,29.0
55079016600,55079021200,-87.9139279223807,43.010028166006215,-87.92101040508955,42.965284697357816,2020-07-17,1,29.0
55079016600,55079120501,-87.9139279223807,43.010028166006215,-87.96680035551529,42.94072396992586,2020-07-17,1,29.0
55079016600,55079090100,-87.9139279223807,43.010028166006215,-88.04837730790923,43.0973204568905,2020-07-17,1,29.0
55079016600,55079018400,-87.9139279223807,43.010028166006215,-87.90417459790928,42.9917062933768,2020-07-17,3,87.0
55079016600,55079003200,-87.9139279223807,43.010028166006215,-88.00111189801154,43.10115852758208,2020-07-17,1,29.0
55079016600,55079021400,-87.9139279223807,43.010028166006215,-87.93891709359613,42.96295890378409,2020-07-17,1,29.0
55079016600,55079185500,-87.9139279223807,43.010028166006215,-87.92624880733425,43.0601763240656,2020-07-17,1,29.0
55079016600,55079180500,-87.9139279223807,43.010028166006215,-87.87471526249948,42.93725893299447,2020-07-17,1,29.0
55079016600,55079187200,-87.9139279223807,43.010028166006215,-88.00769048889484,42.863813659193866,2020-07-17,1,29.0
55079016600,55079160203,-87.9139279223807,43.010028166006215,-87.91638950191752,42.89402789790319,2020-07-17,3,87.0
55079016600,55079018900,-87.9139279223807,43.010028166006215,-87.95323213052187,42.995654122863776,2020-07-17,1,29.0
55079016600,55079020100,-87.9139279223807,43.010028166006215,-87.94099671150566,42.988482506396224,2020-07-17,2,58.0
55079016600,55079100900,-87.9139279223807,43.010028166006215,-88.05216898532913,43.00959788353506,2020-07-17,1,29.0
55079016600,55079101100,-87.9139279223807,43.010028166006215,-88.04276904850849,42.99420752845147,2020-07-17,1,29.0
55079016600,55079140201,-87.9139279223807,43.010028166006215,-87.99911426080601,42.93902100763907,2020-07-17,2,58.0
55079016600,55079186500,-87.9139279223807,43.010028166006215,-87.9130303085029,43.02319729476483,2020-07-17,1,29.0
55079016600,55079016800,-87.9139279223807,43.010028166006215,-87.92935001478907,43.01036042537408,2020-07-17,5,145.0
55079016600,55079070100,-87.9139279223807,43.010028166006215,-87.9076583493148,43.12063010988105,2020-07-17,1,29.0
55079016600,55079007700,-87.9139279223807,43.010028166006215,-87.88849935823362,43.06389053422122,2020-07-17,2,58.0
55079016600,55079011300,-87.9139279223807,43.010028166006215,-87.90713298111844,43.04890661506502,2020-07-17,1,29.0
55079016600,55079014400,-87.9139279223807,43.010028166006215,-87.90784049253895,43.042413401572134,2020-07-17,1,29.0
55079016600,55079070200,-87.9139279223807,43.010028166006215,-87.8919112738197,43.1133970416122,2020-07-17,1,29.0
55079016600,55079150100,-87.9139279223807,43.010028166006215,-87.97759713310646,42.91424119290261,2020-07-17,1,29.0
55079016600,55079001800,-87.9139279223807,43.010028166006215,-87.99853790291819,43.115847306484916,2020-07-17,1,29.0
55079016600,55079021300,-87.9139279223807,43.010028166006215,-87.93877469638159,42.970224160413096,2020-07-17,1,29.0
55079016600,55079187000,-87.9139279223807,43.010028166006215,-87.88728455831759,43.05530607398437,2020-07-17,1,29.0
55079016600,55079016600,-87.9139279223807,43.010028166006215,-87.9139279223807,43.010028166006215,2020-07-17,60,1751.0
55079016600,55079050102,-87.9139279223807,43.010028166006215,-87.96743569232115,43.172443064752215,2020-07-17,1,29.0
55079016600,55079010700,-87.9139279223807,43.010028166006215,-87.90095083433016,43.0597678010215,2020-07-17,1,29.0
55079016600,55079003100,-87.9139279223807,43.010028166006215,-87.98607018194353,43.10091760946077,2020-07-17,1,29.0
55079016600,55079001700,-87.9139279223807,43.010028166006215,-88.01621221830194,43.10855887721336,2020-07-17,1,29.0
55079016600,55079016700,-87.9139279223807,43.010028166006215,-87.92209519609614,43.010301162214034,2020-07-17,4,116.0
55079016600,55079018800,-87.9139279223807,43.010028166006215,-87.94058386370827,42.99929639057026,2020-07-17,2,58.0
55079016600,55079186600,-87.9139279223807,43.010028166006215,-87.91355022125023,43.001384465822476,2020-07-17,2,58.0
55079016600,55079018500,-87.9139279223807,43.010028166006215,-87.91439743752404,42.98441904059949,2020-07-17,2,58.0
55079016600,55079018600,-87.9139279223807,43.010028166006215,-87.92255649026754,42.995575414800356,2020-07-17,1,29.0
55079016600,55079016000,-87.9139279223807,43.010028166006215,-87.95725941865898,43.02137414837421,2020-07-17,1,29.0
55079016600,55079018300,-87.9139279223807,43.010028166006215,-87.89285805580873,42.991354183119796,2020-07-17,2,58.0
55079016600,55079016500,-87.9139279223807,43.010028166006215,-87.91153110922029,43.01579142211555,2020-07-17,8,233.0
55079016600,55079020600,-87.9139279223807,43.010028166006215,-87.90444286867323,42.9810337820488,2020-07-17,2,58.0
55079016600,55079090700,-87.9139279223807,43.010028166006215,-88.02545440842808,43.059193901469925,2020-07-17,1,29.0
55079016600,55079013400,-87.9139279223807,43.010028166006215,-87.95356038604784,43.03496530197635,2020-07-17,1,29.0
55079016600,55079185600,-87.9139279223807,43.010028166006215,-87.91469071944607,43.06026722158336,2020-07-17,1,29.0
55079016600,55079014800,-87.9139279223807,43.010028166006215,-87.9402035907502,43.042125624825495,2020-07-17,1,29.0
55079016600,55079186100,-87.9139279223807,43.010028166006215,-87.94279275484007,43.048652729679134,2020-07-17,1,29.0
55079016600,55079016900,-87.9139279223807,43.010028166006215,-87.93770785693083,43.00951913559766,2020-07-17,3,87.0
55079016600,55079012200,-87.9139279223807,43.010028166006215,-87.95271101560115,43.04866661559741,2020-07-17,1,29.0
55079016600,55079017200,-87.9139279223807,43.010028166006215,-87.95621680562614,43.002904101727246,2020-07-17,2,58.0
55079016600,55079021100,-87.9139279223807,43.010028166006215,-87.91444199314573,42.970152010378044,2020-07-17,1,29.0
55079016600,55079015900,-87.9139279223807,43.010028166006215,-87.9473669417017,43.02159668337006,2020-07-17,1,29.0
55079016800,55079020000,-87.92935001478907,43.01036042537408,-87.95273620994368,42.98405311376188,2020-07-17,7,194.0
55079016800,55079060200,-87.92935001478907,43.01036042537408,-87.9245165328896,43.11556508690733,2020-07-17,1,27.0
55079016800,55079004400,-87.92935001478907,43.01036042537408,-87.90608569163814,43.089298213737145,2020-07-17,1,27.0
55079016800,55079015700,-87.92935001478907,43.01036042537408,-87.92777138656925,43.021663598322064,2020-07-17,2,55.0
55079016800,55079016200,-87.92935001478907,43.01036042537408,-87.94745090497267,43.01660575920564,2020-07-17,1,27.0
55079016800,55079019000,-87.92935001478907,43.01036042537408,-87.967877289968,42.995496154489715,2020-07-17,1,27.0
55079016800,55079091300,-87.92935001478907,43.01036042537408,-88.0097444924032,43.037871666045895,2020-07-17,1,27.0
55079016800,55079000101,-87.92935001478907,43.01036042537408,-88.00922083481396,43.18510784936368,2020-07-17,1,27.0
55079016800,55079000202,-87.92935001478907,43.01036042537408,-88.04132965001602,43.160382512849615,2020-07-17,1,27.0
55079016800,55079110100,-87.92935001478907,43.01036042537408,-87.9710022364233,43.012448953036525,2020-07-17,11,305.0
55079016800,55079101000,-87.92935001478907,43.01036042537408,-88.05764456171738,42.99173938525954,2020-07-17,1,27.0
55079016800,55079021200,-87.92935001478907,43.01036042537408,-87.92101040508955,42.965284697357816,2020-07-17,1,27.0
55079016800,55079160100,-87.92935001478907,43.01036042537408,-87.91471599062149,42.91513941042769,2020-07-17,2,55.0
55079016800,55079000600,-87.92935001478907,43.01036042537408,-88.00190569680801,43.14010292722225,2020-07-17,1,27.0
55079016800,55079090300,-87.92935001478907,43.01036042537408,-88.0515779905257,43.06739040507833,2020-07-17,4,110.0
55079016800,55079186300,-87.92935001478907,43.01036042537408,-87.91799927397663,43.040616743150025,2020-07-17,2,55.0
55079016800,55079021700,-87.92935001478907,43.01036042537408,-87.91312462574102,42.94052513723052,2020-07-17,2,55.0
55079016800,55079019100,-87.92935001478907,43.01036042537408,-87.96549351619066,42.982165146288615,2020-07-17,1,27.0
55079016800,55079120400,-87.92935001478907,43.01036042537408,-87.96548496050795,42.96670427425607,2020-07-17,2,55.0
55079016800,55079120203,-87.92935001478907,43.01036042537408,-88.00776394431053,42.95694649923871,2020-07-17,2,55.0
55079016800,55079018400,-87.92935001478907,43.01036042537408,-87.90417459790928,42.9917062933768,2020-07-17,1,27.0
55079016800,55079017300,-87.92935001478907,43.01036042537408,-87.94877202549131,43.0036525046766,2020-07-17,3,83.0
55079016800,55079004800,-87.92935001478907,43.01036042537408,-87.96231596301399,43.077035360461494,2020-07-17,1,27.0
55079016800,55079021400,-87.92935001478907,43.01036042537408,-87.93891709359613,42.96295890378409,2020-07-17,3,83.0
55079016800,55079090600,-87.92935001478907,43.01036042537408,-88.05435154566402,43.03795832032663,2020-07-17,1,27.0
55079016800,55079185300,-87.92935001478907,43.01036042537408,-88.04265402690729,43.049880154873065,2020-07-17,1,27.0
55079016800,55079120502,-87.92935001478907,43.01036042537408,-87.96510992081555,42.95304728304586,2020-07-17,1,27.0
55079016800,55079187400,-87.92935001478907,43.01036042537408,-87.90767949876499,43.03217517915639,2020-07-17,1,27.0
55079016800,55079000400,-87.92935001478907,43.01036042537408,-88.05554472050937,43.110954423820296,2020-07-17,1,27.0
55079016800,55079160204,-87.92935001478907,43.01036042537408,-87.9317944903397,42.879700165258704,2020-07-17,1,27.0
55079016800,55079186800,-87.92935001478907,43.01036042537408,-87.9506670108877,43.02815858561159,2020-07-17,3,83.0
55079016800,55079187200,-87.92935001478907,43.01036042537408,-88.00769048889484,42.863813659193866,2020-07-17,1,27.0
55079016800,55079160203,-87.92935001478907,43.01036042537408,-87.91638950191752,42.89402789790319,2020-07-17,1,27.0
55079016800,55079100600,-87.92935001478907,43.01036042537408,-88.02237498004419,43.02035162464835,2020-07-17,2,55.0
55079016800,55079100900,-87.92935001478907,43.01036042537408,-88.05216898532913,43.00959788353506,2020-07-17,1,27.0
55079016800,55079140100,-87.92935001478907,43.01036042537408,-88.0188613886232,42.93745223479677,2020-07-17,3,83.0
55079016800,55079091400,-87.92935001478907,43.01036042537408,-87.99383660813824,43.04031315098078,2020-07-17,1,27.0
55079016800,55079186500,-87.92935001478907,43.01036042537408,-87.9130303085029,43.02319729476483,2020-07-17,1,27.0
55079016800,55079001600,-87.92935001478907,43.01036042537408,-88.01599665750028,43.11588641903863,2020-07-17,1,27.0
55079016800,55079016800,-87.92935001478907,43.01036042537408,-87.92935001478907,43.01036042537408,2020-07-17,115,3189.0
55079016800,55079120101,-87.92935001478907,43.01036042537408,-88.04814010007517,42.95916305909443,2020-07-17,1,27.0
55079016800,55079070100,-87.92935001478907,43.01036042537408,-87.9076583493148,43.12063010988105,2020-07-17,1,27.0
55079016800,55079101400,-87.92935001478907,43.01036042537408,-88.02735540531337,43.00631524274058,2020-07-17,1,27.0
55079016800,55079040100,-87.92935001478907,43.01036042537408,-87.93527423095499,43.17163768621121,2020-07-17,1,27.0
55079016800,55079100400,-87.92935001478907,43.01036042537408,-88.01166560297426,43.0170103539625,2020-07-17,1,27.0
55079016800,55079150100,-87.92935001478907,43.01036042537408,-87.97759713310646,42.91424119290261,2020-07-17,2,55.0
55079016800,55079016100,-87.92935001478907,43.01036042537408,-87.95946595975387,43.016089910899275,2020-07-17,3,83.0
55079016800,55079187000,-87.92935001478907,43.01036042537408,-87.88728455831759,43.05530607398437,2020-07-17,1,27.0
55079016800,55079016600,-87.92935001478907,43.01036042537408,-87.9139279223807,43.010028166006215,2020-07-17,3,83.0
55079016800,55079019600,-87.92935001478907,43.01036042537408,-88.00769668957767,42.984657216409644,2020-07-17,1,27.0
55079016800,55079180300,-87.92935001478907,43.01036042537408,-87.87005593266791,42.951885652862586,2020-07-17,1,27.0
55079016800,55079015800,-87.92935001478907,43.01036042537408,-87.93761636287321,43.021659379009066,2020-07-17,2,55.0
55079016800,55079019500,-87.92935001478907,43.01036042537408,-88.02769031152603,42.97732706705707,2020-07-17,1,27.0
55079016800,55079020700,-87.92935001478907,43.01036042537408,-87.89282968229121,42.980391637955094,2020-07-17,1,27.0
55079016800,55079016300,-87.92935001478907,43.01036042537408,-87.93764055272034,43.01572710315665,2020-07-17,5,138.0
55079016800,55079000700,-87.92935001478907,43.01036042537408,-87.99009583376943,43.15588909293765,2020-07-17,1,27.0
55079016800,55079020400,-87.92935001478907,43.01036042537408,-87.9300852632457,42.98834002972675,2020-07-17,1,27.0
55079016800,55079100200,-87.92935001478907,43.01036042537408,-87.99137992566246,43.01460892403096,2020-07-17,1,27.0
55079016800,55079017500,-87.92935001478907,43.01036042537408,-87.92965116916102,43.00287441605045,2020-07-17,8,221.0
55079016800,55079001300,-87.92935001478907,43.01036042537408,-87.99843350448002,43.126783535933505,2020-07-17,1,27.0
55079016800,55079020300,-87.92935001478907,43.01036042537408,-87.92658964497383,42.979242665655576,2020-07-17,1,27.0
55079016800,55079016700,-87.92935001478907,43.01036042537408,-87.92209519609614,43.010301162214034,2020-07-17,8,221.0
55079016800,55079017400,-87.92935001478907,43.01036042537408,-87.9382983850757,43.00476614107047,2020-07-17,1,27.0
55079016800,55079018800,-87.92935001478907,43.01036042537408,-87.94058386370827,42.99929639057026,2020-07-17,3,83.0
55079016800,55079018500,-87.92935001478907,43.01036042537408,-87.91439743752404,42.98441904059949,2020-07-17,4,110.0
55079016800,55079020500,-87.92935001478907,43.01036042537408,-87.92272370744391,42.988321496925906,2020-07-17,2,55.0
55079016800,55079020200,-87.92935001478907,43.01036042537408,-87.94112496275925,42.977527635995024,2020-07-17,4,110.0
55079016800,55079018600,-87.92935001478907,43.01036042537408,-87.92255649026754,42.995575414800356,2020-07-17,1,27.0
55079016800,55079150303,-87.92935001478907,43.01036042537408,-88.02312771344377,42.88960646488504,2020-07-17,1,27.0
55079016800,55079016400,-87.92935001478907,43.01036042537408,-87.92777599229481,43.01665943799343,2020-07-17,1,27.0
55079016800,55079009100,-87.92935001478907,43.01036042537408,-87.96852806703085,43.060675408064526,2020-07-17,1,27.0
55079016800,55079000304,-87.92935001478907,43.01036042537408,-88.02644618111368,43.14364069729464,2020-07-17,2,55.0
55079016800,55079001900,-87.92935001478907,43.01036042537408,-87.98367415791445,43.115686316787006,2020-07-17,1,27.0
55079016800,55079018300,-87.92935001478907,43.01036042537408,-87.89285805580873,42.991354183119796,2020-07-17,1,27.0
55079016800,55079016500,-87.92935001478907,43.01036042537408,-87.91153110922029,43.01579142211555,2020-07-17,2,55.0
55079016800,55079017600,-87.92935001478907,43.01036042537408,-87.92236059293215,43.00280872383964,2020-07-17,1,27.0
55079016800,55079018700,-87.92935001478907,43.01036042537408,-87.92991431934564,42.995583237143,2020-07-17,1,27.0
55079016800,55079020600,-87.92935001478907,43.01036042537408,-87.90444286867323,42.9810337820488,2020-07-17,1,27.0
55079016800,55079185600,-87.92935001478907,43.01036042537408,-87.91469071944607,43.06026722158336,2020-07-17,1,27.0
55079016800,55079170600,-87.92935001478907,43.01036042537408,-87.86320935056827,42.907724102777856,2020-07-17,1,27.0
55079016800,55079016900,-87.92935001478907,43.01036042537408,-87.93770785693083,43.00951913559766,2020-07-17,4,110.0
55079016800,55079017100,-87.92935001478907,43.01036042537408,-87.95808412992528,43.01056521552099,2020-07-17,3,83.0
55079016800,55079013300,-87.92935001478907,43.01036042537408,-87.96206431187025,43.03483590901066,2020-07-17,1,27.0
55079016800,55079009300,-87.92935001478907,43.01036042537408,-87.98314520393755,43.060746025032145,2020-07-17,1,27.0
55079016800,55079185400,-87.92935001478907,43.01036042537408,-87.93768935592728,43.06023552955454,2020-07-17,1,27.0
55079016800,55079017200,-87.92935001478907,43.01036042537408,-87.95621680562614,43.002904101727246,2020-07-17,1,27.0
55079016800,55079015900,-87.92935001478907,43.01036042537408,-87.9473669417017,43.02159668337006,2020-07-17,1,27.0
55079017100,55079020000,-87.95808412992528,43.01056521552099,-87.95273620994368,42.98405311376188,2020-07-17,3,95.0
55079017100,55079060200,-87.95808412992528,43.01056521552099,-87.9245165328896,43.11556508690733,2020-07-17,1,31.0
55079017100,55079004400,-87.95808412992528,43.01056521552099,-87.90608569163814,43.089298213737145,2020-07-17,1,31.0
55079017100,55079015700,-87.95808412992528,43.01056521552099,-87.92777138656925,43.021663598322064,2020-07-17,1,31.0
55079017100,55079016200,-87.95808412992528,43.01056521552099,-87.94745090497267,43.01660575920564,2020-07-17,1,31.0
55079017100,55079019000,-87.95808412992528,43.01056521552099,-87.967877289968,42.995496154489715,2020-07-17,2,63.0
55079017100,55079100100,-87.95808412992528,43.01056521552099,-87.98598444052216,43.01659648927991,2020-07-17,1,31.0
55079017100,55079000102,-87.95808412992528,43.01056521552099,-88.01167859828367,43.164645145767146,2020-07-17,1,31.0
55079017100,55079000202,-87.95808412992528,43.01056521552099,-88.04132965001602,43.160382512849615,2020-07-17,1,31.0
55079017100,55079110100,-87.95808412992528,43.01056521552099,-87.9710022364233,43.012448953036525,2020-07-17,13,415.0
55079017100,55079101000,-87.95808412992528,43.01056521552099,-88.05764456171738,42.99173938525954,2020-07-17,2,63.0
55079017100,55079019100,-87.95808412992528,43.01056521552099,-87.96549351619066,42.982165146288615,2020-07-17,2,63.0
55079017100,55079090900,-87.95808412992528,43.01056521552099,-88.00270912368009,43.06124682618238,2020-07-17,1,31.0
55079017100,55079120400,-87.95808412992528,43.01056521552099,-87.96548496050795,42.96670427425607,2020-07-17,1,31.0
55079017100,55079120203,-87.95808412992528,43.01056521552099,-88.00776394431053,42.95694649923871,2020-07-17,1,31.0
55079017100,55079017300,-87.95808412992528,43.01056521552099,-87.94877202549131,43.0036525046766,2020-07-17,2,63.0
55079017100,55079120502,-87.95808412992528,43.01056521552099,-87.96510992081555,42.95304728304586,2020-07-17,1,31.0
55079017100,55079187400,-87.95808412992528,43.01056521552099,-87.90767949876499,43.03217517915639,2020-07-17,2,63.0
55079017100,55079150304,-87.95808412992528,43.01056521552099,-88.02760163837803,42.91519132559998,2020-07-17,1,31.0
55079017100,55079186800,-87.95808412992528,43.01056521552099,-87.9506670108877,43.02815858561159,2020-07-17,1,31.0
55079017100,55079187200,-87.95808412992528,43.01056521552099,-88.00769048889484,42.863813659193866,2020-07-17,1,31.0
55079017100,55079160203,-87.95808412992528,43.01056521552099,-87.91638950191752,42.89402789790319,2020-07-17,1,31.0
55079017100,55079018900,-87.95808412992528,43.01056521552099,-87.95323213052187,42.995654122863776,2020-07-17,3,95.0
55079017100,55079020100,-87.95808412992528,43.01056521552099,-87.94099671150566,42.988482506396224,2020-07-17,2,63.0
55079017100,55079014600,-87.95808412992528,43.01056521552099,-87.93032605572249,43.04237842637439,2020-07-17,1,31.0
55079017100,55079140100,-87.95808412992528,43.01056521552099,-88.0188613886232,42.93745223479677,2020-07-17,1,31.0
55079017100,55079186500,-87.95808412992528,43.01056521552099,-87.9130303085029,43.02319729476483,2020-07-17,2,63.0
55079017100,55079016800,-87.95808412992528,43.01056521552099,-87.92935001478907,43.01036042537408,2020-07-17,4,127.0
55079017100,55079120101,-87.95808412992528,43.01056521552099,-88.04814010007517,42.95916305909443,2020-07-17,2,63.0
55079017100,55079091100,-87.95808412992528,43.01056521552099,-88.00381885772617,43.05493775558714,2020-07-17,1,31.0
55079017100,55079014400,-87.95808412992528,43.01056521552099,-87.90784049253895,43.042413401572134,2020-07-17,1,31.0
55079017100,55079150100,-87.95808412992528,43.01056521552099,-87.97759713310646,42.91424119290261,2020-07-17,2,63.0
55079017100,55079021600,-87.95808412992528,43.01056521552099,-87.92488475274558,42.952251222261935,2020-07-17,1,31.0
55079017100,55079035200,-87.95808412992528,43.01056521552099,-87.9070718018067,43.16012040860922,2020-07-17,1,31.0
55079017100,55079016100,-87.95808412992528,43.01056521552099,-87.95946595975387,43.016089910899275,2020-07-17,2,63.0
55079017100,55079019600,-87.95808412992528,43.01056521552099,-88.00769668957767,42.984657216409644,2020-07-17,1,31.0
55079017100,55079015800,-87.95808412992528,43.01056521552099,-87.93761636287321,43.021659379009066,2020-07-17,2,63.0
55079017100,55079016300,-87.95808412992528,43.01056521552099,-87.93764055272034,43.01572710315665,2020-07-17,3,95.0
55079017100,55079000700,-87.95808412992528,43.01056521552099,-87.99009583376943,43.15588909293765,2020-07-17,1,31.0
55079017100,55079100200,-87.95808412992528,43.01056521552099,-87.99137992566246,43.01460892403096,2020-07-17,3,95.0
55079017100,55079017500,-87.95808412992528,43.01056521552099,-87.92965116916102,43.00287441605045,2020-07-17,1,31.0
55079017100,55079020300,-87.95808412992528,43.01056521552099,-87.92658964497383,42.979242665655576,2020-07-17,1,31.0
55079017100,55079018800,-87.95808412992528,43.01056521552099,-87.94058386370827,42.99929639057026,2020-07-17,1,31.0
55079017100,55079120202,-87.95808412992528,43.01056521552099,-87.99868084532402,42.965848843600455,2020-07-17,1,31.0
55079017100,55079011000,-87.95808412992528,43.01056521552099,-87.89727240641399,43.050053518943756,2020-07-17,1,31.0
55079017100,55079018500,-87.95808412992528,43.01056521552099,-87.91439743752404,42.98441904059949,2020-07-17,3,95.0
55079017100,55079021500,-87.95808412992528,43.01056521552099,-87.94398245259515,42.952098604888974,2020-07-17,2,63.0
55079017100,55079020200,-87.95808412992528,43.01056521552099,-87.94112496275925,42.977527635995024,2020-07-17,1,31.0
55079017100,55079018600,-87.95808412992528,43.01056521552099,-87.92255649026754,42.995575414800356,2020-07-17,1,31.0
55079017100,55079016000,-87.95808412992528,43.01056521552099,-87.95725941865898,43.02137414837421,2020-07-17,1,31.0
55079017100,55079019800,-87.95808412992528,43.01056521552099,-87.98973307517815,42.982078809345225,2020-07-17,1,31.0
55079017100,55079016400,-87.95808412992528,43.01056521552099,-87.92777599229481,43.01665943799343,2020-07-17,1,31.0
55079017100,55079000304,-87.95808412992528,43.01056521552099,-88.02644618111368,43.14364069729464,2020-07-17,1,31.0
55079017100,55079016500,-87.95808412992528,43.01056521552099,-87.91153110922029,43.01579142211555,2020-07-17,1,31.0
55079017100,55079017600,-87.95808412992528,43.01056521552099,-87.92236059293215,43.00280872383964,2020-07-17,1,31.0
55079017100,55079170600,-87.95808412992528,43.01056521552099,-87.86320935056827,42.907724102777856,2020-07-17,1,31.0
55079017100,55079009200,-87.95808412992528,43.01056521552099,-87.97560474362125,43.06069020349929,2020-07-17,1,31.0
55079017100,55079016900,-87.95808412992528,43.01056521552099,-87.93770785693083,43.00951913559766,2020-07-17,2,63.0
55079017100,55079017100,-87.95808412992528,43.01056521552099,-87.95808412992528,43.01056521552099,2020-07-17,71,2269.0
55079017100,55079017200,-87.95808412992528,43.01056521552099,-87.95621680562614,43.002904101727246,2020-07-17,2,63.0
55079017100,55079006700,-87.95808412992528,43.01056521552099,-87.92040407919447,43.07437828581977,2020-07-17,1,31.0
55079017300,55079020000,-87.94877202549131,43.0036525046766,-87.95273620994368,42.98405311376188,2020-07-17,8,242.0
55079017300,55079002100,-87.94877202549131,43.0036525046766,-87.95315716160212,43.115529640428136,2020-07-17,1,30.0
55079017300,55079004400,-87.94877202549131,43.0036525046766,-87.90608569163814,43.089298213737145,2020-07-17,1,30.0
55079017300,55079012800,-87.94877202549131,43.0036525046766,-88.03145321223326,43.03059221584991,2020-07-17,1,30.0
55079017300,55079015700,-87.94877202549131,43.0036525046766,-87.92777138656925,43.021663598322064,2020-07-17,1,30.0
55079017300,55079016200,-87.94877202549131,43.0036525046766,-87.94745090497267,43.01660575920564,2020-07-17,1,30.0
55079017300,55079019000,-87.94877202549131,43.0036525046766,-87.967877289968,42.995496154489715,2020-07-17,2,60.0
55079017300,55079100700,-87.94877202549131,43.0036525046766,-88.03788629567484,43.0213025080197,2020-07-17,1,30.0
55079017300,55079000202,-87.94877202549131,43.0036525046766,-88.04132965001602,43.160382512849615,2020-07-17,1,30.0
55079017300,55079110100,-87.94877202549131,43.0036525046766,-87.9710022364233,43.012448953036525,2020-07-17,10,302.0
55079017300,55079018100,-87.94877202549131,43.0036525046766,-87.88469234682039,42.998709042311724,2020-07-17,1,30.0
55079017300,55079160100,-87.94877202549131,43.0036525046766,-87.91471599062149,42.91513941042769,2020-07-17,2,60.0
55079017300,55079019200,-87.94877202549131,43.0036525046766,-87.9858350139744,42.99282711086924,2020-07-17,1,30.0
55079017300,55079120400,-87.94877202549131,43.0036525046766,-87.96548496050795,42.96670427425607,2020-07-17,2,60.0
55079017300,55079017300,-87.94877202549131,43.0036525046766,-87.94877202549131,43.0036525046766,2020-07-17,95,2875.0
55079017300,55079186000,-87.94877202549131,43.0036525046766,-87.92039854147795,43.053956957431964,2020-07-17,1,30.0
55079017300,55079187400,-87.94877202549131,43.0036525046766,-87.90767949876499,43.03217517915639,2020-07-17,1,30.0
55079017300,55079021000,-87.94877202549131,43.0036525046766,-87.89993467732904,42.962739149255064,2020-07-17,1,30.0
55079017300,55079186800,-87.94877202549131,43.0036525046766,-87.9506670108877,43.02815858561159,2020-07-17,1,30.0
55079017300,55079018900,-87.94877202549131,43.0036525046766,-87.95323213052187,42.995654122863776,2020-07-17,1,30.0
55079017300,55079020100,-87.94877202549131,43.0036525046766,-87.94099671150566,42.988482506396224,2020-07-17,4,121.0
55079017300,55079160202,-87.94877202549131,43.0036525046766,-87.87217546542965,42.881379330302295,2020-07-17,1,30.0
55079017300,55079186500,-87.94877202549131,43.0036525046766,-87.9130303085029,43.02319729476483,2020-07-17,1,30.0
55079017300,55079016800,-87.94877202549131,43.0036525046766,-87.92935001478907,43.01036042537408,2020-07-17,3,90.0
55079017300,55079070100,-87.94877202549131,43.0036525046766,-87.9076583493148,43.12063010988105,2020-07-17,2,60.0
55079017300,55079091100,-87.94877202549131,43.0036525046766,-88.00381885772617,43.05493775558714,2020-07-17,1,30.0
55079017300,55079101400,-87.94877202549131,43.0036525046766,-88.02735540531337,43.00631524274058,2020-07-17,2,60.0
55079017300,55079007700,-87.94877202549131,43.0036525046766,-87.88849935823362,43.06389053422122,2020-07-17,1,30.0
55079017300,55079070200,-87.94877202549131,43.0036525046766,-87.8919112738197,43.1133970416122,2020-07-17,2,60.0
55079017300,55079150100,-87.94877202549131,43.0036525046766,-87.97759713310646,42.91424119290261,2020-07-17,3,90.0
55079017300,55079021600,-87.94877202549131,43.0036525046766,-87.92488475274558,42.952251222261935,2020-07-17,3,90.0
55079017300,55079016100,-87.94877202549131,43.0036525046766,-87.95946595975387,43.016089910899275,2020-07-17,2,60.0
55079017300,55079021300,-87.94877202549131,43.0036525046766,-87.93877469638159,42.970224160413096,2020-07-17,1,30.0
55079017300,55079120102,-87.94877202549131,43.0036525046766,-88.04966546230908,42.97409794368699,2020-07-17,1,30.0
55079017300,55079019600,-87.94877202549131,43.0036525046766,-88.00769668957767,42.984657216409644,2020-07-17,1,30.0
55079017300,55079009400,-87.94877202549131,43.0036525046766,-87.98309572088205,43.053347935581954,2020-07-17,2,60.0
55079017300,55079120201,-87.94877202549131,43.0036525046766,-88.01868214174351,42.96737507435749,2020-07-17,1,30.0
55079017300,55079015800,-87.94877202549131,43.0036525046766,-87.93761636287321,43.021659379009066,2020-07-17,1,30.0
55079017300,55079016300,-87.94877202549131,43.0036525046766,-87.93764055272034,43.01572710315665,2020-07-17,1,30.0
55079017300,55079017500,-87.94877202549131,43.0036525046766,-87.92965116916102,43.00287441605045,2020-07-17,2,60.0
55079017300,55079020300,-87.94877202549131,43.0036525046766,-87.92658964497383,42.979242665655576,2020-07-17,3,90.0
55079017300,55079016700,-87.94877202549131,43.0036525046766,-87.92209519609614,43.010301162214034,2020-07-17,1,30.0
55079017300,55079018800,-87.94877202549131,43.0036525046766,-87.94058386370827,42.99929639057026,2020-07-17,1,30.0
55079017300,55079007800,-87.94877202549131,43.0036525046766,-87.88801504624632,43.07075279367613,2020-07-17,1,30.0
55079017300,55079018500,-87.94877202549131,43.0036525046766,-87.91439743752404,42.98441904059949,2020-07-17,1,30.0
55079017300,55079021500,-87.94877202549131,43.0036525046766,-87.94398245259515,42.952098604888974,2020-07-17,1,30.0
55079017300,55079020200,-87.94877202549131,43.0036525046766,-87.94112496275925,42.977527635995024,2020-07-17,1,30.0
55079017300,55079018600,-87.94877202549131,43.0036525046766,-87.92255649026754,42.995575414800356,2020-07-17,2,60.0
55079017300,55079016000,-87.94877202549131,43.0036525046766,-87.95725941865898,43.02137414837421,2020-07-17,1,30.0
55079017300,55079019700,-87.94877202549131,43.0036525046766,-88.00741820523533,42.97570820507905,2020-07-17,1,30.0
55079017300,55079016400,-87.94877202549131,43.0036525046766,-87.92777599229481,43.01665943799343,2020-07-17,2,60.0
55079017300,55079001900,-87.94877202549131,43.0036525046766,-87.98367415791445,43.115686316787006,2020-07-17,1,30.0
55079017300,55079003700,-87.94877202549131,43.0036525046766,-87.98336380852676,43.08546039091554,2020-07-17,1,30.0
55079017300,55079001100,-87.94877202549131,43.0036525046766,-87.96901390366762,43.127689901740844,2020-07-17,1,30.0
55079017300,55079016500,-87.94877202549131,43.0036525046766,-87.91153110922029,43.01579142211555,2020-07-17,1,30.0
55079017300,55079017600,-87.94877202549131,43.0036525046766,-87.92236059293215,43.00280872383964,2020-07-17,1,30.0
55079017300,55079018700,-87.94877202549131,43.0036525046766,-87.92991431934564,42.995583237143,2020-07-17,3,90.0
55079017300,55079186200,-87.94877202549131,43.0036525046766,-87.93244814260824,43.04856605375616,2020-07-17,1,30.0
55079017300,55079021800,-87.94877202549131,43.0036525046766,-87.95694377227925,42.94079756603018,2020-07-17,2,60.0
55079017300,55079170600,-87.94877202549131,43.0036525046766,-87.86320935056827,42.907724102777856,2020-07-17,1,30.0
55079017300,55079017100,-87.94877202549131,43.0036525046766,-87.95808412992528,43.01056521552099,2020-07-17,4,121.0
55079017300,55079012200,-87.94877202549131,43.0036525046766,-87.95271101560115,43.04866661559741,2020-07-17,2,60.0
55079017300,55079001000,-87.94877202549131,43.0036525046766,-87.95348314468296,43.12464896388482,2020-07-17,1,30.0
55079017300,55079008400,-87.94877202549131,43.0036525046766,-87.92332577697063,43.067583013115005,2020-07-17,1,30.0
55079017300,55079017000,-87.94877202549131,43.0036525046766,-87.9475259715867,43.01041841584858,2020-07-17,4,121.0
55079017300,55079017200,-87.94877202549131,43.0036525046766,-87.95621680562614,43.002904101727246,2020-07-17,3,90.0
55079017300,55079015900,-87.94877202549131,43.0036525046766,-87.9473669417017,43.02159668337006,2020-07-17,4,121.0
55079017400,55079020000,-87.9382983850757,43.00476614107047,-87.95273620994368,42.98405311376188,2020-07-17,6,202.0
55079017400,55079060200,-87.9382983850757,43.00476614107047,-87.9245165328896,43.11556508690733,2020-07-17,3,101.0
55079017400,55079004400,-87.9382983850757,43.00476614107047,-87.90608569163814,43.089298213737145,2020-07-17,1,33.0
55079017400,55079015700,-87.9382983850757,43.00476614107047,-87.92777138656925,43.021663598322064,2020-07-17,2,67.0
55079017400,55079016200,-87.9382983850757,43.00476614107047,-87.94745090497267,43.01660575920564,2020-07-17,1,33.0
55079017400,55079100700,-87.9382983850757,43.00476614107047,-88.03788629567484,43.0213025080197,2020-07-17,1,33.0
55079017400,55079000102,-87.9382983850757,43.00476614107047,-88.01167859828367,43.164645145767146,2020-07-17,3,101.0
55079017400,55079110100,-87.9382983850757,43.00476614107047,-87.9710022364233,43.012448953036525,2020-07-17,3,101.0
55079017400,55079160100,-87.9382983850757,43.00476614107047,-87.91471599062149,42.91513941042769,2020-07-17,1,33.0
55079017400,55079101600,-87.9382983850757,43.00476614107047,-87.98881839806968,43.003113634057684,2020-07-17,1,33.0
55079017400,55079021700,-87.9382983850757,43.00476614107047,-87.91312462574102,42.94052513723052,2020-07-17,1,33.0
55079017400,55079120203,-87.9382983850757,43.00476614107047,-88.00776394431053,42.95694649923871,2020-07-17,1,33.0
55079017400,55079018400,-87.9382983850757,43.00476614107047,-87.90417459790928,42.9917062933768,2020-07-17,1,33.0
55079017400,55079160300,-87.9382983850757,43.00476614107047,-87.8893867076047,42.856940087232964,2020-07-17,1,33.0
55079017400,55079017300,-87.9382983850757,43.00476614107047,-87.94877202549131,43.0036525046766,2020-07-17,1,33.0
55079017400,55079019400,-87.9382983850757,43.00476614107047,-88.02755647500341,42.984577749923744,2020-07-17,1,33.0
55079017400,55079021400,-87.9382983850757,43.00476614107047,-87.93891709359613,42.96295890378409,2020-07-17,1,33.0
55079017400,55079185300,-87.9382983850757,43.00476614107047,-88.04265402690729,43.049880154873065,2020-07-17,1,33.0
55079017400,55079120502,-87.9382983850757,43.00476614107047,-87.96510992081555,42.95304728304586,2020-07-17,2,67.0
55079017400,55079187400,-87.9382983850757,43.00476614107047,-87.90767949876499,43.03217517915639,2020-07-17,2,67.0
55079017400,55079186800,-87.9382983850757,43.00476614107047,-87.9506670108877,43.02815858561159,2020-07-17,1,33.0
55079017400,55079091200,-87.9382983850757,43.00476614107047,-88.00388284004167,43.0467075980639,2020-07-17,1,33.0
55079017400,55079100500,-87.9382983850757,43.00476614107047,-88.02674691869541,43.01326660162138,2020-07-17,1,33.0
55079017400,55079018900,-87.9382983850757,43.00476614107047,-87.95323213052187,42.995654122863776,2020-07-17,2,67.0
55079017400,55079020100,-87.9382983850757,43.00476614107047,-87.94099671150566,42.988482506396224,2020-07-17,1,33.0
55079017400,55079140201,-87.9382983850757,43.00476614107047,-87.99911426080601,42.93902100763907,2020-07-17,1,33.0
55079017400,55079180100,-87.9382983850757,43.00476614107047,-87.84722355247969,42.95102171952154,2020-07-17,2,67.0
55079017400,55079016800,-87.9382983850757,43.00476614107047,-87.92935001478907,43.01036042537408,2020-07-17,3,101.0
55079017400,55079014400,-87.9382983850757,43.00476614107047,-87.90784049253895,43.042413401572134,2020-07-17,1,33.0
55079017400,55079150100,-87.9382983850757,43.00476614107047,-87.97759713310646,42.91424119290261,2020-07-17,1,33.0
55079017400,55079016600,-87.9382983850757,43.00476614107047,-87.9139279223807,43.010028166006215,2020-07-17,1,33.0
55079017400,55079014100,-87.9382983850757,43.00476614107047,-87.92097269793881,43.04863570292668,2020-07-17,1,33.0
55079017400,55079180300,-87.9382983850757,43.00476614107047,-87.87005593266791,42.951885652862586,2020-07-17,1,33.0
55079017400,55079101500,-87.9382983850757,43.00476614107047,-88.00747595996755,43.007126720391405,2020-07-17,1,33.0
55079017400,55079020400,-87.9382983850757,43.00476614107047,-87.9300852632457,42.98834002972675,2020-07-17,2,67.0
55079017400,55079100200,-87.9382983850757,43.00476614107047,-87.99137992566246,43.01460892403096,2020-07-17,1,33.0
55079017400,55079020300,-87.9382983850757,43.00476614107047,-87.92658964497383,42.979242665655576,2020-07-17,1,33.0
55079017400,55079017400,-87.9382983850757,43.00476614107047,-87.9382983850757,43.00476614107047,2020-07-17,79,2665.0
55079017400,55079018800,-87.9382983850757,43.00476614107047,-87.94058386370827,42.99929639057026,2020-07-17,4,134.0
55079017400,55079018500,-87.9382983850757,43.00476614107047,-87.91439743752404,42.98441904059949,2020-07-17,2,67.0
55079017400,55079019800,-87.9382983850757,43.00476614107047,-87.98973307517815,42.982078809345225,2020-07-17,1,33.0
55079017400,55079016500,-87.9382983850757,43.00476614107047,-87.91153110922029,43.01579142211555,2020-07-17,1,33.0
55079017400,55079017600,-87.9382983850757,43.00476614107047,-87.92236059293215,43.00280872383964,2020-07-17,1,33.0
55079017400,55079018700,-87.9382983850757,43.00476614107047,-87.92991431934564,42.995583237143,2020-07-17,1,33.0
55079017400,55079180200,-87.9382983850757,43.00476614107047,-87.85506992096182,42.95465467367753,2020-07-17,1,33.0
55079017400,55079090700,-87.9382983850757,43.00476614107047,-88.02545440842808,43.059193901469925,2020-07-17,1,33.0
55079017400,55079101300,-87.9382983850757,43.00476614107047,-88.02770018483265,42.99907770295741,2020-07-17,1,33.0
55079017400,55079170600,-87.9382983850757,43.00476614107047,-87.86320935056827,42.907724102777856,2020-07-17,1,33.0
55079017400,55079185200,-87.9382983850757,43.00476614107047,-87.88193798921913,42.967674094622936,2020-07-17,2,67.0
55079017400,55079016900,-87.9382983850757,43.00476614107047,-87.93770785693083,43.00951913559766,2020-07-17,5,168.0
55079017400,55079017100,-87.9382983850757,43.00476614107047,-87.95808412992528,43.01056521552099,2020-07-17,1,33.0
55079017400,55079001000,-87.9382983850757,43.00476614107047,-87.95348314468296,43.12464896388482,2020-07-17,1,33.0
55079017400,55079017000,-87.9382983850757,43.00476614107047,-87.9475259715867,43.01041841584858,2020-07-17,1,33.0
55079017400,55079017200,-87.9382983850757,43.00476614107047,-87.95621680562614,43.002904101727246,2020-07-17,1,33.0
55079017400,55079015900,-87.9382983850757,43.00476614107047,-87.9473669417017,43.02159668337006,2020-07-17,2,67.0
55079017500,55079020000,-87.92965116916102,43.00287441605045,-87.95273620994368,42.98405311376188,2020-07-17,5,157.0
55079017500,55079016200,-87.92965116916102,43.00287441605045,-87.94745090497267,43.01660575920564,2020-07-17,2,62.0
55079017500,55079100100,-87.92965116916102,43.00287441605045,-87.98598444052216,43.01659648927991,2020-07-17,2,62.0
55079017500,55079110100,-87.92965116916102,43.00287441605045,-87.9710022364233,43.012448953036525,2020-07-17,3,94.0
55079017500,55079101000,-87.92965116916102,43.00287441605045,-88.05764456171738,42.99173938525954,2020-07-17,1,31.0
55079017500,55079160100,-87.92965116916102,43.00287441605045,-87.91471599062149,42.91513941042769,2020-07-17,1,31.0
55079017500,55079000600,-87.92965116916102,43.00287441605045,-88.00190569680801,43.14010292722225,2020-07-17,1,31.0
55079017500,55079186300,-87.92965116916102,43.00287441605045,-87.91799927397663,43.040616743150025,2020-07-17,1,31.0
55079017500,55079021700,-87.92965116916102,43.00287441605045,-87.91312462574102,42.94052513723052,2020-07-17,7,219.0
55079017500,55079090900,-87.92965116916102,43.00287441605045,-88.00270912368009,43.06124682618238,2020-07-17,1,31.0
55079017500,55079120400,-87.92965116916102,43.00287441605045,-87.96548496050795,42.96670427425607,2020-07-17,1,31.0
55079017500,55079018400,-87.92965116916102,43.00287441605045,-87.90417459790928,42.9917062933768,2020-07-17,2,62.0
55079017500,55079004800,-87.92965116916102,43.00287441605045,-87.96231596301399,43.077035360461494,2020-07-17,1,31.0
55079017500,55079021400,-87.92965116916102,43.00287441605045,-87.93891709359613,42.96295890378409,2020-07-17,1,31.0
55079017500,55079060101,-87.92965116916102,43.00287441605045,-87.92535691568614,43.13950788268824,2020-07-17,1,31.0
55079017500,55079000302,-87.92965116916102,43.00287441605045,-88.04649688617519,43.13922972061493,2020-07-17,1,31.0
55079017500,55079120502,-87.92965116916102,43.00287441605045,-87.96510992081555,42.95304728304586,2020-07-17,1,31.0
55079017500,55079180500,-87.92965116916102,43.00287441605045,-87.87471526249948,42.93725893299447,2020-07-17,2,62.0
55079017500,55079012500,-87.92965116916102,43.00287441605045,-87.97654888060033,43.037091021714275,2020-07-17,2,62.0
55079017500,55079130200,-87.92965116916102,43.00287441605045,-88.05891051157585,42.93732261654573,2020-07-17,1,31.0
55079017500,55079186800,-87.92965116916102,43.00287441605045,-87.9506670108877,43.02815858561159,2020-07-17,1,31.0
55079017500,55079006000,-87.92965116916102,43.00287441605045,-87.97554005335066,43.067947929210746,2020-07-17,1,31.0
55079017500,55079018900,-87.92965116916102,43.00287441605045,-87.95323213052187,42.995654122863776,2020-07-17,1,31.0
55079017500,55079020100,-87.92965116916102,43.00287441605045,-87.94099671150566,42.988482506396224,2020-07-17,4,125.0
55079017500,55079160202,-87.92965116916102,43.00287441605045,-87.87217546542965,42.881379330302295,2020-07-17,1,31.0
55079017500,55079014600,-87.92965116916102,43.00287441605045,-87.93032605572249,43.04237842637439,2020-07-17,1,31.0
55079017500,55079101100,-87.92965116916102,43.00287441605045,-88.04276904850849,42.99420752845147,2020-07-17,1,31.0
55079017500,55079140100,-87.92965116916102,43.00287441605045,-88.0188613886232,42.93745223479677,2020-07-17,1,31.0
55079017500,55079140201,-87.92965116916102,43.00287441605045,-87.99911426080601,42.93902100763907,2020-07-17,2,62.0
55079017500,55079017900,-87.92965116916102,43.00287441605045,-87.90503327479618,42.998772533253295,2020-07-17,1,31.0
55079017500,55079186500,-87.92965116916102,43.00287441605045,-87.9130303085029,43.02319729476483,2020-07-17,2,62.0
55079017500,55079016800,-87.92965116916102,43.00287441605045,-87.92935001478907,43.01036042537408,2020-07-17,9,282.0
55079017500,55079003600,-87.92965116916102,43.00287441605045,-87.98321131530031,43.092736225323044,2020-07-17,1,31.0
55079017500,55079014400,-87.92965116916102,43.00287441605045,-87.90784049253895,43.042413401572134,2020-07-17,1,31.0
55079017500,55079150100,-87.92965116916102,43.00287441605045,-87.97759713310646,42.91424119290261,2020-07-17,3,94.0
55079017500,55079021600,-87.92965116916102,43.00287441605045,-87.92488475274558,42.952251222261935,2020-07-17,1,31.0
55079017500,55079016100,-87.92965116916102,43.00287441605045,-87.95946595975387,43.016089910899275,2020-07-17,2,62.0
55079017500,55079021300,-87.92965116916102,43.00287441605045,-87.93877469638159,42.970224160413096,2020-07-17,1,31.0
55079017500,55079016600,-87.92965116916102,43.00287441605045,-87.9139279223807,43.010028166006215,2020-07-17,1,31.0
55079017500,55079120102,-87.92965116916102,43.00287441605045,-88.04966546230908,42.97409794368699,2020-07-17,1,31.0
55079017500,55079019600,-87.92965116916102,43.00287441605045,-88.00769668957767,42.984657216409644,2020-07-17,1,31.0
55079017500,55079120201,-87.92965116916102,43.00287441605045,-88.01868214174351,42.96737507435749,2020-07-17,1,31.0
55079017500,55079180300,-87.92965116916102,43.00287441605045,-87.87005593266791,42.951885652862586,2020-07-17,1,31.0
55079017500,55079015800,-87.92965116916102,43.00287441605045,-87.93761636287321,43.021659379009066,2020-07-17,1,31.0
55079017500,55079020700,-87.92965116916102,43.00287441605045,-87.89282968229121,42.980391637955094,2020-07-17,2,62.0
55079017500,55079016300,-87.92965116916102,43.00287441605045,-87.93764055272034,43.01572710315665,2020-07-17,2,62.0
55079017500,55079020400,-87.92965116916102,43.00287441605045,-87.9300852632457,42.98834002972675,2020-07-17,4,125.0
55079017500,55079100200,-87.92965116916102,43.00287441605045,-87.99137992566246,43.01460892403096,2020-07-17,3,94.0
55079017500,55079017500,-87.92965116916102,43.00287441605045,-87.92965116916102,43.00287441605045,2020-07-17,101,3171.0
55079017500,55079007600,-87.92965116916102,43.00287441605045,-87.87859580944733,43.06399812725538,2020-07-17,1,31.0
55079017500,55079020300,-87.92965116916102,43.00287441605045,-87.92658964497383,42.979242665655576,2020-07-17,2,62.0
55079017500,55079020900,-87.92965116916102,43.00287441605045,-87.90186271433869,42.97013349358029,2020-07-17,1,31.0
55079017500,55079016700,-87.92965116916102,43.00287441605045,-87.92209519609614,43.010301162214034,2020-07-17,3,94.0
55079017500,55079017400,-87.92965116916102,43.00287441605045,-87.9382983850757,43.00476614107047,2020-07-17,1,31.0
55079017500,55079018800,-87.92965116916102,43.00287441605045,-87.94058386370827,42.99929639057026,2020-07-17,2,62.0
55079017500,55079014900,-87.92965116916102,43.00287441605045,-87.94481830610269,43.03704436935605,2020-07-17,1,31.0
55079017500,55079018500,-87.92965116916102,43.00287441605045,-87.91439743752404,42.98441904059949,2020-07-17,1,31.0
55079017500,55079020500,-87.92965116916102,43.00287441605045,-87.92272370744391,42.988321496925906,2020-07-17,1,31.0
55079017500,55079021500,-87.92965116916102,43.00287441605045,-87.94398245259515,42.952098604888974,2020-07-17,1,31.0
55079017500,55079020200,-87.92965116916102,43.00287441605045,-87.94112496275925,42.977527635995024,2020-07-17,2,62.0
55079017500,55079018600,-87.92965116916102,43.00287441605045,-87.92255649026754,42.995575414800356,2020-07-17,1,31.0
55079017500,55079016400,-87.92965116916102,43.00287441605045,-87.92777599229481,43.01665943799343,2020-07-17,2,62.0
55079017500,55079000304,-87.92965116916102,43.00287441605045,-88.02644618111368,43.14364069729464,2020-07-17,1,31.0
55079017500,55079018300,-87.92965116916102,43.00287441605045,-87.89285805580873,42.991354183119796,2020-07-17,1,31.0
55079017500,55079001100,-87.92965116916102,43.00287441605045,-87.96901390366762,43.127689901740844,2020-07-17,1,31.0
55079017500,55079016500,-87.92965116916102,43.00287441605045,-87.91153110922029,43.01579142211555,2020-07-17,3,94.0
55079017500,55079017600,-87.92965116916102,43.00287441605045,-87.92236059293215,43.00280872383964,2020-07-17,5,157.0
55079017500,55079018700,-87.92965116916102,43.00287441605045,-87.92991431934564,42.995583237143,2020-07-17,5,157.0
55079017500,55079014300,-87.92965116916102,43.00287441605045,-87.90101539256612,43.042731429373134,2020-07-17,1,31.0
55079017500,55079020600,-87.92965116916102,43.00287441605045,-87.90444286867323,42.9810337820488,2020-07-17,4,125.0
55079017500,55079170100,-87.92965116916102,43.00287441605045,-87.84892368656588,42.919583500675934,2020-07-17,2,62.0
55079017500,55079170600,-87.92965116916102,43.00287441605045,-87.86320935056827,42.907724102777856,2020-07-17,1,31.0
55079017500,55079014800,-87.92965116916102,43.00287441605045,-87.9402035907502,43.042125624825495,2020-07-17,1,31.0
55079017500,55079186100,-87.92965116916102,43.00287441605045,-87.94279275484007,43.048652729679134,2020-07-17,1,31.0
55079017500,55079016900,-87.92965116916102,43.00287441605045,-87.93770785693083,43.00951913559766,2020-07-17,7,219.0
55079017500,55079002500,-87.92965116916102,43.00287441605045,-87.96218045466739,43.10795733493045,2020-07-17,1,31.0
55079017500,55079017200,-87.92965116916102,43.00287441605045,-87.95621680562614,43.002904101727246,2020-07-17,2,62.0
55079017500,55079015900,-87.92965116916102,43.00287441605045,-87.9473669417017,43.02159668337006,2020-07-17,1,31.0
55079017600,55079020000,-87.92236059293215,43.00280872383964,-87.95273620994368,42.98405311376188,2020-07-17,4,129.0
55079017600,55079110100,-87.92236059293215,43.00280872383964,-87.9710022364233,43.012448953036525,2020-07-17,2,64.0
55079017600,55079101000,-87.92236059293215,43.00280872383964,-88.05764456171738,42.99173938525954,2020-07-17,1,32.0
55079017600,55079018100,-87.92236059293215,43.00280872383964,-87.88469234682039,42.998709042311724,2020-07-17,1,32.0
55079017600,55079160100,-87.92236059293215,43.00280872383964,-87.91471599062149,42.91513941042769,2020-07-17,3,97.0
55079017600,55079050101,-87.92236059293215,43.00280872383964,-87.98494662348081,43.17683059907653,2020-07-17,1,32.0
55079017600,55079186300,-87.92236059293215,43.00280872383964,-87.91799927397663,43.040616743150025,2020-07-17,3,97.0
55079017600,55079021700,-87.92236059293215,43.00280872383964,-87.91312462574102,42.94052513723052,2020-07-17,2,64.0
55079017600,55079019100,-87.92236059293215,43.00280872383964,-87.96549351619066,42.982165146288615,2020-07-17,1,32.0
55079017600,55079019200,-87.92236059293215,43.00280872383964,-87.9858350139744,42.99282711086924,2020-07-17,1,32.0
55079017600,55079090200,-87.92236059293215,43.00280872383964,-88.05200796218348,43.081902180003375,2020-07-17,3,97.0
55079017600,55079120203,-87.92236059293215,43.00280872383964,-88.00776394431053,42.95694649923871,2020-07-17,1,32.0
55079017600,55079185900,-87.92236059293215,43.00280872383964,-87.93229166080955,43.05383765471328,2020-07-17,1,32.0
55079017600,55079186000,-87.92236059293215,43.00280872383964,-87.92039854147795,43.053956957431964,2020-07-17,1,32.0
55079017600,55079150304,-87.92236059293215,43.00280872383964,-88.02760163837803,42.91519132559998,2020-07-17,1,32.0
55079017600,55079021000,-87.92236059293215,43.00280872383964,-87.89993467732904,42.962739149255064,2020-07-17,1,32.0
55079017600,55079186800,-87.92236059293215,43.00280872383964,-87.9506670108877,43.02815858561159,2020-07-17,2,64.0
55079017600,55079187200,-87.92236059293215,43.00280872383964,-88.00769048889484,42.863813659193866,2020-07-17,2,64.0
55079017600,55079160203,-87.92236059293215,43.00280872383964,-87.91638950191752,42.89402789790319,2020-07-17,1,32.0
55079017600,55079091200,-87.92236059293215,43.00280872383964,-88.00388284004167,43.0467075980639,2020-07-17,1,32.0
55079017600,55079018900,-87.92236059293215,43.00280872383964,-87.95323213052187,42.995654122863776,2020-07-17,1,32.0
55079017600,55079020100,-87.92236059293215,43.00280872383964,-87.94099671150566,42.988482506396224,2020-07-17,3,97.0
55079017600,55079180400,-87.92236059293215,43.00280872383964,-87.85633588550823,42.93709205888796,2020-07-17,1,32.0
55079017600,55079100900,-87.92236059293215,43.00280872383964,-88.05216898532913,43.00959788353506,2020-07-17,1,32.0
55079017600,55079101100,-87.92236059293215,43.00280872383964,-88.04276904850849,42.99420752845147,2020-07-17,2,64.0
55079017600,55079140100,-87.92236059293215,43.00280872383964,-88.0188613886232,42.93745223479677,2020-07-17,1,32.0
55079017600,55079140201,-87.92236059293215,43.00280872383964,-87.99911426080601,42.93902100763907,2020-07-17,1,32.0
55079017600,55079016800,-87.92236059293215,43.00280872383964,-87.92935001478907,43.01036042537408,2020-07-17,2,64.0
55079017600,55079014400,-87.92236059293215,43.00280872383964,-87.90784049253895,43.042413401572134,2020-07-17,1,32.0
55079017600,55079170700,-87.92236059293215,43.00280872383964,-87.84797376219025,42.90256149755693,2020-07-17,1,32.0
55079017600,55079018000,-87.92236059293215,43.00280872383964,-87.8945288084346,43.01098558683315,2020-07-17,1,32.0
55079017600,55079016100,-87.92236059293215,43.00280872383964,-87.95946595975387,43.016089910899275,2020-07-17,1,32.0
55079017600,55079016600,-87.92236059293215,43.00280872383964,-87.9139279223807,43.010028166006215,2020-07-17,1,32.0
55079017600,55079130100,-87.92236059293215,43.00280872383964,-88.04407902007586,42.942752065148895,2020-07-17,1,32.0
55079017600,55079180300,-87.92236059293215,43.00280872383964,-87.87005593266791,42.951885652862586,2020-07-17,1,32.0
55079017600,55079015800,-87.92236059293215,43.00280872383964,-87.93761636287321,43.021659379009066,2020-07-17,1,32.0
55079017600,55079016300,-87.92236059293215,43.00280872383964,-87.93764055272034,43.01572710315665,2020-07-17,2,64.0
55079017600,55079019900,-87.92236059293215,43.00280872383964,-87.98235255712866,42.973172118392476,2020-07-17,1,32.0
55079017600,55079020400,-87.92236059293215,43.00280872383964,-87.9300852632457,42.98834002972675,2020-07-17,2,64.0
55079017600,55079005700,-87.92236059293215,43.00280872383964,-88.01309831915184,43.07138814037072,2020-07-17,1,32.0
55079017600,55079017500,-87.92236059293215,43.00280872383964,-87.92965116916102,43.00287441605045,2020-07-17,2,64.0
55079017600,55079005200,-87.92236059293215,43.00280872383964,-88.0124256780363,43.086227920709504,2020-07-17,1,32.0
55079017600,55079005900,-87.92236059293215,43.00280872383964,-87.98523579862835,43.06821108392844,2020-07-17,2,64.0
55079017600,55079020300,-87.92236059293215,43.00280872383964,-87.92658964497383,42.979242665655576,2020-07-17,2,64.0
55079017600,55079018800,-87.92236059293215,43.00280872383964,-87.94058386370827,42.99929639057026,2020-07-17,2,64.0
55079017600,55079004200,-87.92236059293215,43.00280872383964,-87.94544782159862,43.09516547779425,2020-07-17,1,32.0
55079017600,55079018500,-87.92236059293215,43.00280872383964,-87.91439743752404,42.98441904059949,2020-07-17,4,129.0
55079017600,55079020500,-87.92236059293215,43.00280872383964,-87.92272370744391,42.988321496925906,2020-07-17,1,32.0
55079017600,55079018600,-87.92236059293215,43.00280872383964,-87.92255649026754,42.995575414800356,2020-07-17,2,64.0
55079017600,55079019800,-87.92236059293215,43.00280872383964,-87.98973307517815,42.982078809345225,2020-07-17,1,32.0
55079017600,55079016500,-87.92236059293215,43.00280872383964,-87.91153110922029,43.01579142211555,2020-07-17,2,64.0
55079017600,55079017600,-87.92236059293215,43.00280872383964,-87.92236059293215,43.00280872383964,2020-07-17,70,2269.0
55079017600,55079009600,-87.92236059293215,43.00280872383964,-87.96486502955395,43.05277336645368,2020-07-17,1,32.0
55079017600,55079004100,-87.92236059293215,43.00280872383964,-87.95681147526382,43.0940907627305,2020-07-17,1,32.0
55079017600,55079170600,-87.92236059293215,43.00280872383964,-87.86320935056827,42.907724102777856,2020-07-17,2,64.0
55079017600,55079014800,-87.92236059293215,43.00280872383964,-87.9402035907502,43.042125624825495,2020-07-17,1,32.0
55079017600,55079185200,-87.92236059293215,43.00280872383964,-87.88193798921913,42.967674094622936,2020-07-17,2,64.0
55079017600,55079170300,-87.92236059293215,43.00280872383964,-87.87538996197884,42.9095536521384,2020-07-17,2,64.0
55079017600,55079017000,-87.92236059293215,43.00280872383964,-87.9475259715867,43.01041841584858,2020-07-17,1,32.0
55079017600,55079015900,-87.92236059293215,43.00280872383964,-87.9473669417017,43.02159668337006,2020-07-17,1,32.0
55079017900,55079020000,-87.90503327479618,42.998772533253295,-87.95273620994368,42.98405311376188,2020-07-17,7,253.0
55079017900,55079019000,-87.90503327479618,42.998772533253295,-87.967877289968,42.995496154489715,2020-07-17,1,36.0
55079017900,55079110100,-87.90503327479618,42.998772533253295,-87.9710022364233,43.012448953036525,2020-07-17,1,36.0
55079017900,55079018100,-87.90503327479618,42.998772533253295,-87.88469234682039,42.998709042311724,2020-07-17,2,72.0
55079017900,55079160100,-87.90503327479618,42.998772533253295,-87.91471599062149,42.91513941042769,2020-07-17,2,72.0
55079017900,55079186300,-87.90503327479618,42.998772533253295,-87.91799927397663,43.040616743150025,2020-07-17,1,36.0
55079017900,55079021700,-87.90503327479618,42.998772533253295,-87.91312462574102,42.94052513723052,2020-07-17,3,108.0
55079017900,55079019200,-87.90503327479618,42.998772533253295,-87.9858350139744,42.99282711086924,2020-07-17,1,36.0
55079017900,55079120203,-87.90503327479618,42.998772533253295,-88.00776394431053,42.95694649923871,2020-07-17,2,72.0
55079017900,55079018400,-87.90503327479618,42.998772533253295,-87.90417459790928,42.9917062933768,2020-07-17,1,36.0
55079017900,55079017300,-87.90503327479618,42.998772533253295,-87.94877202549131,43.0036525046766,2020-07-17,1,36.0
55079017900,55079185300,-87.90503327479618,42.998772533253295,-88.04265402690729,43.049880154873065,2020-07-17,1,36.0
55079017900,55079120502,-87.90503327479618,42.998772533253295,-87.96510992081555,42.95304728304586,2020-07-17,1,36.0
55079017900,55079187400,-87.90503327479618,42.998772533253295,-87.90767949876499,43.03217517915639,2020-07-17,1,36.0
55079017900,55079160203,-87.90503327479618,42.998772533253295,-87.91638950191752,42.89402789790319,2020-07-17,2,72.0
55079017900,55079091200,-87.90503327479618,42.998772533253295,-88.00388284004167,43.0467075980639,2020-07-17,1,36.0
55079017900,55079100600,-87.90503327479618,42.998772533253295,-88.02237498004419,43.02035162464835,2020-07-17,1,36.0
55079017900,55079180400,-87.90503327479618,42.998772533253295,-87.85633588550823,42.93709205888796,2020-07-17,3,108.0
55079017900,55079014600,-87.90503327479618,42.998772533253295,-87.93032605572249,43.04237842637439,2020-07-17,1,36.0
55079017900,55079140201,-87.90503327479618,42.998772533253295,-87.99911426080601,42.93902100763907,2020-07-17,1,36.0
55079017900,55079017900,-87.90503327479618,42.998772533253295,-87.90503327479618,42.998772533253295,2020-07-17,66,2391.0
55079017900,55079186500,-87.90503327479618,42.998772533253295,-87.9130303085029,43.02319729476483,2020-07-17,2,72.0
55079017900,55079101400,-87.90503327479618,42.998772533253295,-88.02735540531337,43.00631524274058,2020-07-17,1,36.0
55079017900,55079003800,-87.90503327479618,42.998772533253295,-87.97215356169055,43.086187842345545,2020-07-17,1,36.0
55079017900,55079100400,-87.90503327479618,42.998772533253295,-88.01166560297426,43.0170103539625,2020-07-17,1,36.0
55079017900,55079018000,-87.90503327479618,42.998772533253295,-87.8945288084346,43.01098558683315,2020-07-17,4,144.0
55079017900,55079150100,-87.90503327479618,42.998772533253295,-87.97759713310646,42.91424119290261,2020-07-17,2,72.0
55079017900,55079003400,-87.90503327479618,42.998772533253295,-88.02444287795417,43.0934576342605,2020-07-17,1,36.0
55079017900,55079005500,-87.90503327479618,42.998772533253295,-88.03284541742188,43.08237006688624,2020-07-17,1,36.0
55079017900,55079180300,-87.90503327479618,42.998772533253295,-87.87005593266791,42.951885652862586,2020-07-17,1,36.0
55079017900,55079020700,-87.90503327479618,42.998772533253295,-87.89282968229121,42.980391637955094,2020-07-17,4,144.0
55079017900,55079080200,-87.90503327479618,42.998772533253295,-87.8877423232882,43.0942616397457,2020-07-17,1,36.0
55079017900,55079019900,-87.90503327479618,42.998772533253295,-87.98235255712866,42.973172118392476,2020-07-17,1,36.0
55079017900,55079100200,-87.90503327479618,42.998772533253295,-87.99137992566246,43.01460892403096,2020-07-17,1,36.0
55079017900,55079018800,-87.90503327479618,42.998772533253295,-87.94058386370827,42.99929639057026,2020-07-17,1,36.0
55079017900,55079018200,-87.90503327479618,42.998772533253295,-87.87369831321716,42.99249911585218,2020-07-17,1,36.0
55079017900,55079018500,-87.90503327479618,42.998772533253295,-87.91439743752404,42.98441904059949,2020-07-17,4,144.0
55079017900,55079020500,-87.90503327479618,42.998772533253295,-87.92272370744391,42.988321496925906,2020-07-17,1,36.0
55079017900,55079020200,-87.90503327479618,42.998772533253295,-87.94112496275925,42.977527635995024,2020-07-17,2,72.0
55079017900,55079016000,-87.90503327479618,42.998772533253295,-87.95725941865898,43.02137414837421,2020-07-17,1,36.0
55079017900,55079019700,-87.90503327479618,42.998772533253295,-88.00741820523533,42.97570820507905,2020-07-17,1,36.0
55079017900,55079018300,-87.90503327479618,42.998772533253295,-87.89285805580873,42.991354183119796,2020-07-17,1,36.0
55079017900,55079017600,-87.90503327479618,42.998772533253295,-87.92236059293215,43.00280872383964,2020-07-17,1,36.0
55079017900,55079020600,-87.90503327479618,42.998772533253295,-87.90444286867323,42.9810337820488,2020-07-17,1,36.0
55079017900,55079011100,-87.90503327479618,42.998772533253295,-87.90155963599153,43.04933924860895,2020-07-17,1,36.0
55079017900,55079101200,-87.90503327479618,42.998772533253295,-88.02772831407549,42.99180235090393,2020-07-17,1,36.0
55079017900,55079170600,-87.90503327479618,42.998772533253295,-87.86320935056827,42.907724102777856,2020-07-17,1,36.0
55079017900,55079185200,-87.90503327479618,42.998772533253295,-87.88193798921913,42.967674094622936,2020-07-17,2,72.0
55079017900,55079012900,-87.90503327479618,42.998772533253295,-87.99989477924994,43.028140622580246,2020-07-17,1,36.0
55079018000,55079020000,-87.8945288084346,43.01098558683315,-87.95273620994368,42.98405311376188,2020-07-17,4,124.0
55079018000,55079015700,-87.8945288084346,43.01098558683315,-87.92777138656925,43.021663598322064,2020-07-17,1,31.0
55079018000,55079000102,-87.8945288084346,43.01098558683315,-88.01167859828367,43.164645145767146,2020-07-17,2,62.0
55079018000,55079000202,-87.8945288084346,43.01098558683315,-88.04132965001602,43.160382512849615,2020-07-17,1,31.0
55079018000,55079021200,-87.8945288084346,43.01098558683315,-87.92101040508955,42.965284697357816,2020-07-17,1,31.0
55079018000,55079160100,-87.8945288084346,43.01098558683315,-87.91471599062149,42.91513941042769,2020-07-17,3,93.0
55079018000,55079000600,-87.8945288084346,43.01098558683315,-88.00190569680801,43.14010292722225,2020-07-17,1,31.0
55079018000,55079101600,-87.8945288084346,43.01098558683315,-87.98881839806968,43.003113634057684,2020-07-17,1,31.0
55079018000,55079021700,-87.8945288084346,43.01098558683315,-87.91312462574102,42.94052513723052,2020-07-17,1,31.0
55079018000,55079018400,-87.8945288084346,43.01098558683315,-87.90417459790928,42.9917062933768,2020-07-17,3,93.0
55079018000,55079185900,-87.8945288084346,43.01098558683315,-87.93229166080955,43.05383765471328,2020-07-17,1,31.0
55079018000,55079060101,-87.8945288084346,43.01098558683315,-87.92535691568614,43.13950788268824,2020-07-17,2,62.0
55079018000,55079185300,-87.8945288084346,43.01098558683315,-88.04265402690729,43.049880154873065,2020-07-17,3,93.0
55079018000,55079120502,-87.8945288084346,43.01098558683315,-87.96510992081555,42.95304728304586,2020-07-17,2,62.0
55079018000,55079020800,-87.8945288084346,43.01098558683315,-87.87636299879055,42.985307292991365,2020-07-17,1,31.0
55079018000,55079187400,-87.8945288084346,43.01098558683315,-87.90767949876499,43.03217517915639,2020-07-17,1,31.0
55079018000,55079160203,-87.8945288084346,43.01098558683315,-87.91638950191752,42.89402789790319,2020-07-17,1,31.0
55079018000,55079091200,-87.8945288084346,43.01098558683315,-88.00388284004167,43.0467075980639,2020-07-17,2,62.0
55079018000,55079101100,-87.8945288084346,43.01098558683315,-88.04276904850849,42.99420752845147,2020-07-17,1,31.0
55079018000,55079017900,-87.8945288084346,43.01098558683315,-87.90503327479618,42.998772533253295,2020-07-17,2,62.0
55079018000,55079186500,-87.8945288084346,43.01098558683315,-87.9130303085029,43.02319729476483,2020-07-17,3,93.0
55079018000,55079016800,-87.8945288084346,43.01098558683315,-87.92935001478907,43.01036042537408,2020-07-17,2,62.0
55079018000,55079011300,-87.8945288084346,43.01098558683315,-87.90713298111844,43.04890661506502,2020-07-17,1,31.0
55079018000,55079018000,-87.8945288084346,43.01098558683315,-87.8945288084346,43.01098558683315,2020-07-17,75,2325.0
55079018000,55079150100,-87.8945288084346,43.01098558683315,-87.97759713310646,42.91424119290261,2020-07-17,2,62.0
55079018000,55079021600,-87.8945288084346,43.01098558683315,-87.92488475274558,42.952251222261935,2020-07-17,1,31.0
55079018000,55079035200,-87.8945288084346,43.01098558683315,-87.9070718018067,43.16012040860922,2020-07-17,1,31.0
55079018000,55079187000,-87.8945288084346,43.01098558683315,-87.88728455831759,43.05530607398437,2020-07-17,1,31.0
55079018000,55079016600,-87.8945288084346,43.01098558683315,-87.9139279223807,43.010028166006215,2020-07-17,4,124.0
55079018000,55079014100,-87.8945288084346,43.01098558683315,-87.92097269793881,43.04863570292668,2020-07-17,1,31.0
55079018000,55079020700,-87.8945288084346,43.01098558683315,-87.89282968229121,42.980391637955094,2020-07-17,2,62.0
55079018000,55079020400,-87.8945288084346,43.01098558683315,-87.9300852632457,42.98834002972675,2020-07-17,1,31.0
55079018000,55079020900,-87.8945288084346,43.01098558683315,-87.90186271433869,42.97013349358029,2020-07-17,1,31.0
55079018000,55079186600,-87.8945288084346,43.01098558683315,-87.91355022125023,43.001384465822476,2020-07-17,1,31.0
55079018000,55079120202,-87.8945288084346,43.01098558683315,-87.99868084532402,42.965848843600455,2020-07-17,1,31.0
55079018000,55079018500,-87.8945288084346,43.01098558683315,-87.91439743752404,42.98441904059949,2020-07-17,3,93.0
55079018000,55079020600,-87.8945288084346,43.01098558683315,-87.90444286867323,42.9810337820488,2020-07-17,1,31.0
55079018000,55079170100,-87.8945288084346,43.01098558683315,-87.84892368656588,42.919583500675934,2020-07-17,1,31.0
55079018000,55079008000,-87.8945288084346,43.01098558683315,-87.90282982859381,43.067480284048756,2020-07-17,1,31.0
55079018000,55079006500,-87.8945288084346,43.01098558683315,-87.94229465456391,43.0797331466399,2020-07-17,1,31.0
55079018000,55079013000,-87.8945288084346,43.01098558683315,-87.9876687698922,43.02770173765977,2020-07-17,1,31.0
55079018400,55079020000,-87.90417459790928,42.9917062933768,-87.95273620994368,42.98405311376188,2020-07-17,2,62.0
55079018400,55079021200,-87.90417459790928,42.9917062933768,-87.92101040508955,42.965284697357816,2020-07-17,1,31.0
55079018400,55079018100,-87.90417459790928,42.9917062933768,-87.88469234682039,42.998709042311724,2020-07-17,1,31.0
55079018400,55079101600,-87.90417459790928,42.9917062933768,-87.98881839806968,43.003113634057684,2020-07-17,1,31.0
55079018400,55079021700,-87.90417459790928,42.9917062933768,-87.91312462574102,42.94052513723052,2020-07-17,2,62.0
55079018400,55079120400,-87.90417459790928,42.9917062933768,-87.96548496050795,42.96670427425607,2020-07-17,1,31.0
55079018400,55079120203,-87.90417459790928,42.9917062933768,-88.00776394431053,42.95694649923871,2020-07-17,1,31.0
55079018400,55079018400,-87.90417459790928,42.9917062933768,-87.90417459790928,42.9917062933768,2020-07-17,32,995.0
55079018400,55079000501,-87.90417459790928,42.9917062933768,-88.04340002069712,43.115390222488664,2020-07-17,1,31.0
55079018400,55079160203,-87.90417459790928,42.9917062933768,-87.91638950191752,42.89402789790319,2020-07-17,2,62.0
55079018400,55079160202,-87.90417459790928,42.9917062933768,-87.87217546542965,42.881379330302295,2020-07-17,1,31.0
55079018400,55079140100,-87.90417459790928,42.9917062933768,-88.0188613886232,42.93745223479677,2020-07-17,1,31.0
55079018400,55079017900,-87.90417459790928,42.9917062933768,-87.90503327479618,42.998772533253295,2020-07-17,2,62.0
55079018400,55079186500,-87.90417459790928,42.9917062933768,-87.9130303085029,43.02319729476483,2020-07-17,1,31.0
55079018400,55079014400,-87.90417459790928,42.9917062933768,-87.90784049253895,43.042413401572134,2020-07-17,1,31.0
55079018400,55079020700,-87.90417459790928,42.9917062933768,-87.89282968229121,42.980391637955094,2020-07-17,1,31.0
55079018400,55079018800,-87.90417459790928,42.9917062933768,-87.94058386370827,42.99929639057026,2020-07-17,1,31.0
55079018400,55079018200,-87.90417459790928,42.9917062933768,-87.87369831321716,42.99249911585218,2020-07-17,1,31.0
55079018400,55079018500,-87.90417459790928,42.9917062933768,-87.91439743752404,42.98441904059949,2020-07-17,1,31.0
55079018400,55079018300,-87.90417459790928,42.9917062933768,-87.89285805580873,42.991354183119796,2020-07-17,1,31.0
55079018400,55079020600,-87.90417459790928,42.9917062933768,-87.90444286867323,42.9810337820488,2020-07-17,2,62.0
55079018400,55079185200,-87.90417459790928,42.9917062933768,-87.88193798921913,42.967674094622936,2020-07-17,2,62.0
55079018400,55079021100,-87.90417459790928,42.9917062933768,-87.91444199314573,42.970152010378044,2020-07-17,1,31.0
55079018600,55079020000,-87.92255649026754,42.995575414800356,-87.95273620994368,42.98405311376188,2020-07-17,5,174.0
55079018600,55079004400,-87.92255649026754,42.995575414800356,-87.90608569163814,43.089298213737145,2020-07-17,1,34.0
55079018600,55079015700,-87.92255649026754,42.995575414800356,-87.92777138656925,43.021663598322064,2020-07-17,1,34.0
55079018600,55079016200,-87.92255649026754,42.995575414800356,-87.94745090497267,43.01660575920564,2020-07-17,1,34.0
55079018600,55079019000,-87.92255649026754,42.995575414800356,-87.967877289968,42.995496154489715,2020-07-17,1,34.0
55079018600,55079091300,-87.92255649026754,42.995575414800356,-88.0097444924032,43.037871666045895,2020-07-17,1,34.0
55079018600,55079000102,-87.92255649026754,42.995575414800356,-88.01167859828367,43.164645145767146,2020-07-17,2,69.0
55079018600,55079000202,-87.92255649026754,42.995575414800356,-88.04132965001602,43.160382512849615,2020-07-17,1,34.0
55079018600,55079002300,-87.92255649026754,42.995575414800356,-87.93621856893152,43.105985427841645,2020-07-17,1,34.0
55079018600,55079110100,-87.92255649026754,42.995575414800356,-87.9710022364233,43.012448953036525,2020-07-17,2,69.0
55079018600,55079000600,-87.92255649026754,42.995575414800356,-88.00190569680801,43.14010292722225,2020-07-17,1,34.0
55079018600,55079012400,-87.92255649026754,42.995575414800356,-87.97680856828566,43.04580144948212,2020-07-17,1,34.0
55079018600,55079090100,-87.92255649026754,42.995575414800356,-88.04837730790923,43.0973204568905,2020-07-17,1,34.0
55079018600,55079120400,-87.92255649026754,42.995575414800356,-87.96548496050795,42.96670427425607,2020-07-17,1,34.0
55079018600,55079018400,-87.92255649026754,42.995575414800356,-87.90417459790928,42.9917062933768,2020-07-17,2,69.0
55079018600,55079160300,-87.92255649026754,42.995575414800356,-87.8893867076047,42.856940087232964,2020-07-17,1,34.0
55079018600,55079187300,-87.92255649026754,42.995575414800356,-87.9656302556773,42.887159701718595,2020-07-17,1,34.0
55079018600,55079185300,-87.92255649026754,42.995575414800356,-88.04265402690729,43.049880154873065,2020-07-17,1,34.0
55079018600,55079120502,-87.92255649026754,42.995575414800356,-87.96510992081555,42.95304728304586,2020-07-17,2,69.0
55079018600,55079021000,-87.92255649026754,42.995575414800356,-87.89993467732904,42.962739149255064,2020-07-17,1,34.0
55079018600,55079160204,-87.92255649026754,42.995575414800356,-87.9317944903397,42.879700165258704,2020-07-17,1,34.0
55079018600,55079186800,-87.92255649026754,42.995575414800356,-87.9506670108877,43.02815858561159,2020-07-17,1,34.0
55079018600,55079187200,-87.92255649026754,42.995575414800356,-88.00769048889484,42.863813659193866,2020-07-17,1,34.0
55079018600,55079018900,-87.92255649026754,42.995575414800356,-87.95323213052187,42.995654122863776,2020-07-17,1,34.0
55079018600,55079020100,-87.92255649026754,42.995575414800356,-87.94099671150566,42.988482506396224,2020-07-17,1,34.0
55079018600,55079100900,-87.92255649026754,42.995575414800356,-88.05216898532913,43.00959788353506,2020-07-17,2,69.0
55079018600,55079101100,-87.92255649026754,42.995575414800356,-88.04276904850849,42.99420752845147,2020-07-17,1,34.0
55079018600,55079140201,-87.92255649026754,42.995575414800356,-87.99911426080601,42.93902100763907,2020-07-17,1,34.0
55079018600,55079017900,-87.92255649026754,42.995575414800356,-87.90503327479618,42.998772533253295,2020-07-17,1,34.0
55079018600,55079186500,-87.92255649026754,42.995575414800356,-87.9130303085029,43.02319729476483,2020-07-17,1,34.0
55079018600,55079016800,-87.92255649026754,42.995575414800356,-87.92935001478907,43.01036042537408,2020-07-17,6,208.0
55079018600,55079120101,-87.92255649026754,42.995575414800356,-88.04814010007517,42.95916305909443,2020-07-17,1,34.0
55079018600,55079150100,-87.92255649026754,42.995575414800356,-87.97759713310646,42.91424119290261,2020-07-17,2,69.0
55079018600,55079016100,-87.92255649026754,42.995575414800356,-87.95946595975387,43.016089910899275,2020-07-17,1,34.0
55079018600,55079021300,-87.92255649026754,42.995575414800356,-87.93877469638159,42.970224160413096,2020-07-17,1,34.0
55079018600,55079150301,-87.92255649026754,42.995575414800356,-88.05345903025625,42.89781994777656,2020-07-17,1,34.0
55079018600,55079180300,-87.92255649026754,42.995575414800356,-87.87005593266791,42.951885652862586,2020-07-17,3,104.0
55079018600,55079020700,-87.92255649026754,42.995575414800356,-87.89282968229121,42.980391637955094,2020-07-17,1,34.0
55079018600,55079020400,-87.92255649026754,42.995575414800356,-87.9300852632457,42.98834002972675,2020-07-17,2,69.0
55079018600,55079017500,-87.92255649026754,42.995575414800356,-87.92965116916102,43.00287441605045,2020-07-17,6,208.0
55079018600,55079003100,-87.92255649026754,42.995575414800356,-87.98607018194353,43.10091760946077,2020-07-17,1,34.0
55079018600,55079020300,-87.92255649026754,42.995575414800356,-87.92658964497383,42.979242665655576,2020-07-17,2,69.0
55079018600,55079016700,-87.92255649026754,42.995575414800356,-87.92209519609614,43.010301162214034,2020-07-17,3,104.0
55079018600,55079017400,-87.92255649026754,42.995575414800356,-87.9382983850757,43.00476614107047,2020-07-17,1,34.0
55079018600,55079186600,-87.92255649026754,42.995575414800356,-87.91355022125023,43.001384465822476,2020-07-17,3,104.0
55079018600,55079120202,-87.92255649026754,42.995575414800356,-87.99868084532402,42.965848843600455,2020-07-17,1,34.0
55079018600,55079003900,-87.92255649026754,42.995575414800356,-87.96215160813261,43.086172227530916,2020-07-17,1,34.0
55079018600,55079018200,-87.92255649026754,42.995575414800356,-87.87369831321716,42.99249911585218,2020-07-17,2,69.0
55079018600,55079018500,-87.92255649026754,42.995575414800356,-87.91439743752404,42.98441904059949,2020-07-17,6,208.0
55079018600,55079020500,-87.92255649026754,42.995575414800356,-87.92272370744391,42.988321496925906,2020-07-17,5,174.0
55079018600,55079018600,-87.92255649026754,42.995575414800356,-87.92255649026754,42.995575414800356,2020-07-17,71,2473.0
55079018600,55079016000,-87.92255649026754,42.995575414800356,-87.95725941865898,43.02137414837421,2020-07-17,1,34.0
55079018600,55079150303,-87.92255649026754,42.995575414800356,-88.02312771344377,42.88960646488504,2020-07-17,1,34.0
55079018600,55079019800,-87.92255649026754,42.995575414800356,-87.98973307517815,42.982078809345225,2020-07-17,1,34.0
55079018600,55079016400,-87.92255649026754,42.995575414800356,-87.92777599229481,43.01665943799343,2020-07-17,2,69.0
55079018600,55079000304,-87.92255649026754,42.995575414800356,-88.02644618111368,43.14364069729464,2020-07-17,1,34.0
55079018600,55079017600,-87.92255649026754,42.995575414800356,-87.92236059293215,43.00280872383964,2020-07-17,2,69.0
55079018600,55079018700,-87.92255649026754,42.995575414800356,-87.92991431934564,42.995583237143,2020-07-17,3,104.0
55079018600,55079185600,-87.92255649026754,42.995575414800356,-87.91469071944607,43.06026722158336,2020-07-17,2,69.0
55079018600,55079170600,-87.92255649026754,42.995575414800356,-87.86320935056827,42.907724102777856,2020-07-17,2,69.0
55079018600,55079016900,-87.92255649026754,42.995575414800356,-87.93770785693083,43.00951913559766,2020-07-17,2,69.0
55079018600,55079017100,-87.92255649026754,42.995575414800356,-87.95808412992528,43.01056521552099,2020-07-17,1,34.0
55079018600,55079120300,-87.92255649026754,42.995575414800356,-87.97376432533524,42.98091406493879,2020-07-17,1,34.0
55079018600,55079013000,-87.92255649026754,42.995575414800356,-87.9876687698922,43.02770173765977,2020-07-17,1,34.0
55079018600,55079021100,-87.92255649026754,42.995575414800356,-87.91444199314573,42.970152010378044,2020-07-17,1,34.0
55079018700,55079020000,-87.92991431934564,42.995583237143,-87.95273620994368,42.98405311376188,2020-07-17,9,296.0
55079018700,55079002400,-87.92991431934564,42.995583237143,-87.95188617843814,43.106404380820805,2020-07-17,1,32.0
55079018700,55079004300,-87.92991431934564,42.995583237143,-87.93220867621264,43.094799127568905,2020-07-17,1,32.0
55079018700,55079004400,-87.92991431934564,42.995583237143,-87.90608569163814,43.089298213737145,2020-07-17,2,65.0
55079018700,55079004500,-87.92991431934564,42.995583237143,-87.92226909278084,43.08550885272536,2020-07-17,1,32.0
55079018700,55079016200,-87.92991431934564,42.995583237143,-87.94745090497267,43.01660575920564,2020-07-17,2,65.0
55079018700,55079019000,-87.92991431934564,42.995583237143,-87.967877289968,42.995496154489715,2020-07-17,4,131.0
55079018700,55079100100,-87.92991431934564,42.995583237143,-87.98598444052216,43.01659648927991,2020-07-17,1,32.0
55079018700,55079002300,-87.92991431934564,42.995583237143,-87.93621856893152,43.105985427841645,2020-07-17,1,32.0
55079018700,55079011200,-87.92991431934564,42.995583237143,-87.89756439120579,43.055476240018415,2020-07-17,1,32.0
55079018700,55079110100,-87.92991431934564,42.995583237143,-87.9710022364233,43.012448953036525,2020-07-17,4,131.0
55079018700,55079021200,-87.92991431934564,42.995583237143,-87.92101040508955,42.965284697357816,2020-07-17,3,98.0
55079018700,55079018100,-87.92991431934564,42.995583237143,-87.88469234682039,42.998709042311724,2020-07-17,1,32.0
55079018700,55079160100,-87.92991431934564,42.995583237143,-87.91471599062149,42.91513941042769,2020-07-17,3,98.0
55079018700,55079000600,-87.92991431934564,42.995583237143,-88.00190569680801,43.14010292722225,2020-07-17,1,32.0
55079018700,55079186300,-87.92991431934564,42.995583237143,-87.91799927397663,43.040616743150025,2020-07-17,1,32.0
55079018700,55079021700,-87.92991431934564,42.995583237143,-87.91312462574102,42.94052513723052,2020-07-17,2,65.0
55079018700,55079120501,-87.92991431934564,42.995583237143,-87.96680035551529,42.94072396992586,2020-07-17,2,65.0
55079018700,55079019100,-87.92991431934564,42.995583237143,-87.96549351619066,42.982165146288615,2020-07-17,1,32.0
55079018700,55079019200,-87.92991431934564,42.995583237143,-87.9858350139744,42.99282711086924,2020-07-17,1,32.0
55079018700,55079120400,-87.92991431934564,42.995583237143,-87.96548496050795,42.96670427425607,2020-07-17,1,32.0
55079018700,55079120203,-87.92991431934564,42.995583237143,-88.00776394431053,42.95694649923871,2020-07-17,5,164.0
55079018700,55079160300,-87.92991431934564,42.995583237143,-87.8893867076047,42.856940087232964,2020-07-17,1,32.0
55079018700,55079017300,-87.92991431934564,42.995583237143,-87.94877202549131,43.0036525046766,2020-07-17,3,98.0
55079018700,55079021400,-87.92991431934564,42.995583237143,-87.93891709359613,42.96295890378409,2020-07-17,1,32.0
55079018700,55079120502,-87.92991431934564,42.995583237143,-87.96510992081555,42.95304728304586,2020-07-17,2,65.0
55079018700,55079187400,-87.92991431934564,42.995583237143,-87.90767949876499,43.03217517915639,2020-07-17,1,32.0
55079018700,55079012500,-87.92991431934564,42.995583237143,-87.97654888060033,43.037091021714275,2020-07-17,1,32.0
55079018700,55079130200,-87.92991431934564,42.995583237143,-88.05891051157585,42.93732261654573,2020-07-17,1,32.0
55079018700,55079006200,-87.92991431934564,42.995583237143,-87.96097127315564,43.067902782244275,2020-07-17,1,32.0
55079018700,55079021000,-87.92991431934564,42.995583237143,-87.89993467732904,42.962739149255064,2020-07-17,2,65.0
55079018700,55079160204,-87.92991431934564,42.995583237143,-87.9317944903397,42.879700165258704,2020-07-17,1,32.0
55079018700,55079091200,-87.92991431934564,42.995583237143,-88.00388284004167,43.0467075980639,2020-07-17,1,32.0
55079018700,55079020100,-87.92991431934564,42.995583237143,-87.94099671150566,42.988482506396224,2020-07-17,1,32.0
55079018700,55079002800,-87.92991431934564,42.995583237143,-87.97141961541004,43.10830621321033,2020-07-17,1,32.0
55079018700,55079140201,-87.92991431934564,42.995583237143,-87.99911426080601,42.93902100763907,2020-07-17,4,131.0
55079018700,55079017900,-87.92991431934564,42.995583237143,-87.90503327479618,42.998772533253295,2020-07-17,1,32.0
55079018700,55079186500,-87.92991431934564,42.995583237143,-87.9130303085029,43.02319729476483,2020-07-17,2,65.0
55079018700,55079016800,-87.92991431934564,42.995583237143,-87.92935001478907,43.01036042537408,2020-07-17,1,32.0
55079018700,55079120101,-87.92991431934564,42.995583237143,-88.04814010007517,42.95916305909443,2020-07-17,1,32.0
55079018700,55079008500,-87.92991431934564,42.995583237143,-87.9298714910033,43.06776123229879,2020-07-17,1,32.0
55079018700,55079008100,-87.92991431934564,42.995583237143,-87.90743836658615,43.067471782486706,2020-07-17,1,32.0
55079018700,55079011300,-87.92991431934564,42.995583237143,-87.90713298111844,43.04890661506502,2020-07-17,1,32.0
55079018700,55079018000,-87.92991431934564,42.995583237143,-87.8945288084346,43.01098558683315,2020-07-17,2,65.0
55079018700,55079150100,-87.92991431934564,42.995583237143,-87.97759713310646,42.91424119290261,2020-07-17,1,32.0
55079018700,55079021600,-87.92991431934564,42.995583237143,-87.92488475274558,42.952251222261935,2020-07-17,3,98.0
55079018700,55079021300,-87.92991431934564,42.995583237143,-87.93877469638159,42.970224160413096,2020-07-17,1,32.0
55079018700,55079187000,-87.92991431934564,42.995583237143,-87.88728455831759,43.05530607398437,2020-07-17,1,32.0
55079018700,55079016600,-87.92991431934564,42.995583237143,-87.9139279223807,43.010028166006215,2020-07-17,2,65.0
55079018700,55079080200,-87.92991431934564,42.995583237143,-87.8877423232882,43.0942616397457,2020-07-17,1,32.0
55079018700,55079185700,-87.92991431934564,42.995583237143,-87.91471207902771,43.06752585199898,2020-07-17,1,32.0
55079018700,55079016300,-87.92991431934564,42.995583237143,-87.93764055272034,43.01572710315665,2020-07-17,1,32.0
55079018700,55079000700,-87.92991431934564,42.995583237143,-87.99009583376943,43.15588909293765,2020-07-17,1,32.0
55079018700,55079020400,-87.92991431934564,42.995583237143,-87.9300852632457,42.98834002972675,2020-07-17,8,263.0
55079018700,55079100200,-87.92991431934564,42.995583237143,-87.99137992566246,43.01460892403096,2020-07-17,2,65.0
55079018700,55079017500,-87.92991431934564,42.995583237143,-87.92965116916102,43.00287441605045,2020-07-17,4,131.0
55079018700,55079005900,-87.92991431934564,42.995583237143,-87.98523579862835,43.06821108392844,2020-07-17,1,32.0
55079018700,55079007600,-87.92991431934564,42.995583237143,-87.87859580944733,43.06399812725538,2020-07-17,1,32.0
55079018700,55079020300,-87.92991431934564,42.995583237143,-87.92658964497383,42.979242665655576,2020-07-17,2,65.0
55079018700,55079016700,-87.92991431934564,42.995583237143,-87.92209519609614,43.010301162214034,2020-07-17,1,32.0
55079018700,55079017400,-87.92991431934564,42.995583237143,-87.9382983850757,43.00476614107047,2020-07-17,2,65.0
55079018700,55079018800,-87.92991431934564,42.995583237143,-87.94058386370827,42.99929639057026,2020-07-17,6,197.0
55079018700,55079004200,-87.92991431934564,42.995583237143,-87.94544782159862,43.09516547779425,2020-07-17,2,65.0
55079018700,55079120202,-87.92991431934564,42.995583237143,-87.99868084532402,42.965848843600455,2020-07-17,1,32.0
55079018700,55079003900,-87.92991431934564,42.995583237143,-87.96215160813261,43.086172227530916,2020-07-17,2,65.0
55079018700,55079018500,-87.92991431934564,42.995583237143,-87.91439743752404,42.98441904059949,2020-07-17,2,65.0
55079018700,55079020500,-87.92991431934564,42.995583237143,-87.92272370744391,42.988321496925906,2020-07-17,5,164.0
55079018700,55079020200,-87.92991431934564,42.995583237143,-87.94112496275925,42.977527635995024,2020-07-17,2,65.0
55079018700,55079018600,-87.92991431934564,42.995583237143,-87.92255649026754,42.995575414800356,2020-07-17,1,32.0
55079018700,55079016000,-87.92991431934564,42.995583237143,-87.95725941865898,43.02137414837421,2020-07-17,1,32.0
55079018700,55079016400,-87.92991431934564,42.995583237143,-87.92777599229481,43.01665943799343,2020-07-17,1,32.0
55079018700,55079009000,-87.92991431934564,42.995583237143,-87.9610837883489,43.060355868415826,2020-07-17,1,32.0
55079018700,55079017600,-87.92991431934564,42.995583237143,-87.92236059293215,43.00280872383964,2020-07-17,3,98.0
55079018700,55079018700,-87.92991431934564,42.995583237143,-87.92991431934564,42.995583237143,2020-07-17,94,3095.0
55079018700,55079180200,-87.92991431934564,42.995583237143,-87.85506992096182,42.95465467367753,2020-07-17,1,32.0
55079018700,55079170100,-87.92991431934564,42.995583237143,-87.84892368656588,42.919583500675934,2020-07-17,1,32.0
55079018700,55079100300,-87.92991431934564,42.995583237143,-88.00316709835943,43.017354422985534,2020-07-17,2,65.0
55079018700,55079021800,-87.92991431934564,42.995583237143,-87.95694377227925,42.94079756603018,2020-07-17,1,32.0
55079018700,55079186900,-87.92991431934564,42.995583237143,-87.88804149673794,43.05226526687869,2020-07-17,1,32.0
55079018700,55079185200,-87.92991431934564,42.995583237143,-87.88193798921913,42.967674094622936,2020-07-17,1,32.0
55079018700,55079004900,-87.92991431934564,42.995583237143,-87.97231517837423,43.077061406485264,2020-07-17,1,32.0
55079018700,55079001000,-87.92991431934564,42.995583237143,-87.95348314468296,43.12464896388482,2020-07-17,1,32.0
55079018700,55079017000,-87.92991431934564,42.995583237143,-87.9475259715867,43.01041841584858,2020-07-17,1,32.0
55079018700,55079017200,-87.92991431934564,42.995583237143,-87.95621680562614,43.002904101727246,2020-07-17,2,65.0
55079018700,55079013000,-87.92991431934564,42.995583237143,-87.9876687698922,43.02770173765977,2020-07-17,1,32.0
55079018700,55079006900,-87.92991431934564,42.995583237143,-87.91078185483303,43.07979537793229,2020-07-17,1,32.0
55079018700,55079013500,-87.92991431934564,42.995583237143,-87.9526122313311,43.040147622140005,2020-07-17,1,32.0
55079018700,55079008700,-87.92991431934564,42.995583237143,-87.93997122125838,43.06781436915486,2020-07-17,1,32.0
55079019100,55079020000,-87.96549351619066,42.982165146288615,-87.95273620994368,42.98405311376188,2020-07-17,5,146.0
55079019100,55079004300,-87.96549351619066,42.982165146288615,-87.93220867621264,43.094799127568905,2020-07-17,1,29.0
55079019100,55079060200,-87.96549351619066,42.982165146288615,-87.9245165328896,43.11556508690733,2020-07-17,1,29.0
55079019100,55079015700,-87.96549351619066,42.982165146288615,-87.92777138656925,43.021663598322064,2020-07-17,1,29.0
55079019100,55079016200,-87.96549351619066,42.982165146288615,-87.94745090497267,43.01660575920564,2020-07-17,1,29.0
55079019100,55079019000,-87.96549351619066,42.982165146288615,-87.967877289968,42.995496154489715,2020-07-17,5,146.0
55079019100,55079100700,-87.96549351619066,42.982165146288615,-88.03788629567484,43.0213025080197,2020-07-17,2,58.0
55079019100,55079110100,-87.96549351619066,42.982165146288615,-87.9710022364233,43.012448953036525,2020-07-17,8,234.0
55079019100,55079101000,-87.96549351619066,42.982165146288615,-88.05764456171738,42.99173938525954,2020-07-17,1,29.0
55079019100,55079160100,-87.96549351619066,42.982165146288615,-87.91471599062149,42.91513941042769,2020-07-17,3,88.0
55079019100,55079012400,-87.96549351619066,42.982165146288615,-87.97680856828566,43.04580144948212,2020-07-17,2,58.0
55079019100,55079021700,-87.96549351619066,42.982165146288615,-87.91312462574102,42.94052513723052,2020-07-17,2,58.0
55079019100,55079019100,-87.96549351619066,42.982165146288615,-87.96549351619066,42.982165146288615,2020-07-17,101,2963.0
55079019100,55079019200,-87.96549351619066,42.982165146288615,-87.9858350139744,42.99282711086924,2020-07-17,1,29.0
55079019100,55079090100,-87.96549351619066,42.982165146288615,-88.04837730790923,43.0973204568905,2020-07-17,1,29.0
55079019100,55079120400,-87.96549351619066,42.982165146288615,-87.96548496050795,42.96670427425607,2020-07-17,2,58.0
55079019100,55079120203,-87.96549351619066,42.982165146288615,-88.00776394431053,42.95694649923871,2020-07-17,6,176.0
55079019100,55079187300,-87.96549351619066,42.982165146288615,-87.9656302556773,42.887159701718595,2020-07-17,1,29.0
55079019100,55079019400,-87.96549351619066,42.982165146288615,-88.02755647500341,42.984577749923744,2020-07-17,1,29.0
55079019100,55079004800,-87.96549351619066,42.982165146288615,-87.96231596301399,43.077035360461494,2020-07-17,2,58.0
55079019100,55079090600,-87.96549351619066,42.982165146288615,-88.05435154566402,43.03795832032663,2020-07-17,2,58.0
55079019100,55079187400,-87.96549351619066,42.982165146288615,-87.90767949876499,43.03217517915639,2020-07-17,1,29.0
55079019100,55079150304,-87.96549351619066,42.982165146288615,-88.02760163837803,42.91519132559998,2020-07-17,1,29.0
55079019100,55079180500,-87.96549351619066,42.982165146288615,-87.87471526249948,42.93725893299447,2020-07-17,1,29.0
55079019100,55079005400,-87.96549351619066,42.982165146288615,-88.02259608100492,43.0824437803151,2020-07-17,1,29.0
55079019100,55079160204,-87.96549351619066,42.982165146288615,-87.9317944903397,42.879700165258704,2020-07-17,1,29.0
55079019100,55079186800,-87.96549351619066,42.982165146288615,-87.9506670108877,43.02815858561159,2020-07-17,1,29.0
55079019100,55079187200,-87.96549351619066,42.982165146288615,-88.00769048889484,42.863813659193866,2020-07-17,3,88.0
55079019100,55079006000,-87.96549351619066,42.982165146288615,-87.97554005335066,43.067947929210746,2020-07-17,1,29.0
55079019100,55079160203,-87.96549351619066,42.982165146288615,-87.91638950191752,42.89402789790319,2020-07-17,1,29.0
55079019100,55079091200,-87.96549351619066,42.982165146288615,-88.00388284004167,43.0467075980639,2020-07-17,1,29.0
55079019100,55079020100,-87.96549351619066,42.982165146288615,-87.94099671150566,42.988482506396224,2020-07-17,3,88.0
55079019100,55079101100,-87.96549351619066,42.982165146288615,-88.04276904850849,42.99420752845147,2020-07-17,1,29.0
55079019100,55079140202,-87.96549351619066,42.982165146288615,-87.981557716435,42.93443757238657,2020-07-17,1,29.0
55079019100,55079186500,-87.96549351619066,42.982165146288615,-87.9130303085029,43.02319729476483,2020-07-17,1,29.0
55079019100,55079001600,-87.96549351619066,42.982165146288615,-88.01599665750028,43.11588641903863,2020-07-17,1,29.0
55079019100,55079120101,-87.96549351619066,42.982165146288615,-88.04814010007517,42.95916305909443,2020-07-17,1,29.0
55079019100,55079035100,-87.96549351619066,42.982165146288615,-87.89285549776399,43.15380150659221,2020-07-17,1,29.0
55079019100,55079014400,-87.96549351619066,42.982165146288615,-87.90784049253895,43.042413401572134,2020-07-17,1,29.0
55079019100,55079018000,-87.96549351619066,42.982165146288615,-87.8945288084346,43.01098558683315,2020-07-17,1,29.0
55079019100,55079070200,-87.96549351619066,42.982165146288615,-87.8919112738197,43.1133970416122,2020-07-17,1,29.0
55079019100,55079150100,-87.96549351619066,42.982165146288615,-87.97759713310646,42.91424119290261,2020-07-17,2,58.0
55079019100,55079003400,-87.96549351619066,42.982165146288615,-88.02444287795417,43.0934576342605,2020-07-17,1,29.0
55079019100,55079005800,-87.96549351619066,42.982165146288615,-87.99994620357029,43.072303413103626,2020-07-17,1,29.0
55079019100,55079016100,-87.96549351619066,42.982165146288615,-87.95946595975387,43.016089910899275,2020-07-17,2,58.0
55079019100,55079021300,-87.96549351619066,42.982165146288615,-87.93877469638159,42.970224160413096,2020-07-17,1,29.0
55079019100,55079130100,-87.96549351619066,42.982165146288615,-88.04407902007586,42.942752065148895,2020-07-17,1,29.0
55079019100,55079019600,-87.96549351619066,42.982165146288615,-88.00769668957767,42.984657216409644,2020-07-17,1,29.0
55079019100,55079150301,-87.96549351619066,42.982165146288615,-88.05345903025625,42.89781994777656,2020-07-17,1,29.0
55079019100,55079180300,-87.96549351619066,42.982165146288615,-87.87005593266791,42.951885652862586,2020-07-17,1,29.0
55079019100,55079020700,-87.96549351619066,42.982165146288615,-87.89282968229121,42.980391637955094,2020-07-17,1,29.0
55079019100,55079016300,-87.96549351619066,42.982165146288615,-87.93764055272034,43.01572710315665,2020-07-17,2,58.0
55079019100,55079020400,-87.96549351619066,42.982165146288615,-87.9300852632457,42.98834002972675,2020-07-17,1,29.0
55079019100,55079100200,-87.96549351619066,42.982165146288615,-87.99137992566246,43.01460892403096,2020-07-17,1,29.0
55079019100,55079017500,-87.96549351619066,42.982165146288615,-87.92965116916102,43.00287441605045,2020-07-17,1,29.0
55079019100,55079020300,-87.96549351619066,42.982165146288615,-87.92658964497383,42.979242665655576,2020-07-17,2,58.0
55079019100,55079016700,-87.96549351619066,42.982165146288615,-87.92209519609614,43.010301162214034,2020-07-17,1,29.0
55079019100,55079017400,-87.96549351619066,42.982165146288615,-87.9382983850757,43.00476614107047,2020-07-17,1,29.0
55079019100,55079186600,-87.96549351619066,42.982165146288615,-87.91355022125023,43.001384465822476,2020-07-17,1,29.0
55079019100,55079120202,-87.96549351619066,42.982165146288615,-87.99868084532402,42.965848843600455,2020-07-17,1,29.0
55079019100,55079012300,-87.96549351619066,42.982165146288615,-87.96196748080853,43.043599093031496,2020-07-17,1,29.0
55079019100,55079000201,-87.96549351619066,42.982165146288615,-88.0472441211064,43.1799495757708,2020-07-17,1,29.0
55079019100,55079018500,-87.96549351619066,42.982165146288615,-87.91439743752404,42.98441904059949,2020-07-17,1,29.0
55079019100,55079021500,-87.96549351619066,42.982165146288615,-87.94398245259515,42.952098604888974,2020-07-17,1,29.0
55079019100,55079019800,-87.96549351619066,42.982165146288615,-87.98973307517815,42.982078809345225,2020-07-17,3,88.0
55079019100,55079001900,-87.96549351619066,42.982165146288615,-87.98367415791445,43.115686316787006,2020-07-17,1,29.0
55079019100,55079018700,-87.96549351619066,42.982165146288615,-87.92991431934564,42.995583237143,2020-07-17,2,58.0
55079019100,55079186400,-87.96549351619066,42.982165146288615,-87.93038892981184,43.03695266796131,2020-07-17,1,29.0
55079019100,55079009600,-87.96549351619066,42.982165146288615,-87.96486502955395,43.05277336645368,2020-07-17,2,58.0
55079019100,55079019300,-87.96549351619066,42.982165146288615,-87.99612754588766,42.99498021323571,2020-07-17,1,29.0
55079019100,55079170100,-87.96549351619066,42.982165146288615,-87.84892368656588,42.919583500675934,2020-07-17,1,29.0
55079019100,55079013400,-87.96549351619066,42.982165146288615,-87.95356038604784,43.03496530197635,2020-07-17,1,29.0
55079019100,55079170600,-87.96549351619066,42.982165146288615,-87.86320935056827,42.907724102777856,2020-07-17,1,29.0
55079019100,55079004900,-87.96549351619066,42.982165146288615,-87.97231517837423,43.077061406485264,2020-07-17,1,29.0
55079019100,55079120300,-87.96549351619066,42.982165146288615,-87.97376432533524,42.98091406493879,2020-07-17,2,58.0
55079019100,55079008600,-87.96549351619066,42.982165146288615,-87.93517868399437,43.06762170689756,2020-07-17,1,29.0
55079019100,55079017200,-87.96549351619066,42.982165146288615,-87.95621680562614,43.002904101727246,2020-07-17,3,88.0
55079020500,55079020000,-87.92272370744391,42.988321496925906,-87.95273620994368,42.98405311376188,2020-07-17,6,160.0
55079020500,55079060200,-87.92272370744391,42.988321496925906,-87.9245165328896,43.11556508690733,2020-07-17,1,26.0
55079020500,55079015700,-87.92272370744391,42.988321496925906,-87.92777138656925,43.021663598322064,2020-07-17,1,26.0
55079020500,55079000101,-87.92272370744391,42.988321496925906,-88.00922083481396,43.18510784936368,2020-07-17,1,26.0
55079020500,55079000102,-87.92272370744391,42.988321496925906,-88.01167859828367,43.164645145767146,2020-07-17,2,53.0
55079020500,55079000202,-87.92272370744391,42.988321496925906,-88.04132965001602,43.160382512849615,2020-07-17,1,26.0
55079020500,55079110100,-87.92272370744391,42.988321496925906,-87.9710022364233,43.012448953036525,2020-07-17,1,26.0
55079020500,55079021200,-87.92272370744391,42.988321496925906,-87.92101040508955,42.965284697357816,2020-07-17,2,53.0
55079020500,55079018100,-87.92272370744391,42.988321496925906,-87.88469234682039,42.998709042311724,2020-07-17,1,26.0
55079020500,55079160100,-87.92272370744391,42.988321496925906,-87.91471599062149,42.91513941042769,2020-07-17,3,80.0
55079020500,55079186300,-87.92272370744391,42.988321496925906,-87.91799927397663,43.040616743150025,2020-07-17,1,26.0
55079020500,55079012400,-87.92272370744391,42.988321496925906,-87.97680856828566,43.04580144948212,2020-07-17,1,26.0
55079020500,55079019100,-87.92272370744391,42.988321496925906,-87.96549351619066,42.982165146288615,2020-07-17,1,26.0
55079020500,55079019200,-87.92272370744391,42.988321496925906,-87.9858350139744,42.99282711086924,2020-07-17,1,26.0
55079020500,55079090200,-87.92272370744391,42.988321496925906,-88.05200796218348,43.081902180003375,2020-07-17,1,26.0
55079020500,55079120400,-87.92272370744391,42.988321496925906,-87.96548496050795,42.96670427425607,2020-07-17,2,53.0
55079020500,55079018400,-87.92272370744391,42.988321496925906,-87.90417459790928,42.9917062933768,2020-07-17,2,53.0
55079020500,55079017300,-87.92272370744391,42.988321496925906,-87.94877202549131,43.0036525046766,2020-07-17,1,26.0
55079020500,55079001200,-87.92272370744391,42.988321496925906,-87.98620080987179,43.12617611256525,2020-07-17,1,26.0
55079020500,55079021400,-87.92272370744391,42.988321496925906,-87.93891709359613,42.96295890378409,2020-07-17,1,26.0
55079020500,55079060101,-87.92272370744391,42.988321496925906,-87.92535691568614,43.13950788268824,2020-07-17,1,26.0
55079020500,55079021000,-87.92272370744391,42.988321496925906,-87.89993467732904,42.962739149255064,2020-07-17,3,80.0
55079020500,55079186800,-87.92272370744391,42.988321496925906,-87.9506670108877,43.02815858561159,2020-07-17,2,53.0
55079020500,55079187200,-87.92272370744391,42.988321496925906,-88.00769048889484,42.863813659193866,2020-07-17,6,160.0
55079020500,55079100500,-87.92272370744391,42.988321496925906,-88.02674691869541,43.01326660162138,2020-07-17,1,26.0
55079020500,55079020100,-87.92272370744391,42.988321496925906,-87.94099671150566,42.988482506396224,2020-07-17,6,160.0
55079020500,55079180100,-87.92272370744391,42.988321496925906,-87.84722355247969,42.95102171952154,2020-07-17,1,26.0
55079020500,55079186500,-87.92272370744391,42.988321496925906,-87.9130303085029,43.02319729476483,2020-07-17,1,26.0
55079020500,55079016800,-87.92272370744391,42.988321496925906,-87.92935001478907,43.01036042537408,2020-07-17,1,26.0
55079020500,55079040100,-87.92272370744391,42.988321496925906,-87.93527423095499,43.17163768621121,2020-07-17,1,26.0
55079020500,55079014400,-87.92272370744391,42.988321496925906,-87.90784049253895,43.042413401572134,2020-07-17,1,26.0
55079020500,55079150100,-87.92272370744391,42.988321496925906,-87.97759713310646,42.91424119290261,2020-07-17,6,160.0
55079020500,55079021600,-87.92272370744391,42.988321496925906,-87.92488475274558,42.952251222261935,2020-07-17,4,107.0
55079020500,55079021300,-87.92272370744391,42.988321496925906,-87.93877469638159,42.970224160413096,2020-07-17,1,26.0
55079020500,55079016600,-87.92272370744391,42.988321496925906,-87.9139279223807,43.010028166006215,2020-07-17,1,26.0
55079020500,55079002900,-87.92272370744391,42.988321496925906,-87.98131890013833,43.108341188298006,2020-07-17,1,26.0
55079020500,55079120102,-87.92272370744391,42.988321496925906,-88.04966546230908,42.97409794368699,2020-07-17,1,26.0
55079020500,55079019600,-87.92272370744391,42.988321496925906,-88.00769668957767,42.984657216409644,2020-07-17,1,26.0
55079020500,55079101800,-87.92272370744391,42.988321496925906,-88.00969812606968,42.99373426381014,2020-07-17,1,26.0
55079020500,55079180300,-87.92272370744391,42.988321496925906,-87.87005593266791,42.951885652862586,2020-07-17,1,26.0
55079020500,55079020700,-87.92272370744391,42.988321496925906,-87.89282968229121,42.980391637955094,2020-07-17,2,53.0
55079020500,55079185100,-87.92272370744391,42.988321496925906,-87.86132764015301,42.9760744263621,2020-07-17,1,26.0
55079020500,55079007100,-87.92272370744391,42.988321496925906,-87.90149576859913,43.07383574480911,2020-07-17,1,26.0
55079020500,55079016300,-87.92272370744391,42.988321496925906,-87.93764055272034,43.01572710315665,2020-07-17,1,26.0
55079020500,55079000700,-87.92272370744391,42.988321496925906,-87.99009583376943,43.15588909293765,2020-07-17,2,53.0
55079020500,55079020400,-87.92272370744391,42.988321496925906,-87.9300852632457,42.98834002972675,2020-07-17,10,267.0
55079020500,55079017500,-87.92272370744391,42.988321496925906,-87.92965116916102,43.00287441605045,2020-07-17,1,26.0
55079020500,55079020300,-87.92272370744391,42.988321496925906,-87.92658964497383,42.979242665655576,2020-07-17,2,53.0
55079020500,55079016700,-87.92272370744391,42.988321496925906,-87.92209519609614,43.010301162214034,2020-07-17,4,107.0
55079020500,55079004200,-87.92272370744391,42.988321496925906,-87.94544782159862,43.09516547779425,2020-07-17,1,26.0
55079020500,55079186600,-87.92272370744391,42.988321496925906,-87.91355022125023,43.001384465822476,2020-07-17,1,26.0
55079020500,55079002000,-87.92272370744391,42.988321496925906,-87.96815137233186,43.115621500302275,2020-07-17,1,26.0
55079020500,55079004700,-87.92272370744391,42.988321496925906,-87.94760565609727,43.08576787197636,2020-07-17,1,26.0
55079020500,55079018500,-87.92272370744391,42.988321496925906,-87.91439743752404,42.98441904059949,2020-07-17,7,187.0
55079020500,55079020500,-87.92272370744391,42.988321496925906,-87.92272370744391,42.988321496925906,2020-07-17,113,3023.0
55079020500,55079021500,-87.92272370744391,42.988321496925906,-87.94398245259515,42.952098604888974,2020-07-17,1,26.0
55079020500,55079020200,-87.92272370744391,42.988321496925906,-87.94112496275925,42.977527635995024,2020-07-17,2,53.0
55079020500,55079018600,-87.92272370744391,42.988321496925906,-87.92255649026754,42.995575414800356,2020-07-17,1,26.0
55079020500,55079150303,-87.92272370744391,42.988321496925906,-88.02312771344377,42.88960646488504,2020-07-17,1,26.0
55079020500,55079019800,-87.92272370744391,42.988321496925906,-87.98973307517815,42.982078809345225,2020-07-17,1,26.0
55079020500,55079016400,-87.92272370744391,42.988321496925906,-87.92777599229481,43.01665943799343,2020-07-17,2,53.0
55079020500,55079001900,-87.92272370744391,42.988321496925906,-87.98367415791445,43.115686316787006,2020-07-17,1,26.0
55079020500,55079018300,-87.92272370744391,42.988321496925906,-87.89285805580873,42.991354183119796,2020-07-17,3,80.0
55079020500,55079001100,-87.92272370744391,42.988321496925906,-87.96901390366762,43.127689901740844,2020-07-17,1,26.0
55079020500,55079016500,-87.92272370744391,42.988321496925906,-87.91153110922029,43.01579142211555,2020-07-17,1,26.0
55079020500,55079017600,-87.92272370744391,42.988321496925906,-87.92236059293215,43.00280872383964,2020-07-17,2,53.0
55079020500,55079018700,-87.92272370744391,42.988321496925906,-87.92991431934564,42.995583237143,2020-07-17,1,26.0
55079020500,55079014300,-87.92272370744391,42.988321496925906,-87.90101539256612,43.042731429373134,2020-07-17,1,26.0
55079020500,55079020600,-87.92272370744391,42.988321496925906,-87.90444286867323,42.9810337820488,2020-07-17,2,53.0
55079020500,55079170100,-87.92272370744391,42.988321496925906,-87.84892368656588,42.919583500675934,2020-07-17,1,26.0
55079020500,55079170600,-87.92272370744391,42.988321496925906,-87.86320935056827,42.907724102777856,2020-07-17,1,26.0
55079020500,55079016900,-87.92272370744391,42.988321496925906,-87.93770785693083,43.00951913559766,2020-07-17,1,26.0
55079020500,55079017000,-87.92272370744391,42.988321496925906,-87.9475259715867,43.01041841584858,2020-07-17,1,26.0
55079020500,55079015900,-87.92272370744391,42.988321496925906,-87.9473669417017,43.02159668337006,2020-07-17,1,26.0
55079020500,55079013500,-87.92272370744391,42.988321496925906,-87.9526122313311,43.040147622140005,2020-07-17,1,26.0
55079021100,55079020000,-87.91444199314573,42.970152010378044,-87.95273620994368,42.98405311376188,2020-07-17,1,17.0
55079021100,55079060200,-87.91444199314573,42.970152010378044,-87.9245165328896,43.11556508690733,2020-07-17,2,35.0
55079021100,55079012800,-87.91444199314573,42.970152010378044,-88.03145321223326,43.03059221584991,2020-07-17,1,17.0
55079021100,55079019000,-87.91444199314573,42.970152010378044,-87.967877289968,42.995496154489715,2020-07-17,2,35.0
55079021100,55079100100,-87.91444199314573,42.970152010378044,-87.98598444052216,43.01659648927991,2020-07-17,1,17.0
55079021100,55079000101,-87.91444199314573,42.970152010378044,-88.00922083481396,43.18510784936368,2020-07-17,1,17.0
55079021100,55079011400,-87.91444199314573,42.970152010378044,-87.9106574898586,43.05269479350376,2020-07-17,1,17.0
55079021100,55079110100,-87.91444199314573,42.970152010378044,-87.9710022364233,43.012448953036525,2020-07-17,3,52.0
55079021100,55079101000,-87.91444199314573,42.970152010378044,-88.05764456171738,42.99173938525954,2020-07-17,1,17.0
55079021100,55079021200,-87.91444199314573,42.970152010378044,-87.92101040508955,42.965284697357816,2020-07-17,5,87.0
55079021100,55079160100,-87.91444199314573,42.970152010378044,-87.91471599062149,42.91513941042769,2020-07-17,2,35.0
55079021100,55079090300,-87.91444199314573,42.970152010378044,-88.0515779905257,43.06739040507833,2020-07-17,1,17.0
55079021100,55079186300,-87.91444199314573,42.970152010378044,-87.91799927397663,43.040616743150025,2020-07-17,1,17.0
55079021100,55079021700,-87.91444199314573,42.970152010378044,-87.91312462574102,42.94052513723052,2020-07-17,6,105.0
55079021100,55079120501,-87.91444199314573,42.970152010378044,-87.96680035551529,42.94072396992586,2020-07-17,1,17.0
55079021100,55079019100,-87.91444199314573,42.970152010378044,-87.96549351619066,42.982165146288615,2020-07-17,1,17.0
55079021100,55079018400,-87.91444199314573,42.970152010378044,-87.90417459790928,42.9917062933768,2020-07-17,1,17.0
55079021100,55079021400,-87.91444199314573,42.970152010378044,-87.93891709359613,42.96295890378409,2020-07-17,1,17.0
55079021100,55079090600,-87.91444199314573,42.970152010378044,-88.05435154566402,43.03795832032663,2020-07-17,1,17.0
55079021100,55079185300,-87.91444199314573,42.970152010378044,-88.04265402690729,43.049880154873065,2020-07-17,2,35.0
55079021100,55079120502,-87.91444199314573,42.970152010378044,-87.96510992081555,42.95304728304586,2020-07-17,1,17.0
55079021100,55079180500,-87.91444199314573,42.970152010378044,-87.87471526249948,42.93725893299447,2020-07-17,2,35.0
55079021100,55079021000,-87.91444199314573,42.970152010378044,-87.89993467732904,42.962739149255064,2020-07-17,1,17.0
55079021100,55079186800,-87.91444199314573,42.970152010378044,-87.9506670108877,43.02815858561159,2020-07-17,1,17.0
55079021100,55079160203,-87.91444199314573,42.970152010378044,-87.91638950191752,42.89402789790319,2020-07-17,4,70.0
55079021100,55079170200,-87.91444199314573,42.970152010378044,-87.87263683893734,42.92275381108851,2020-07-17,2,35.0
55079021100,55079020100,-87.91444199314573,42.970152010378044,-87.94099671150566,42.988482506396224,2020-07-17,1,17.0
55079021100,55079180400,-87.91444199314573,42.970152010378044,-87.85633588550823,42.93709205888796,2020-07-17,1,17.0
55079021100,55079100900,-87.91444199314573,42.970152010378044,-88.05216898532913,43.00959788353506,2020-07-17,1,17.0
55079021100,55079017900,-87.91444199314573,42.970152010378044,-87.90503327479618,42.998772533253295,2020-07-17,1,17.0
55079021100,55079016800,-87.91444199314573,42.970152010378044,-87.92935001478907,43.01036042537408,2020-07-17,1,17.0
55079021100,55079120101,-87.91444199314573,42.970152010378044,-88.04814010007517,42.95916305909443,2020-07-17,1,17.0
55079021100,55079091100,-87.91444199314573,42.970152010378044,-88.00381885772617,43.05493775558714,2020-07-17,1,17.0
55079021100,55079014400,-87.91444199314573,42.970152010378044,-87.90784049253895,43.042413401572134,2020-07-17,1,17.0
55079021100,55079170700,-87.91444199314573,42.970152010378044,-87.84797376219025,42.90256149755693,2020-07-17,1,17.0
55079021100,55079150100,-87.91444199314573,42.970152010378044,-87.97759713310646,42.91424119290261,2020-07-17,1,17.0
55079021100,55079021600,-87.91444199314573,42.970152010378044,-87.92488475274558,42.952251222261935,2020-07-17,3,52.0
55079021100,55079130100,-87.91444199314573,42.970152010378044,-88.04407902007586,42.942752065148895,2020-07-17,1,17.0
55079021100,55079150301,-87.91444199314573,42.970152010378044,-88.05345903025625,42.89781994777656,2020-07-17,2,35.0
55079021100,55079020700,-87.91444199314573,42.970152010378044,-87.89282968229121,42.980391637955094,2020-07-17,3,52.0
55079021100,55079100200,-87.91444199314573,42.970152010378044,-87.99137992566246,43.01460892403096,2020-07-17,1,17.0
55079021100,55079012600,-87.91444199314573,42.970152010378044,-87.99443577770006,43.034032251200934,2020-07-17,1,17.0
55079021100,55079007600,-87.91444199314573,42.970152010378044,-87.87859580944733,43.06399812725538,2020-07-17,1,17.0
55079021100,55079020900,-87.91444199314573,42.970152010378044,-87.90186271433869,42.97013349358029,2020-07-17,1,17.0
55079021100,55079018500,-87.91444199314573,42.970152010378044,-87.91439743752404,42.98441904059949,2020-07-17,6,105.0
55079021100,55079021500,-87.91444199314573,42.970152010378044,-87.94398245259515,42.952098604888974,2020-07-17,1,17.0
55079021100,55079020200,-87.91444199314573,42.970152010378044,-87.94112496275925,42.977527635995024,2020-07-17,1,17.0
55079021100,55079002600,-87.91444199314573,42.970152010378044,-87.96192834607115,43.10067420371696,2020-07-17,1,17.0
55079021100,55079010600,-87.91444199314573,42.970152010378044,-87.90749884397533,43.060136167504425,2020-07-17,1,17.0
55079021100,55079018300,-87.91444199314573,42.970152010378044,-87.89285805580873,42.991354183119796,2020-07-17,2,35.0
55079021100,55079170100,-87.91444199314573,42.970152010378044,-87.84892368656588,42.919583500675934,2020-07-17,1,17.0
55079021100,55079021800,-87.91444199314573,42.970152010378044,-87.95694377227925,42.94079756603018,2020-07-17,1,17.0
55079021100,55079185200,-87.91444199314573,42.970152010378044,-87.88193798921913,42.967674094622936,2020-07-17,7,123.0
55079021100,55079060102,-87.91444199314573,42.970152010378044,-87.93974960524739,43.148654535590595,2020-07-17,1,17.0
55079021100,55079021100,-87.91444199314573,42.970152010378044,-87.91444199314573,42.970152010378044,2020-07-17,55,967.0
55079021100,55079015900,-87.91444199314573,42.970152010378044,-87.9473669417017,43.02159668337006,2020-07-17,1,17.0
55079021200,55079020000,-87.92101040508955,42.965284697357816,-87.95273620994368,42.98405311376188,2020-07-17,3,58.0
55079021200,55079060200,-87.92101040508955,42.965284697357816,-87.9245165328896,43.11556508690733,2020-07-17,3,58.0
55079021200,55079019000,-87.92101040508955,42.965284697357816,-87.967877289968,42.995496154489715,2020-07-17,1,19.0
55079021200,55079110100,-87.92101040508955,42.965284697357816,-87.9710022364233,43.012448953036525,2020-07-17,2,39.0
55079021200,55079021200,-87.92101040508955,42.965284697357816,-87.92101040508955,42.965284697357816,2020-07-17,99,1946.0
55079021200,55079160100,-87.92101040508955,42.965284697357816,-87.91471599062149,42.91513941042769,2020-07-17,4,78.0
55079021200,55079186300,-87.92101040508955,42.965284697357816,-87.91799927397663,43.040616743150025,2020-07-17,1,19.0
55079021200,55079021700,-87.92101040508955,42.965284697357816,-87.91312462574102,42.94052513723052,2020-07-17,5,98.0
55079021200,55079120501,-87.92101040508955,42.965284697357816,-87.96680035551529,42.94072396992586,2020-07-17,1,19.0
55079021200,55079090100,-87.92101040508955,42.965284697357816,-88.04837730790923,43.0973204568905,2020-07-17,1,19.0
55079021200,55079120203,-87.92101040508955,42.965284697357816,-88.00776394431053,42.95694649923871,2020-07-17,2,39.0
55079021200,55079160300,-87.92101040508955,42.965284697357816,-87.8893867076047,42.856940087232964,2020-07-17,4,78.0
55079021200,55079021400,-87.92101040508955,42.965284697357816,-87.93891709359613,42.96295890378409,2020-07-17,2,39.0
55079021200,55079060101,-87.92101040508955,42.965284697357816,-87.92535691568614,43.13950788268824,2020-07-17,1,19.0
55079021200,55079185300,-87.92101040508955,42.965284697357816,-88.04265402690729,43.049880154873065,2020-07-17,2,39.0
55079021200,55079120502,-87.92101040508955,42.965284697357816,-87.96510992081555,42.95304728304586,2020-07-17,1,19.0
55079021200,55079187400,-87.92101040508955,42.965284697357816,-87.90767949876499,43.03217517915639,2020-07-17,1,19.0
55079021200,55079130200,-87.92101040508955,42.965284697357816,-88.05891051157585,42.93732261654573,2020-07-17,1,19.0
55079021200,55079021000,-87.92101040508955,42.965284697357816,-87.89993467732904,42.962739149255064,2020-07-17,2,39.0
55079021200,55079160204,-87.92101040508955,42.965284697357816,-87.9317944903397,42.879700165258704,2020-07-17,1,19.0
55079021200,55079187200,-87.92101040508955,42.965284697357816,-88.00769048889484,42.863813659193866,2020-07-17,2,39.0
55079021200,55079160203,-87.92101040508955,42.965284697357816,-87.91638950191752,42.89402789790319,2020-07-17,3,58.0
55079021200,55079170200,-87.92101040508955,42.965284697357816,-87.87263683893734,42.92275381108851,2020-07-17,1,19.0
55079021200,55079100600,-87.92101040508955,42.965284697357816,-88.02237498004419,43.02035162464835,2020-07-17,1,19.0
55079021200,55079018900,-87.92101040508955,42.965284697357816,-87.95323213052187,42.995654122863776,2020-07-17,2,39.0
55079021200,55079020100,-87.92101040508955,42.965284697357816,-87.94099671150566,42.988482506396224,2020-07-17,1,19.0
55079021200,55079160202,-87.92101040508955,42.965284697357816,-87.87217546542965,42.881379330302295,2020-07-17,2,39.0
55079021200,55079100900,-87.92101040508955,42.965284697357816,-88.05216898532913,43.00959788353506,2020-07-17,1,19.0
55079021200,55079140201,-87.92101040508955,42.965284697357816,-87.99911426080601,42.93902100763907,2020-07-17,4,78.0
55079021200,55079014400,-87.92101040508955,42.965284697357816,-87.90784049253895,43.042413401572134,2020-07-17,4,78.0
55079021200,55079100400,-87.92101040508955,42.965284697357816,-88.01166560297426,43.0170103539625,2020-07-17,1,19.0
55079021200,55079150100,-87.92101040508955,42.965284697357816,-87.97759713310646,42.91424119290261,2020-07-17,1,19.0
55079021200,55079021600,-87.92101040508955,42.965284697357816,-87.92488475274558,42.952251222261935,2020-07-17,12,235.0
55079021200,55079021300,-87.92101040508955,42.965284697357816,-87.93877469638159,42.970224160413096,2020-07-17,1,19.0
55079021200,55079016600,-87.92101040508955,42.965284697357816,-87.9139279223807,43.010028166006215,2020-07-17,1,19.0
55079021200,55079130100,-87.92101040508955,42.965284697357816,-88.04407902007586,42.942752065148895,2020-07-17,1,19.0
55079021200,55079180300,-87.92101040508955,42.965284697357816,-87.87005593266791,42.951885652862586,2020-07-17,2,39.0
55079021200,55079020700,-87.92101040508955,42.965284697357816,-87.89282968229121,42.980391637955094,2020-07-17,1,19.0
55079021200,55079185100,-87.92101040508955,42.965284697357816,-87.86132764015301,42.9760744263621,2020-07-17,1,19.0
55079021200,55079016300,-87.92101040508955,42.965284697357816,-87.93764055272034,43.01572710315665,2020-07-17,2,39.0
55079021200,55079101700,-87.92101040508955,42.965284697357816,-88.00697190300957,43.00173437379505,2020-07-17,1,19.0
55079021200,55079020400,-87.92101040508955,42.965284697357816,-87.9300852632457,42.98834002972675,2020-07-17,1,19.0
55079021200,55079012600,-87.92101040508955,42.965284697357816,-87.99443577770006,43.034032251200934,2020-07-17,1,19.0
55079021200,55079007600,-87.92101040508955,42.965284697357816,-87.87859580944733,43.06399812725538,2020-07-17,1,19.0
55079021200,55079020300,-87.92101040508955,42.965284697357816,-87.92658964497383,42.979242665655576,2020-07-17,1,19.0
55079021200,55079020900,-87.92101040508955,42.965284697357816,-87.90186271433869,42.97013349358029,2020-07-17,2,39.0
55079021200,55079186600,-87.92101040508955,42.965284697357816,-87.91355022125023,43.001384465822476,2020-07-17,1,19.0
55079021200,55079120202,-87.92101040508955,42.965284697357816,-87.99868084532402,42.965848843600455,2020-07-17,1,19.0
55079021200,55079014900,-87.92101040508955,42.965284697357816,-87.94481830610269,43.03704436935605,2020-07-17,1,19.0
55079021200,55079000201,-87.92101040508955,42.965284697357816,-88.0472441211064,43.1799495757708,2020-07-17,1,19.0
55079021200,55079018500,-87.92101040508955,42.965284697357816,-87.91439743752404,42.98441904059949,2020-07-17,6,117.0
55079021200,55079021500,-87.92101040508955,42.965284697357816,-87.94398245259515,42.952098604888974,2020-07-17,6,117.0
55079021200,55079020200,-87.92101040508955,42.965284697357816,-87.94112496275925,42.977527635995024,2020-07-17,1,19.0
55079021200,55079012700,-87.92101040508955,42.965284697357816,-88.0122777504643,43.029662330242175,2020-07-17,1,19.0
55079021200,55079019700,-87.92101040508955,42.965284697357816,-88.00741820523533,42.97570820507905,2020-07-17,1,19.0
55079021200,55079009100,-87.92101040508955,42.965284697357816,-87.96852806703085,43.060675408064526,2020-07-17,1,19.0
55079021200,55079018300,-87.92101040508955,42.965284697357816,-87.89285805580873,42.991354183119796,2020-07-17,1,19.0
55079021200,55079016500,-87.92101040508955,42.965284697357816,-87.91153110922029,43.01579142211555,2020-07-17,1,19.0
55079021200,55079017600,-87.92101040508955,42.965284697357816,-87.92236059293215,43.00280872383964,2020-07-17,1,19.0
55079021200,55079180200,-87.92101040508955,42.965284697357816,-87.85506992096182,42.95465467367753,2020-07-17,2,39.0
55079021200,55079186400,-87.92101040508955,42.965284697357816,-87.93038892981184,43.03695266796131,2020-07-17,2,39.0
55079021200,55079020600,-87.92101040508955,42.965284697357816,-87.90444286867323,42.9810337820488,2020-07-17,1,19.0
55079021200,55079008900,-87.92101040508955,42.965284697357816,-87.95337828163817,43.06706338271535,2020-07-17,1,19.0
55079021200,55079185200,-87.92101040508955,42.965284697357816,-87.88193798921913,42.967674094622936,2020-07-17,7,137.0
55079021200,55079021100,-87.92101040508955,42.965284697357816,-87.91444199314573,42.970152010378044,2020-07-17,3,58.0
55079021300,55079020000,-87.93877469638159,42.970224160413096,-87.95273620994368,42.98405311376188,2020-07-17,6,140.0
55079021300,55079100100,-87.93877469638159,42.970224160413096,-87.98598444052216,43.01659648927991,2020-07-17,2,46.0
55079021300,55079160100,-87.93877469638159,42.970224160413096,-87.91471599062149,42.91513941042769,2020-07-17,2,46.0
55079021300,55079101600,-87.93877469638159,42.970224160413096,-87.98881839806968,43.003113634057684,2020-07-17,1,23.0
55079021300,55079021700,-87.93877469638159,42.970224160413096,-87.91312462574102,42.94052513723052,2020-07-17,2,46.0
55079021300,55079019100,-87.93877469638159,42.970224160413096,-87.96549351619066,42.982165146288615,2020-07-17,1,23.0
55079021300,55079019200,-87.93877469638159,42.970224160413096,-87.9858350139744,42.99282711086924,2020-07-17,2,46.0
55079021300,55079120400,-87.93877469638159,42.970224160413096,-87.96548496050795,42.96670427425607,2020-07-17,3,70.0
55079021300,55079120203,-87.93877469638159,42.970224160413096,-88.00776394431053,42.95694649923871,2020-07-17,3,70.0
55079021300,55079021400,-87.93877469638159,42.970224160413096,-87.93891709359613,42.96295890378409,2020-07-17,1,23.0
55079021300,55079120502,-87.93877469638159,42.970224160413096,-87.96510992081555,42.95304728304586,2020-07-17,3,70.0
55079021300,55079160204,-87.93877469638159,42.970224160413096,-87.9317944903397,42.879700165258704,2020-07-17,1,23.0
55079021300,55079186800,-87.93877469638159,42.970224160413096,-87.9506670108877,43.02815858561159,2020-07-17,1,23.0
55079021300,55079160203,-87.93877469638159,42.970224160413096,-87.91638950191752,42.89402789790319,2020-07-17,2,46.0
55079021300,55079170200,-87.93877469638159,42.970224160413096,-87.87263683893734,42.92275381108851,2020-07-17,3,70.0
55079021300,55079020100,-87.93877469638159,42.970224160413096,-87.94099671150566,42.988482506396224,2020-07-17,4,93.0
55079021300,55079180400,-87.93877469638159,42.970224160413096,-87.85633588550823,42.93709205888796,2020-07-17,1,23.0
55079021300,55079100900,-87.93877469638159,42.970224160413096,-88.05216898532913,43.00959788353506,2020-07-17,1,23.0
55079021300,55079017900,-87.93877469638159,42.970224160413096,-87.90503327479618,42.998772533253295,2020-07-17,1,23.0
55079021300,55079120101,-87.93877469638159,42.970224160413096,-88.04814010007517,42.95916305909443,2020-07-17,1,23.0
55079021300,55079150100,-87.93877469638159,42.970224160413096,-87.97759713310646,42.91424119290261,2020-07-17,1,23.0
55079021300,55079021600,-87.93877469638159,42.970224160413096,-87.92488475274558,42.952251222261935,2020-07-17,3,70.0
55079021300,55079021300,-87.93877469638159,42.970224160413096,-87.93877469638159,42.970224160413096,2020-07-17,60,1403.0
55079021300,55079187000,-87.93877469638159,42.970224160413096,-87.88728455831759,43.05530607398437,2020-07-17,1,23.0
55079021300,55079019600,-87.93877469638159,42.970224160413096,-88.00769668957767,42.984657216409644,2020-07-17,1,23.0
55079021300,55079009400,-87.93877469638159,42.970224160413096,-87.98309572088205,43.053347935581954,2020-07-17,1,23.0
55079021300,55079016300,-87.93877469638159,42.970224160413096,-87.93764055272034,43.01572710315665,2020-07-17,1,23.0
55079021300,55079020400,-87.93877469638159,42.970224160413096,-87.9300852632457,42.98834002972675,2020-07-17,1,23.0
55079021300,55079020300,-87.93877469638159,42.970224160413096,-87.92658964497383,42.979242665655576,2020-07-17,2,46.0
55079021300,55079016700,-87.93877469638159,42.970224160413096,-87.92209519609614,43.010301162214034,2020-07-17,1,23.0
55079021300,55079186600,-87.93877469638159,42.970224160413096,-87.91355022125023,43.001384465822476,2020-07-17,1,23.0
55079021300,55079120202,-87.93877469638159,42.970224160413096,-87.99868084532402,42.965848843600455,2020-07-17,1,23.0
55079021300,55079020500,-87.93877469638159,42.970224160413096,-87.92272370744391,42.988321496925906,2020-07-17,1,23.0
55079021300,55079021500,-87.93877469638159,42.970224160413096,-87.94398245259515,42.952098604888974,2020-07-17,2,46.0
55079021300,55079020200,-87.93877469638159,42.970224160413096,-87.94112496275925,42.977527635995024,2020-07-17,4,93.0
55079021300,55079018300,-87.93877469638159,42.970224160413096,-87.89285805580873,42.991354183119796,2020-07-17,1,23.0
55079021300,55079001100,-87.93877469638159,42.970224160413096,-87.96901390366762,43.127689901740844,2020-07-17,1,23.0
55079021300,55079018700,-87.93877469638159,42.970224160413096,-87.92991431934564,42.995583237143,2020-07-17,2,46.0
55079021300,55079180200,-87.93877469638159,42.970224160413096,-87.85506992096182,42.95465467367753,2020-07-17,1,23.0
55079021300,55079019300,-87.93877469638159,42.970224160413096,-87.99612754588766,42.99498021323571,2020-07-17,2,46.0
55079021300,55079090700,-87.93877469638159,42.970224160413096,-88.02545440842808,43.059193901469925,2020-07-17,1,23.0
55079021300,55079170100,-87.93877469638159,42.970224160413096,-87.84892368656588,42.919583500675934,2020-07-17,1,23.0
55079021300,55079017200,-87.93877469638159,42.970224160413096,-87.95621680562614,43.002904101727246,2020-07-17,1,23.0
55079021300,55079021100,-87.93877469638159,42.970224160413096,-87.91444199314573,42.970152010378044,2020-07-17,2,46.0
55079050102,55079020000,-87.96743569232115,43.172443064752215,-87.95273620994368,42.98405311376188,2020-07-17,2,42.0
55079050102,55079002100,-87.96743569232115,43.172443064752215,-87.95315716160212,43.115529640428136,2020-07-17,5,106.0
55079050102,55079002400,-87.96743569232115,43.172443064752215,-87.95188617843814,43.106404380820805,2020-07-17,2,42.0
55079050102,55079004300,-87.96743569232115,43.172443064752215,-87.93220867621264,43.094799127568905,2020-07-17,5,106.0
55079050102,55079060200,-87.96743569232115,43.172443064752215,-87.9245165328896,43.11556508690733,2020-07-17,11,234.0
55079050102,55079004400,-87.96743569232115,43.172443064752215,-87.90608569163814,43.089298213737145,2020-07-17,1,21.0
55079050102,55079012800,-87.96743569232115,43.172443064752215,-88.03145321223326,43.03059221584991,2020-07-17,1,21.0
55079050102,55079015700,-87.96743569232115,43.172443064752215,-87.92777138656925,43.021663598322064,2020-07-17,1,21.0
55079050102,55079019000,-87.96743569232115,43.172443064752215,-87.967877289968,42.995496154489715,2020-07-17,1,21.0
55079050102,55079000101,-87.96743569232115,43.172443064752215,-88.00922083481396,43.18510784936368,2020-07-17,14,298.0
55079050102,55079000102,-87.96743569232115,43.172443064752215,-88.01167859828367,43.164645145767146,2020-07-17,3,63.0
55079050102,55079000202,-87.96743569232115,43.172443064752215,-88.04132965001602,43.160382512849615,2020-07-17,6,127.0
55079050102,55079002300,-87.96743569232115,43.172443064752215,-87.93621856893152,43.105985427841645,2020-07-17,2,42.0
55079050102,55079011200,-87.96743569232115,43.172443064752215,-87.89756439120579,43.055476240018415,2020-07-17,1,21.0
55079050102,55079110100,-87.96743569232115,43.172443064752215,-87.9710022364233,43.012448953036525,2020-07-17,2,42.0
55079050102,55079160100,-87.96743569232115,43.172443064752215,-87.91471599062149,42.91513941042769,2020-07-17,1,21.0
55079050102,55079000600,-87.96743569232115,43.172443064752215,-88.00190569680801,43.14010292722225,2020-07-17,11,234.0
55079050102,55079050101,-87.96743569232115,43.172443064752215,-87.98494662348081,43.17683059907653,2020-07-17,23,489.0
55079050102,55079090300,-87.96743569232115,43.172443064752215,-88.0515779905257,43.06739040507833,2020-07-17,3,63.0
55079050102,55079186300,-87.96743569232115,43.172443064752215,-87.91799927397663,43.040616743150025,2020-07-17,2,42.0
55079050102,55079021700,-87.96743569232115,43.172443064752215,-87.91312462574102,42.94052513723052,2020-07-17,1,21.0
55079050102,55079090200,-87.96743569232115,43.172443064752215,-88.05200796218348,43.081902180003375,2020-07-17,2,42.0
55079050102,55079090900,-87.96743569232115,43.172443064752215,-88.00270912368009,43.06124682618238,2020-07-17,1,21.0
55079050102,55079000501,-87.96743569232115,43.172443064752215,-88.04340002069712,43.115390222488664,2020-07-17,2,42.0
55079050102,55079001200,-87.96743569232115,43.172443064752215,-87.98620080987179,43.12617611256525,2020-07-17,1,21.0
55079050102,55079002700,-87.96743569232115,43.172443064752215,-87.97176690626681,43.100825271475365,2020-07-17,1,21.0
55079050102,55079003500,-87.96743569232115,43.172443064752215,-87.99830093777771,43.09359369867719,2020-07-17,2,42.0
55079050102,55079003200,-87.96743569232115,43.172443064752215,-88.00111189801154,43.10115852758208,2020-07-17,1,21.0
55079050102,55079005300,-87.96743569232115,43.172443064752215,-88.01242727702714,43.07892288175221,2020-07-17,1,21.0
55079050102,55079060101,-87.96743569232115,43.172443064752215,-87.92535691568614,43.13950788268824,2020-07-17,5,106.0
55079050102,55079185300,-87.96743569232115,43.172443064752215,-88.04265402690729,43.049880154873065,2020-07-17,3,63.0
55079050102,55079187400,-87.96743569232115,43.172443064752215,-87.90767949876499,43.03217517915639,2020-07-17,3,63.0
55079050102,55079000800,-87.96743569232115,43.172443064752215,-87.97372753660457,43.14064967469203,2020-07-17,3,63.0
55079050102,55079000400,-87.96743569232115,43.172443064752215,-88.05554472050937,43.110954423820296,2020-07-17,2,42.0
55079050102,55079000502,-87.96743569232115,43.172443064752215,-88.03128731150349,43.12480634966938,2020-07-17,1,21.0
55079050102,55079006200,-87.96743569232115,43.172443064752215,-87.96097127315564,43.067902782244275,2020-07-17,1,21.0
55079050102,55079160204,-87.96743569232115,43.172443064752215,-87.9317944903397,42.879700165258704,2020-07-17,2,42.0
55079050102,55079006000,-87.96743569232115,43.172443064752215,-87.97554005335066,43.067947929210746,2020-07-17,3,63.0
55079050102,55079100500,-87.96743569232115,43.172443064752215,-88.02674691869541,43.01326660162138,2020-07-17,1,21.0
55079050102,55079160202,-87.96743569232115,43.172443064752215,-87.87217546542965,42.881379330302295,2020-07-17,2,42.0
55079050102,55079005000,-87.96743569232115,43.172443064752215,-87.98327608357046,43.07665137069942,2020-07-17,1,21.0
55079050102,55079001400,-87.96743569232115,43.172443064752215,-88.01656972395298,43.130900969315825,2020-07-17,2,42.0
55079050102,55079002800,-87.96743569232115,43.172443064752215,-87.97141961541004,43.10830621321033,2020-07-17,1,21.0
55079050102,55079014600,-87.96743569232115,43.172443064752215,-87.93032605572249,43.04237842637439,2020-07-17,2,42.0
55079050102,55079101100,-87.96743569232115,43.172443064752215,-88.04276904850849,42.99420752845147,2020-07-17,1,21.0
55079050102,55079013600,-87.96743569232115,43.172443064752215,-87.9527511611333,43.04369545920421,2020-07-17,1,21.0
55079050102,55079186500,-87.96743569232115,43.172443064752215,-87.9130303085029,43.02319729476483,2020-07-17,3,63.0
55079050102,55079003300,-87.96743569232115,43.172443064752215,-88.0173066794685,43.1010408446094,2020-07-17,1,21.0
55079050102,55079016800,-87.96743569232115,43.172443064752215,-87.92935001478907,43.01036042537408,2020-07-17,1,21.0
55079050102,55079120101,-87.96743569232115,43.172443064752215,-88.04814010007517,42.95916305909443,2020-07-17,1,21.0
55079050102,55079070100,-87.96743569232115,43.172443064752215,-87.9076583493148,43.12063010988105,2020-07-17,1,21.0
55079050102,55079030100,-87.96743569232115,43.172443064752215,-87.89837270942148,43.1819862198906,2020-07-17,1,21.0
55079050102,55079040100,-87.96743569232115,43.172443064752215,-87.93527423095499,43.17163768621121,2020-07-17,3,63.0
55079050102,55079003600,-87.96743569232115,43.172443064752215,-87.98321131530031,43.092736225323044,2020-07-17,2,42.0
55079050102,55079100400,-87.96743569232115,43.172443064752215,-88.01166560297426,43.0170103539625,2020-07-17,1,21.0
55079050102,55079070200,-87.96743569232115,43.172443064752215,-87.8919112738197,43.1133970416122,2020-07-17,1,21.0
55079050102,55079150100,-87.96743569232115,43.172443064752215,-87.97759713310646,42.91424119290261,2020-07-17,1,21.0
55079050102,55079021600,-87.96743569232115,43.172443064752215,-87.92488475274558,42.952251222261935,2020-07-17,2,42.0
55079050102,55079001800,-87.96743569232115,43.172443064752215,-87.99853790291819,43.115847306484916,2020-07-17,1,21.0
55079050102,55079003400,-87.96743569232115,43.172443064752215,-88.02444287795417,43.0934576342605,2020-07-17,4,85.0
55079050102,55079035200,-87.96743569232115,43.172443064752215,-87.9070718018067,43.16012040860922,2020-07-17,2,42.0
55079050102,55079016100,-87.96743569232115,43.172443064752215,-87.95946595975387,43.016089910899275,2020-07-17,4,85.0
55079050102,55079187000,-87.96743569232115,43.172443064752215,-87.88728455831759,43.05530607398437,2020-07-17,1,21.0
55079050102,55079002900,-87.96743569232115,43.172443064752215,-87.98131890013833,43.108341188298006,2020-07-17,1,21.0
55079050102,55079130100,-87.96743569232115,43.172443064752215,-88.04407902007586,42.942752065148895,2020-07-17,1,21.0
55079050102,55079019600,-87.96743569232115,43.172443064752215,-88.00769668957767,42.984657216409644,2020-07-17,1,21.0
55079050102,55079100800,-87.96743569232115,43.172443064752215,-88.05710943935104,43.023654444193184,2020-07-17,1,21.0
55079050102,55079050102,-87.96743569232115,43.172443064752215,-87.96743569232115,43.172443064752215,2020-07-17,263,5599.0
55079050102,55079180300,-87.96743569232115,43.172443064752215,-87.87005593266791,42.951885652862586,2020-07-17,1,21.0
55079050102,55079020700,-87.96743569232115,43.172443064752215,-87.89282968229121,42.980391637955094,2020-07-17,1,21.0
55079050102,55079006300,-87.96743569232115,43.172443064752215,-87.95229119818997,43.07635281761954,2020-07-17,2,42.0
55079050102,55079000700,-87.96743569232115,43.172443064752215,-87.99009583376943,43.15588909293765,2020-07-17,6,127.0
55079050102,55079100200,-87.96743569232115,43.172443064752215,-87.99137992566246,43.01460892403096,2020-07-17,1,21.0
55079050102,55079005700,-87.96743569232115,43.172443064752215,-88.01309831915184,43.07138814037072,2020-07-17,1,21.0
55079050102,55079003100,-87.96743569232115,43.172443064752215,-87.98607018194353,43.10091760946077,2020-07-17,2,42.0
55079050102,55079005200,-87.96743569232115,43.172443064752215,-88.0124256780363,43.086227920709504,2020-07-17,1,21.0
55079050102,55079005900,-87.96743569232115,43.172443064752215,-87.98523579862835,43.06821108392844,2020-07-17,1,21.0
55079050102,55079000900,-87.96743569232115,43.172443064752215,-87.95566887882444,43.14970170326806,2020-07-17,9,191.0
55079050102,55079001300,-87.96743569232115,43.172443064752215,-87.99843350448002,43.126783535933505,2020-07-17,1,21.0
55079050102,55079001700,-87.96743569232115,43.172443064752215,-88.01621221830194,43.10855887721336,2020-07-17,1,21.0
55079050102,55079004200,-87.96743569232115,43.172443064752215,-87.94544782159862,43.09516547779425,2020-07-17,1,21.0
55079050102,55079011000,-87.96743569232115,43.172443064752215,-87.89727240641399,43.050053518943756,2020-07-17,1,21.0
55079050102,55079001500,-87.96743569232115,43.172443064752215,-88.01520145334699,43.123754077777434,2020-07-17,2,42.0
55079050102,55079002000,-87.96743569232115,43.172443064752215,-87.96815137233186,43.115621500302275,2020-07-17,1,21.0
55079050102,55079003900,-87.96743569232115,43.172443064752215,-87.96215160813261,43.086172227530916,2020-07-17,2,42.0
55079050102,55079000201,-87.96743569232115,43.172443064752215,-88.0472441211064,43.1799495757708,2020-07-17,5,106.0
55079050102,55079004700,-87.96743569232115,43.172443064752215,-87.94760565609727,43.08576787197636,2020-07-17,2,42.0
55079050102,55079016000,-87.96743569232115,43.172443064752215,-87.95725941865898,43.02137414837421,2020-07-17,1,21.0
55079050102,55079150303,-87.96743569232115,43.172443064752215,-88.02312771344377,42.88960646488504,2020-07-17,1,21.0
55079050102,55079019800,-87.96743569232115,43.172443064752215,-87.98973307517815,42.982078809345225,2020-07-17,1,21.0
55079050102,55079010600,-87.96743569232115,43.172443064752215,-87.90749884397533,43.060136167504425,2020-07-17,1,21.0
55079050102,55079000304,-87.96743569232115,43.172443064752215,-88.02644618111368,43.14364069729464,2020-07-17,4,85.0
55079050102,55079001900,-87.96743569232115,43.172443064752215,-87.98367415791445,43.115686316787006,2020-07-17,1,21.0
55079050102,55079001100,-87.96743569232115,43.172443064752215,-87.96901390366762,43.127689901740844,2020-07-17,1,21.0
55079050102,55079016500,-87.96743569232115,43.172443064752215,-87.91153110922029,43.01579142211555,2020-07-17,1,21.0
55079050102,55079186400,-87.96743569232115,43.172443064752215,-87.93038892981184,43.03695266796131,2020-07-17,1,21.0
55079050102,55079101300,-87.96743569232115,43.172443064752215,-88.02770018483265,42.99907770295741,2020-07-17,1,21.0
55079050102,55079008900,-87.96743569232115,43.172443064752215,-87.95337828163817,43.06706338271535,2020-07-17,1,21.0
55079050102,55079101200,-87.96743569232115,43.172443064752215,-88.02772831407549,42.99180235090393,2020-07-17,1,21.0
55079050102,55079185600,-87.96743569232115,43.172443064752215,-87.91469071944607,43.06026722158336,2020-07-17,1,21.0
55079050102,55079005100,-87.96743569232115,43.172443064752215,-87.99757698420609,43.08261869423604,2020-07-17,1,21.0
55079050102,55079016900,-87.96743569232115,43.172443064752215,-87.93770785693083,43.00951913559766,2020-07-17,1,21.0
55079050102,55079017100,-87.96743569232115,43.172443064752215,-87.95808412992528,43.01056521552099,2020-07-17,1,21.0
55079050102,55079006100,-87.96743569232115,43.172443064752215,-87.96847508739953,43.06791249267312,2020-07-17,2,42.0
55079050102,55079001000,-87.96743569232115,43.172443064752215,-87.95348314468296,43.12464896388482,2020-07-17,1,21.0
55079050102,55079002200,-87.96743569232115,43.172443064752215,-87.9335870089048,43.11469059411332,2020-07-17,1,21.0
55079050102,55079003000,-87.96743569232115,43.172443064752215,-87.99619059962126,43.10851035065769,2020-07-17,1,21.0
55079050102,55079008800,-87.96743569232115,43.172443064752215,-87.94617084834631,43.06788862375971,2020-07-17,3,63.0
55079050102,55079008700,-87.96743569232115,43.172443064752215,-87.93997122125838,43.06781436915486,2020-07-17,1,21.0
55079100100,55079020000,-87.98598444052216,43.01659648927991,-87.95273620994368,42.98405311376188,2020-07-17,3,63.0
55079100100,55079004400,-87.98598444052216,43.01659648927991,-87.90608569163814,43.089298213737145,2020-07-17,1,21.0
55079100100,55079015700,-87.98598444052216,43.01659648927991,-87.92777138656925,43.021663598322064,2020-07-17,2,42.0
55079100100,55079100100,-87.98598444052216,43.01659648927991,-87.98598444052216,43.01659648927991,2020-07-17,160,3400.0
55079100100,55079100700,-87.98598444052216,43.01659648927991,-88.03788629567484,43.0213025080197,2020-07-17,1,21.0
55079100100,55079000102,-87.98598444052216,43.01659648927991,-88.01167859828367,43.164645145767146,2020-07-17,1,21.0
55079100100,55079000202,-87.98598444052216,43.01659648927991,-88.04132965001602,43.160382512849615,2020-07-17,1,21.0
55079100100,55079010800,-87.98598444052216,43.01659648927991,-87.88986181293924,43.05733829509928,2020-07-17,1,21.0
55079100100,55079110100,-87.98598444052216,43.01659648927991,-87.9710022364233,43.012448953036525,2020-07-17,20,425.0
55079100100,55079101000,-87.98598444052216,43.01659648927991,-88.05764456171738,42.99173938525954,2020-07-17,8,170.0
55079100100,55079021200,-87.98598444052216,43.01659648927991,-87.92101040508955,42.965284697357816,2020-07-17,1,21.0
55079100100,55079160100,-87.98598444052216,43.01659648927991,-87.91471599062149,42.91513941042769,2020-07-17,1,21.0
55079100100,55079090300,-87.98598444052216,43.01659648927991,-88.0515779905257,43.06739040507833,2020-07-17,4,85.0
55079100100,55079101600,-87.98598444052216,43.01659648927991,-87.98881839806968,43.003113634057684,2020-07-17,1,21.0
55079100100,55079021700,-87.98598444052216,43.01659648927991,-87.91312462574102,42.94052513723052,2020-07-17,1,21.0
55079100100,55079120501,-87.98598444052216,43.01659648927991,-87.96680035551529,42.94072396992586,2020-07-17,1,21.0
55079100100,55079120400,-87.98598444052216,43.01659648927991,-87.96548496050795,42.96670427425607,2020-07-17,4,85.0
55079100100,55079120203,-87.98598444052216,43.01659648927991,-88.00776394431053,42.95694649923871,2020-07-17,1,21.0
55079100100,55079170500,-87.98598444052216,43.01659648927991,-87.85764758199707,42.897602993060175,2020-07-17,1,21.0
55079100100,55079017300,-87.98598444052216,43.01659648927991,-87.94877202549131,43.0036525046766,2020-07-17,1,21.0
55079100100,55079019400,-87.98598444052216,43.01659648927991,-88.02755647500341,42.984577749923744,2020-07-17,3,63.0
55079100100,55079003500,-87.98598444052216,43.01659648927991,-87.99830093777771,43.09359369867719,2020-07-17,1,21.0
55079100100,55079021400,-87.98598444052216,43.01659648927991,-87.93891709359613,42.96295890378409,2020-07-17,1,21.0
55079100100,55079090600,-87.98598444052216,43.01659648927991,-88.05435154566402,43.03795832032663,2020-07-17,2,42.0
55079100100,55079185300,-87.98598444052216,43.01659648927991,-88.04265402690729,43.049880154873065,2020-07-17,1,21.0
55079100100,55079120502,-87.98598444052216,43.01659648927991,-87.96510992081555,42.95304728304586,2020-07-17,2,42.0
55079100100,55079187400,-87.98598444052216,43.01659648927991,-87.90767949876499,43.03217517915639,2020-07-17,2,42.0
55079100100,55079186800,-87.98598444052216,43.01659648927991,-87.9506670108877,43.02815858561159,2020-07-17,2,42.0
55079100100,55079091200,-87.98598444052216,43.01659648927991,-88.00388284004167,43.0467075980639,2020-07-17,2,42.0
55079100100,55079018900,-87.98598444052216,43.01659648927991,-87.95323213052187,42.995654122863776,2020-07-17,1,21.0
55079100100,55079180400,-87.98598444052216,43.01659648927991,-87.85633588550823,42.93709205888796,2020-07-17,1,21.0
55079100100,55079001400,-87.98598444052216,43.01659648927991,-88.01656972395298,43.130900969315825,2020-07-17,1,21.0
55079100100,55079100900,-87.98598444052216,43.01659648927991,-88.05216898532913,43.00959788353506,2020-07-17,4,85.0
55079100100,55079101100,-87.98598444052216,43.01659648927991,-88.04276904850849,42.99420752845147,2020-07-17,9,191.0
55079100100,55079140201,-87.98598444052216,43.01659648927991,-87.99911426080601,42.93902100763907,2020-07-17,1,21.0
55079100100,55079140202,-87.98598444052216,43.01659648927991,-87.981557716435,42.93443757238657,2020-07-17,1,21.0
55079100100,55079016800,-87.98598444052216,43.01659648927991,-87.92935001478907,43.01036042537408,2020-07-17,1,21.0
55079100100,55079120101,-87.98598444052216,43.01659648927991,-88.04814010007517,42.95916305909443,2020-07-17,4,85.0
55079100100,55079070100,-87.98598444052216,43.01659648927991,-87.9076583493148,43.12063010988105,2020-07-17,1,21.0
55079100100,55079101400,-87.98598444052216,43.01659648927991,-88.02735540531337,43.00631524274058,2020-07-17,1,21.0
55079100100,55079014400,-87.98598444052216,43.01659648927991,-87.90784049253895,43.042413401572134,2020-07-17,1,21.0
55079100100,55079100400,-87.98598444052216,43.01659648927991,-88.01166560297426,43.0170103539625,2020-07-17,3,63.0
55079100100,55079018000,-87.98598444052216,43.01659648927991,-87.8945288084346,43.01098558683315,2020-07-17,2,42.0
55079100100,55079150100,-87.98598444052216,43.01659648927991,-87.97759713310646,42.91424119290261,2020-07-17,1,21.0
55079100100,55079005500,-87.98598444052216,43.01659648927991,-88.03284541742188,43.08237006688624,2020-07-17,1,21.0
55079100100,55079005800,-87.98598444052216,43.01659648927991,-87.99994620357029,43.072303413103626,2020-07-17,2,42.0
55079100100,55079016100,-87.98598444052216,43.01659648927991,-87.95946595975387,43.016089910899275,2020-07-17,2,42.0
55079100100,55079187000,-87.98598444052216,43.01659648927991,-87.88728455831759,43.05530607398437,2020-07-17,1,21.0
55079100100,55079130100,-87.98598444052216,43.01659648927991,-88.04407902007586,42.942752065148895,2020-07-17,2,42.0
55079100100,55079101800,-87.98598444052216,43.01659648927991,-88.00969812606968,42.99373426381014,2020-07-17,2,42.0
55079100100,55079100800,-87.98598444052216,43.01659648927991,-88.05710943935104,43.023654444193184,2020-07-17,1,21.0
55079100100,55079120201,-87.98598444052216,43.01659648927991,-88.01868214174351,42.96737507435749,2020-07-17,3,63.0
55079100100,55079050102,-87.98598444052216,43.01659648927991,-87.96743569232115,43.172443064752215,2020-07-17,1,21.0
55079100100,55079180300,-87.98598444052216,43.01659648927991,-87.87005593266791,42.951885652862586,2020-07-17,1,21.0
55079100100,55079019500,-87.98598444052216,43.01659648927991,-88.02769031152603,42.97732706705707,2020-07-17,1,21.0
55079100100,55079016300,-87.98598444052216,43.01659648927991,-87.93764055272034,43.01572710315665,2020-07-17,1,21.0
55079100100,55079101500,-87.98598444052216,43.01659648927991,-88.00747595996755,43.007126720391405,2020-07-17,2,42.0
55079100100,55079101700,-87.98598444052216,43.01659648927991,-88.00697190300957,43.00173437379505,2020-07-17,4,85.0
55079100100,55079020400,-87.98598444052216,43.01659648927991,-87.9300852632457,42.98834002972675,2020-07-17,2,42.0
55079100100,55079100200,-87.98598444052216,43.01659648927991,-87.99137992566246,43.01460892403096,2020-07-17,17,361.0
55079100100,55079009800,-87.98598444052216,43.01659648927991,-87.95409571434068,43.059778012269526,2020-07-17,1,21.0
55079100100,55079017400,-87.98598444052216,43.01659648927991,-87.9382983850757,43.00476614107047,2020-07-17,1,21.0
55079100100,55079000201,-87.98598444052216,43.01659648927991,-88.0472441211064,43.1799495757708,2020-07-17,1,21.0
55079100100,55079018500,-87.98598444052216,43.01659648927991,-87.91439743752404,42.98441904059949,2020-07-17,1,21.0
55079100100,55079021500,-87.98598444052216,43.01659648927991,-87.94398245259515,42.952098604888974,2020-07-17,1,21.0
55079100100,55079020200,-87.98598444052216,43.01659648927991,-87.94112496275925,42.977527635995024,2020-07-17,4,85.0
55079100100,55079012700,-87.98598444052216,43.01659648927991,-88.0122777504643,43.029662330242175,2020-07-17,2,42.0
55079100100,55079019700,-87.98598444052216,43.01659648927991,-88.00741820523533,42.97570820507905,2020-07-17,1,21.0
55079100100,55079018300,-87.98598444052216,43.01659648927991,-87.89285805580873,42.991354183119796,2020-07-17,1,21.0
55079100100,55079016500,-87.98598444052216,43.01659648927991,-87.91153110922029,43.01579142211555,2020-07-17,1,21.0
55079100100,55079017600,-87.98598444052216,43.01659648927991,-87.92236059293215,43.00280872383964,2020-07-17,1,21.0
55079100100,55079018700,-87.98598444052216,43.01659648927991,-87.92991431934564,42.995583237143,2020-07-17,1,21.0
55079100100,55079019300,-87.98598444052216,43.01659648927991,-87.99612754588766,42.99498021323571,2020-07-17,1,21.0
55079100100,55079101300,-87.98598444052216,43.01659648927991,-88.02770018483265,42.99907770295741,2020-07-17,1,21.0
55079100100,55079170100,-87.98598444052216,43.01659648927991,-87.84892368656588,42.919583500675934,2020-07-17,1,21.0
55079100100,55079013400,-87.98598444052216,43.01659648927991,-87.95356038604784,43.03496530197635,2020-07-17,1,21.0
55079100100,55079100300,-87.98598444052216,43.01659648927991,-88.00316709835943,43.017354422985534,2020-07-17,4,85.0
55079100100,55079101200,-87.98598444052216,43.01659648927991,-88.02772831407549,42.99180235090393,2020-07-17,2,42.0
55079100100,55079186900,-87.98598444052216,43.01659648927991,-87.88804149673794,43.05226526687869,2020-07-17,1,21.0
55079100100,55079185600,-87.98598444052216,43.01659648927991,-87.91469071944607,43.06026722158336,2020-07-17,1,21.0
55079100100,55079170600,-87.98598444052216,43.01659648927991,-87.86320935056827,42.907724102777856,2020-07-17,1,21.0
55079100100,55079012900,-87.98598444052216,43.01659648927991,-87.99989477924994,43.028140622580246,2020-07-17,1,21.0
55079100100,55079012200,-87.98598444052216,43.01659648927991,-87.95271101560115,43.04866661559741,2020-07-17,1,21.0
55079100100,55079013300,-87.98598444052216,43.01659648927991,-87.96206431187025,43.03483590901066,2020-07-17,1,21.0
55079100100,55079001000,-87.98598444052216,43.01659648927991,-87.95348314468296,43.12464896388482,2020-07-17,1,21.0
55079100100,55079017000,-87.98598444052216,43.01659648927991,-87.9475259715867,43.01041841584858,2020-07-17,1,21.0
55079100100,55079017200,-87.98598444052216,43.01659648927991,-87.95621680562614,43.002904101727246,2020-07-17,1,21.0
55079100100,55079013000,-87.98598444052216,43.01659648927991,-87.9876687698922,43.02770173765977,2020-07-17,2,42.0
55079100300,55079020000,-88.00316709835943,43.017354422985534,-87.95273620994368,42.98405311376188,2020-07-17,1,21.0
55079100300,55079060200,-88.00316709835943,43.017354422985534,-87.9245165328896,43.11556508690733,2020-07-17,2,43.0
55079100300,55079012800,-88.00316709835943,43.017354422985534,-88.03145321223326,43.03059221584991,2020-07-17,4,87.0
55079100300,55079015700,-88.00316709835943,43.017354422985534,-87.92777138656925,43.021663598322064,2020-07-17,1,21.0
55079100300,55079100100,-88.00316709835943,43.017354422985534,-87.98598444052216,43.01659648927991,2020-07-17,2,43.0
55079100300,55079000102,-88.00316709835943,43.017354422985534,-88.01167859828367,43.164645145767146,2020-07-17,1,21.0
55079100300,55079000202,-88.00316709835943,43.017354422985534,-88.04132965001602,43.160382512849615,2020-07-17,1,21.0
55079100300,55079101000,-88.00316709835943,43.017354422985534,-88.05764456171738,42.99173938525954,2020-07-17,7,153.0
55079100300,55079021200,-88.00316709835943,43.017354422985534,-87.92101040508955,42.965284697357816,2020-07-17,1,21.0
55079100300,55079090300,-88.00316709835943,43.017354422985534,-88.0515779905257,43.06739040507833,2020-07-17,2,43.0
55079100300,55079186300,-88.00316709835943,43.017354422985534,-87.91799927397663,43.040616743150025,2020-07-17,1,21.0
55079100300,55079120203,-88.00316709835943,43.017354422985534,-88.00776394431053,42.95694649923871,2020-07-17,3,65.0
55079100300,55079017300,-88.00316709835943,43.017354422985534,-87.94877202549131,43.0036525046766,2020-07-17,1,21.0
55079100300,55079019400,-88.00316709835943,43.017354422985534,-88.02755647500341,42.984577749923744,2020-07-17,1,21.0
55079100300,55079000302,-88.00316709835943,43.017354422985534,-88.04649688617519,43.13922972061493,2020-07-17,1,21.0
55079100300,55079090600,-88.00316709835943,43.017354422985534,-88.05435154566402,43.03795832032663,2020-07-17,1,21.0
55079100300,55079185300,-88.00316709835943,43.017354422985534,-88.04265402690729,43.049880154873065,2020-07-17,1,21.0
55079100300,55079150304,-88.00316709835943,43.017354422985534,-88.02760163837803,42.91519132559998,2020-07-17,1,21.0
55079100300,55079021000,-88.00316709835943,43.017354422985534,-87.89993467732904,42.962739149255064,2020-07-17,1,21.0
55079100300,55079186800,-88.00316709835943,43.017354422985534,-87.9506670108877,43.02815858561159,2020-07-17,2,43.0
55079100300,55079100500,-88.00316709835943,43.017354422985534,-88.02674691869541,43.01326660162138,2020-07-17,1,21.0
55079100300,55079020100,-88.00316709835943,43.017354422985534,-87.94099671150566,42.988482506396224,2020-07-17,1,21.0
55079100300,55079100900,-88.00316709835943,43.017354422985534,-88.05216898532913,43.00959788353506,2020-07-17,6,131.0
55079100300,55079101100,-88.00316709835943,43.017354422985534,-88.04276904850849,42.99420752845147,2020-07-17,5,109.0
55079100300,55079140201,-88.00316709835943,43.017354422985534,-87.99911426080601,42.93902100763907,2020-07-17,1,21.0
55079100300,55079017900,-88.00316709835943,43.017354422985534,-87.90503327479618,42.998772533253295,2020-07-17,1,21.0
55079100300,55079180100,-88.00316709835943,43.017354422985534,-87.84722355247969,42.95102171952154,2020-07-17,1,21.0
55079100300,55079186500,-88.00316709835943,43.017354422985534,-87.9130303085029,43.02319729476483,2020-07-17,1,21.0
55079100300,55079016800,-88.00316709835943,43.017354422985534,-87.92935001478907,43.01036042537408,2020-07-17,1,21.0
55079100300,55079120101,-88.00316709835943,43.017354422985534,-88.04814010007517,42.95916305909443,2020-07-17,3,65.0
55079100300,55079101400,-88.00316709835943,43.017354422985534,-88.02735540531337,43.00631524274058,2020-07-17,4,87.0
55079100300,55079100400,-88.00316709835943,43.017354422985534,-88.01166560297426,43.0170103539625,2020-07-17,8,175.0
55079100300,55079021600,-88.00316709835943,43.017354422985534,-87.92488475274558,42.952251222261935,2020-07-17,2,43.0
55079100300,55079021300,-88.00316709835943,43.017354422985534,-87.93877469638159,42.970224160413096,2020-07-17,1,21.0
55079100300,55079130100,-88.00316709835943,43.017354422985534,-88.04407902007586,42.942752065148895,2020-07-17,1,21.0
55079100300,55079014100,-88.00316709835943,43.017354422985534,-87.92097269793881,43.04863570292668,2020-07-17,2,43.0
55079100300,55079101800,-88.00316709835943,43.017354422985534,-88.00969812606968,42.99373426381014,2020-07-17,2,43.0
55079100300,55079100800,-88.00316709835943,43.017354422985534,-88.05710943935104,43.023654444193184,2020-07-17,1,21.0
55079100300,55079015800,-88.00316709835943,43.017354422985534,-87.93761636287321,43.021659379009066,2020-07-17,1,21.0
55079100300,55079019500,-88.00316709835943,43.017354422985534,-88.02769031152603,42.97732706705707,2020-07-17,1,21.0
55079100300,55079019900,-88.00316709835943,43.017354422985534,-87.98235255712866,42.973172118392476,2020-07-17,1,21.0
55079100300,55079101500,-88.00316709835943,43.017354422985534,-88.00747595996755,43.007126720391405,2020-07-17,3,65.0
55079100300,55079101700,-88.00316709835943,43.017354422985534,-88.00697190300957,43.00173437379505,2020-07-17,2,43.0
55079100300,55079100200,-88.00316709835943,43.017354422985534,-87.99137992566246,43.01460892403096,2020-07-17,4,87.0
55079100300,55079017500,-88.00316709835943,43.017354422985534,-87.92965116916102,43.00287441605045,2020-07-17,1,21.0
55079100300,55079011000,-88.00316709835943,43.017354422985534,-87.89727240641399,43.050053518943756,2020-07-17,1,21.0
55079100300,55079001500,-88.00316709835943,43.017354422985534,-88.01520145334699,43.123754077777434,2020-07-17,2,43.0
55079100300,55079012700,-88.00316709835943,43.017354422985534,-88.0122777504643,43.029662330242175,2020-07-17,1,21.0
55079100300,55079150303,-88.00316709835943,43.017354422985534,-88.02312771344377,42.88960646488504,2020-07-17,1,21.0
55079100300,55079013700,-88.00316709835943,43.017354422985534,-87.94529508707278,43.04229912697773,2020-07-17,1,21.0
55079100300,55079001100,-88.00316709835943,43.017354422985534,-87.96901390366762,43.127689901740844,2020-07-17,1,21.0
55079100300,55079170100,-88.00316709835943,43.017354422985534,-87.84892368656588,42.919583500675934,2020-07-17,1,21.0
55079100300,55079186200,-88.00316709835943,43.017354422985534,-87.93244814260824,43.04856605375616,2020-07-17,1,21.0
55079100300,55079100300,-88.00316709835943,43.017354422985534,-88.00316709835943,43.017354422985534,2020-07-17,98,2147.0
55079100300,55079012900,-88.00316709835943,43.017354422985534,-87.99989477924994,43.028140622580246,2020-07-17,2,43.0
55079100300,55079009300,-88.00316709835943,43.017354422985534,-87.98314520393755,43.060746025032145,2020-07-17,1,21.0
55079100300,55079017000,-88.00316709835943,43.017354422985534,-87.9475259715867,43.01041841584858,2020-07-17,1,21.0
55079100300,55079003000,-88.00316709835943,43.017354422985534,-87.99619059962126,43.10851035065769,2020-07-17,1,21.0
55079100300,55079090800,-88.00316709835943,43.017354422985534,-88.01754834659646,43.063072316879136,2020-07-17,1,21.0
55079100900,55079020000,-88.05216898532913,43.00959788353506,-87.95273620994368,42.98405311376188,2020-07-17,1,16.0
55079100900,55079002100,-88.05216898532913,43.00959788353506,-87.95315716160212,43.115529640428136,2020-07-17,2,33.0
55079100900,55079060200,-88.05216898532913,43.00959788353506,-87.9245165328896,43.11556508690733,2020-07-17,2,33.0
55079100900,55079004400,-88.05216898532913,43.00959788353506,-87.90608569163814,43.089298213737145,2020-07-17,2,33.0
55079100900,55079015700,-88.05216898532913,43.00959788353506,-87.92777138656925,43.021663598322064,2020-07-17,1,16.0
55079100900,55079019000,-88.05216898532913,43.00959788353506,-87.967877289968,42.995496154489715,2020-07-17,1,16.0
55079100900,55079100100,-88.05216898532913,43.00959788353506,-87.98598444052216,43.01659648927991,2020-07-17,5,84.0
55079100900,55079100700,-88.05216898532913,43.00959788353506,-88.03788629567484,43.0213025080197,2020-07-17,4,67.0
55079100900,55079091300,-88.05216898532913,43.00959788353506,-88.0097444924032,43.037871666045895,2020-07-17,1,16.0
55079100900,55079000101,-88.05216898532913,43.00959788353506,-88.00922083481396,43.18510784936368,2020-07-17,1,16.0
55079100900,55079000102,-88.05216898532913,43.00959788353506,-88.01167859828367,43.164645145767146,2020-07-17,1,16.0
55079100900,55079000202,-88.05216898532913,43.00959788353506,-88.04132965001602,43.160382512849615,2020-07-17,1,16.0
55079100900,55079002300,-88.05216898532913,43.00959788353506,-87.93621856893152,43.105985427841645,2020-07-17,1,16.0
55079100900,55079110100,-88.05216898532913,43.00959788353506,-87.9710022364233,43.012448953036525,2020-07-17,3,50.0
55079100900,55079101000,-88.05216898532913,43.00959788353506,-88.05764456171738,42.99173938525954,2020-07-17,19,321.0
55079100900,55079018100,-88.05216898532913,43.00959788353506,-87.88469234682039,42.998709042311724,2020-07-17,1,16.0
55079100900,55079000600,-88.05216898532913,43.00959788353506,-88.00190569680801,43.14010292722225,2020-07-17,1,16.0
55079100900,55079050101,-88.05216898532913,43.00959788353506,-87.98494662348081,43.17683059907653,2020-07-17,2,33.0
55079100900,55079090300,-88.05216898532913,43.00959788353506,-88.0515779905257,43.06739040507833,2020-07-17,1,16.0
55079100900,55079186300,-88.05216898532913,43.00959788353506,-87.91799927397663,43.040616743150025,2020-07-17,2,33.0
55079100900,55079021700,-88.05216898532913,43.00959788353506,-87.91312462574102,42.94052513723052,2020-07-17,1,16.0
55079100900,55079120501,-88.05216898532913,43.00959788353506,-87.96680035551529,42.94072396992586,2020-07-17,1,16.0
55079100900,55079019200,-88.05216898532913,43.00959788353506,-87.9858350139744,42.99282711086924,2020-07-17,1,16.0
55079100900,55079090100,-88.05216898532913,43.00959788353506,-88.04837730790923,43.0973204568905,2020-07-17,2,33.0
55079100900,55079090200,-88.05216898532913,43.00959788353506,-88.05200796218348,43.081902180003375,2020-07-17,3,50.0
55079100900,55079120203,-88.05216898532913,43.00959788353506,-88.00776394431053,42.95694649923871,2020-07-17,7,118.0
55079100900,55079160300,-88.05216898532913,43.00959788353506,-87.8893867076047,42.856940087232964,2020-07-17,1,16.0
55079100900,55079017300,-88.05216898532913,43.00959788353506,-87.94877202549131,43.0036525046766,2020-07-17,1,16.0
55079100900,55079001200,-88.05216898532913,43.00959788353506,-87.98620080987179,43.12617611256525,2020-07-17,2,33.0
55079100900,55079002700,-88.05216898532913,43.00959788353506,-87.97176690626681,43.100825271475365,2020-07-17,1,16.0
55079100900,55079003500,-88.05216898532913,43.00959788353506,-87.99830093777771,43.09359369867719,2020-07-17,2,33.0
55079100900,55079185900,-88.05216898532913,43.00959788353506,-87.93229166080955,43.05383765471328,2020-07-17,1,16.0
55079100900,55079185500,-88.05216898532913,43.00959788353506,-87.92624880733425,43.0601763240656,2020-07-17,1,16.0
55079100900,55079090600,-88.05216898532913,43.00959788353506,-88.05435154566402,43.03795832032663,2020-07-17,5,84.0
55079100900,55079185300,-88.05216898532913,43.00959788353506,-88.04265402690729,43.049880154873065,2020-07-17,1,16.0
55079100900,55079120502,-88.05216898532913,43.00959788353506,-87.96510992081555,42.95304728304586,2020-07-17,1,16.0
55079100900,55079187400,-88.05216898532913,43.00959788353506,-87.90767949876499,43.03217517915639,2020-07-17,2,33.0
55079100900,55079150304,-88.05216898532913,43.00959788353506,-88.02760163837803,42.91519132559998,2020-07-17,1,16.0
55079100900,55079180500,-88.05216898532913,43.00959788353506,-87.87471526249948,42.93725893299447,2020-07-17,2,33.0
55079100900,55079130200,-88.05216898532913,43.00959788353506,-88.05891051157585,42.93732261654573,2020-07-17,2,33.0
55079100900,55079186800,-88.05216898532913,43.00959788353506,-87.9506670108877,43.02815858561159,2020-07-17,2,33.0
55079100900,55079187200,-88.05216898532913,43.00959788353506,-88.00769048889484,42.863813659193866,2020-07-17,1,16.0
55079100900,55079091200,-88.05216898532913,43.00959788353506,-88.00388284004167,43.0467075980639,2020-07-17,1,16.0
55079100900,55079100500,-88.05216898532913,43.00959788353506,-88.02674691869541,43.01326660162138,2020-07-17,2,33.0
55079100900,55079018900,-88.05216898532913,43.00959788353506,-87.95323213052187,42.995654122863776,2020-07-17,2,33.0
55079100900,55079160202,-88.05216898532913,43.00959788353506,-87.87217546542965,42.881379330302295,2020-07-17,3,50.0
55079100900,55079005000,-88.05216898532913,43.00959788353506,-87.98327608357046,43.07665137069942,2020-07-17,1,16.0
55079100900,55079001400,-88.05216898532913,43.00959788353506,-88.01656972395298,43.130900969315825,2020-07-17,1,16.0
55079100900,55079014600,-88.05216898532913,43.00959788353506,-87.93032605572249,43.04237842637439,2020-07-17,2,33.0
55079100900,55079100900,-88.05216898532913,43.00959788353506,-88.05216898532913,43.00959788353506,2020-07-17,196,3314.0
55079100900,55079101100,-88.05216898532913,43.00959788353506,-88.04276904850849,42.99420752845147,2020-07-17,14,236.0
55079100900,55079140202,-88.05216898532913,43.00959788353506,-87.981557716435,42.93443757238657,2020-07-17,3,50.0
55079100900,55079186500,-88.05216898532913,43.00959788353506,-87.9130303085029,43.02319729476483,2020-07-17,1,16.0
55079100900,55079120101,-88.05216898532913,43.00959788353506,-88.04814010007517,42.95916305909443,2020-07-17,4,67.0
55079100900,55079101400,-88.05216898532913,43.00959788353506,-88.02735540531337,43.00631524274058,2020-07-17,1,16.0
55079100900,55079008100,-88.05216898532913,43.00959788353506,-87.90743836658615,43.067471782486706,2020-07-17,1,16.0
55079100900,55079011300,-88.05216898532913,43.00959788353506,-87.90713298111844,43.04890661506502,2020-07-17,1,16.0
55079100900,55079100400,-88.05216898532913,43.00959788353506,-88.01166560297426,43.0170103539625,2020-07-17,6,101.0
55079100900,55079021600,-88.05216898532913,43.00959788353506,-87.92488475274558,42.952251222261935,2020-07-17,2,33.0
55079100900,55079016100,-88.05216898532913,43.00959788353506,-87.95946595975387,43.016089910899275,2020-07-17,1,16.0
55079100900,55079120102,-88.05216898532913,43.00959788353506,-88.04966546230908,42.97409794368699,2020-07-17,4,67.0
55079100900,55079130100,-88.05216898532913,43.00959788353506,-88.04407902007586,42.942752065148895,2020-07-17,3,50.0
55079100900,55079019600,-88.05216898532913,43.00959788353506,-88.00769668957767,42.984657216409644,2020-07-17,3,50.0
55079100900,55079101800,-88.05216898532913,43.00959788353506,-88.00969812606968,42.99373426381014,2020-07-17,1,16.0
55079100900,55079150301,-88.05216898532913,43.00959788353506,-88.05345903025625,42.89781994777656,2020-07-17,2,33.0
55079100900,55079100800,-88.05216898532913,43.00959788353506,-88.05710943935104,43.023654444193184,2020-07-17,7,118.0
55079100900,55079050102,-88.05216898532913,43.00959788353506,-87.96743569232115,43.172443064752215,2020-07-17,3,50.0
55079100900,55079015800,-88.05216898532913,43.00959788353506,-87.93761636287321,43.021659379009066,2020-07-17,2,33.0
55079100900,55079006300,-88.05216898532913,43.00959788353506,-87.95229119818997,43.07635281761954,2020-07-17,1,16.0
55079100900,55079101500,-88.05216898532913,43.00959788353506,-88.00747595996755,43.007126720391405,2020-07-17,2,33.0
55079100900,55079101700,-88.05216898532913,43.00959788353506,-88.00697190300957,43.00173437379505,2020-07-17,2,33.0
55079100900,55079100200,-88.05216898532913,43.00959788353506,-87.99137992566246,43.01460892403096,2020-07-17,6,101.0
55079100900,55079003100,-88.05216898532913,43.00959788353506,-87.98607018194353,43.10091760946077,2020-07-17,3,50.0
55079100900,55079012600,-88.05216898532913,43.00959788353506,-87.99443577770006,43.034032251200934,2020-07-17,2,33.0
55079100900,55079007200,-88.05216898532913,43.00959788353506,-87.89788270005259,43.07774402945858,2020-07-17,1,16.0
55079100900,55079000900,-88.05216898532913,43.00959788353506,-87.95566887882444,43.14970170326806,2020-07-17,1,16.0
55079100900,55079001700,-88.05216898532913,43.00959788353506,-88.01621221830194,43.10855887721336,2020-07-17,2,33.0
55079100900,55079020300,-88.05216898532913,43.00959788353506,-87.92658964497383,42.979242665655576,2020-07-17,1,16.0
55079100900,55079000201,-88.05216898532913,43.00959788353506,-88.0472441211064,43.1799495757708,2020-07-17,2,33.0
55079100900,55079004700,-88.05216898532913,43.00959788353506,-87.94760565609727,43.08576787197636,2020-07-17,1,16.0
55079100900,55079018500,-88.05216898532913,43.00959788353506,-87.91439743752404,42.98441904059949,2020-07-17,1,16.0
55079100900,55079020200,-88.05216898532913,43.00959788353506,-87.94112496275925,42.977527635995024,2020-07-17,1,16.0
55079100900,55079150303,-88.05216898532913,43.00959788353506,-88.02312771344377,42.88960646488504,2020-07-17,1,16.0
55079100900,55079019700,-88.05216898532913,43.00959788353506,-88.00741820523533,42.97570820507905,2020-07-17,1,16.0
55079100900,55079002600,-88.05216898532913,43.00959788353506,-87.96192834607115,43.10067420371696,2020-07-17,1,16.0
55079100900,55079000304,-88.05216898532913,43.00959788353506,-88.02644618111368,43.14364069729464,2020-07-17,2,33.0
55079100900,55079001100,-88.05216898532913,43.00959788353506,-87.96901390366762,43.127689901740844,2020-07-17,1,16.0
55079100900,55079180200,-88.05216898532913,43.00959788353506,-87.85506992096182,42.95465467367753,2020-07-17,2,33.0
55079100900,55079186400,-88.05216898532913,43.00959788353506,-87.93038892981184,43.03695266796131,2020-07-17,1,16.0
55079100900,55079090700,-88.05216898532913,43.00959788353506,-88.02545440842808,43.059193901469925,2020-07-17,1,16.0
55079100900,55079101300,-88.05216898532913,43.00959788353506,-88.02770018483265,42.99907770295741,2020-07-17,2,33.0
55079100900,55079004100,-88.05216898532913,43.00959788353506,-87.95681147526382,43.0940907627305,2020-07-17,1,16.0
55079100900,55079101200,-88.05216898532913,43.00959788353506,-88.02772831407549,42.99180235090393,2020-07-17,3,50.0
55079100900,55079005100,-88.05216898532913,43.00959788353506,-87.99757698420609,43.08261869423604,2020-07-17,1,16.0
55079100900,55079060102,-88.05216898532913,43.00959788353506,-87.93974960524739,43.148654535590595,2020-07-17,1,16.0
55079100900,55079004900,-88.05216898532913,43.00959788353506,-87.97231517837423,43.077061406485264,2020-07-17,1,16.0
55079100900,55079005600,-88.05216898532913,43.00959788353506,-88.02758035548169,43.071050112322006,2020-07-17,1,16.0
55079100900,55079016900,-88.05216898532913,43.00959788353506,-87.93770785693083,43.00951913559766,2020-07-17,1,16.0
55079100900,55079017100,-88.05216898532913,43.00959788353506,-87.95808412992528,43.01056521552099,2020-07-17,1,16.0
55079100900,55079001000,-88.05216898532913,43.00959788353506,-87.95348314468296,43.12464896388482,2020-07-17,1,16.0
55079100900,55079009300,-88.05216898532913,43.00959788353506,-87.98314520393755,43.060746025032145,2020-07-17,1,16.0
55079100900,55079008600,-88.05216898532913,43.00959788353506,-87.93517868399437,43.06762170689756,2020-07-17,1,16.0
55079100900,55079006900,-88.05216898532913,43.00959788353506,-87.91078185483303,43.07979537793229,2020-07-17,1,16.0
55079101400,55079020000,-88.02735540531337,43.00631524274058,-87.95273620994368,42.98405311376188,2020-07-17,3,60.0
55079101400,55079060200,-88.02735540531337,43.00631524274058,-87.9245165328896,43.11556508690733,2020-07-17,1,20.0
55079101400,55079012800,-88.02735540531337,43.00631524274058,-88.03145321223326,43.03059221584991,2020-07-17,3,60.0
55079101400,55079100100,-88.02735540531337,43.00631524274058,-87.98598444052216,43.01659648927991,2020-07-17,2,40.0
55079101400,55079100700,-88.02735540531337,43.00631524274058,-88.03788629567484,43.0213025080197,2020-07-17,7,140.0
55079101400,55079000101,-88.02735540531337,43.00631524274058,-88.00922083481396,43.18510784936368,2020-07-17,1,20.0
55079101400,55079110100,-88.02735540531337,43.00631524274058,-87.9710022364233,43.012448953036525,2020-07-17,3,60.0
55079101400,55079101000,-88.02735540531337,43.00631524274058,-88.05764456171738,42.99173938525954,2020-07-17,20,401.0
55079101400,55079018100,-88.02735540531337,43.00631524274058,-87.88469234682039,42.998709042311724,2020-07-17,1,20.0
55079101400,55079000600,-88.02735540531337,43.00631524274058,-88.00190569680801,43.14010292722225,2020-07-17,3,60.0
55079101400,55079090300,-88.02735540531337,43.00631524274058,-88.0515779905257,43.06739040507833,2020-07-17,2,40.0
55079101400,55079101600,-88.02735540531337,43.00631524274058,-87.98881839806968,43.003113634057684,2020-07-17,1,20.0
55079101400,55079021700,-88.02735540531337,43.00631524274058,-87.91312462574102,42.94052513723052,2020-07-17,2,40.0
55079101400,55079019100,-88.02735540531337,43.00631524274058,-87.96549351619066,42.982165146288615,2020-07-17,1,20.0
55079101400,55079019200,-88.02735540531337,43.00631524274058,-87.9858350139744,42.99282711086924,2020-07-17,1,20.0
55079101400,55079090200,-88.02735540531337,43.00631524274058,-88.05200796218348,43.081902180003375,2020-07-17,2,40.0
55079101400,55079120203,-88.02735540531337,43.00631524274058,-88.00776394431053,42.95694649923871,2020-07-17,6,120.0
55079101400,55079160300,-88.02735540531337,43.00631524274058,-87.8893867076047,42.856940087232964,2020-07-17,1,20.0
55079101400,55079017300,-88.02735540531337,43.00631524274058,-87.94877202549131,43.0036525046766,2020-07-17,1,20.0
55079101400,55079019400,-88.02735540531337,43.00631524274058,-88.02755647500341,42.984577749923744,2020-07-17,1,20.0
55079101400,55079000501,-88.02735540531337,43.00631524274058,-88.04340002069712,43.115390222488664,2020-07-17,1,20.0
55079101400,55079005300,-88.02735540531337,43.00631524274058,-88.01242727702714,43.07892288175221,2020-07-17,2,40.0
55079101400,55079090600,-88.02735540531337,43.00631524274058,-88.05435154566402,43.03795832032663,2020-07-17,3,60.0
55079101400,55079185300,-88.02735540531337,43.00631524274058,-88.04265402690729,43.049880154873065,2020-07-17,5,100.0
55079101400,55079187400,-88.02735540531337,43.00631524274058,-87.90767949876499,43.03217517915639,2020-07-17,3,60.0
55079101400,55079150304,-88.02735540531337,43.00631524274058,-88.02760163837803,42.91519132559998,2020-07-17,1,20.0
55079101400,55079180500,-88.02735540531337,43.00631524274058,-87.87471526249948,42.93725893299447,2020-07-17,1,20.0
55079101400,55079186800,-88.02735540531337,43.00631524274058,-87.9506670108877,43.02815858561159,2020-07-17,2,40.0
55079101400,55079006000,-88.02735540531337,43.00631524274058,-87.97554005335066,43.067947929210746,2020-07-17,3,60.0
55079101400,55079160203,-88.02735540531337,43.00631524274058,-87.91638950191752,42.89402789790319,2020-07-17,1,20.0
55079101400,55079091200,-88.02735540531337,43.00631524274058,-88.00388284004167,43.0467075980639,2020-07-17,5,100.0
55079101400,55079100500,-88.02735540531337,43.00631524274058,-88.02674691869541,43.01326660162138,2020-07-17,2,40.0
55079101400,55079100600,-88.02735540531337,43.00631524274058,-88.02237498004419,43.02035162464835,2020-07-17,1,20.0
55079101400,55079020100,-88.02735540531337,43.00631524274058,-87.94099671150566,42.988482506396224,2020-07-17,1,20.0
55079101400,55079100900,-88.02735540531337,43.00631524274058,-88.05216898532913,43.00959788353506,2020-07-17,14,280.0
55079101400,55079101100,-88.02735540531337,43.00631524274058,-88.04276904850849,42.99420752845147,2020-07-17,17,340.0
55079101400,55079140100,-88.02735540531337,43.00631524274058,-88.0188613886232,42.93745223479677,2020-07-17,1,20.0
55079101400,55079140201,-88.02735540531337,43.00631524274058,-87.99911426080601,42.93902100763907,2020-07-17,2,40.0
55079101400,55079140202,-88.02735540531337,43.00631524274058,-87.981557716435,42.93443757238657,2020-07-17,2,40.0
55079101400,55079091400,-88.02735540531337,43.00631524274058,-87.99383660813824,43.04031315098078,2020-07-17,1,20.0
55079101400,55079003300,-88.02735540531337,43.00631524274058,-88.0173066794685,43.1010408446094,2020-07-17,1,20.0
55079101400,55079120101,-88.02735540531337,43.00631524274058,-88.04814010007517,42.95916305909443,2020-07-17,7,140.0
55079101400,55079008500,-88.02735540531337,43.00631524274058,-87.9298714910033,43.06776123229879,2020-07-17,2,40.0
55079101400,55079091100,-88.02735540531337,43.00631524274058,-88.00381885772617,43.05493775558714,2020-07-17,1,20.0
55079101400,55079101400,-88.02735540531337,43.00631524274058,-88.02735540531337,43.00631524274058,2020-07-17,158,3168.0
55079101400,55079003600,-88.02735540531337,43.00631524274058,-87.98321131530031,43.092736225323044,2020-07-17,1,20.0
55079101400,55079100400,-88.02735540531337,43.00631524274058,-88.01166560297426,43.0170103539625,2020-07-17,7,140.0
55079101400,55079018000,-88.02735540531337,43.00631524274058,-87.8945288084346,43.01098558683315,2020-07-17,1,20.0
55079101400,55079150100,-88.02735540531337,43.00631524274058,-87.97759713310646,42.91424119290261,2020-07-17,5,100.0
55079101400,55079120102,-88.02735540531337,43.00631524274058,-88.04966546230908,42.97409794368699,2020-07-17,5,100.0
55079101400,55079101800,-88.02735540531337,43.00631524274058,-88.00969812606968,42.99373426381014,2020-07-17,1,20.0
55079101400,55079100800,-88.02735540531337,43.00631524274058,-88.05710943935104,43.023654444193184,2020-07-17,1,20.0
55079101400,55079120201,-88.02735540531337,43.00631524274058,-88.01868214174351,42.96737507435749,2020-07-17,2,40.0
55079101400,55079180300,-88.02735540531337,43.00631524274058,-87.87005593266791,42.951885652862586,2020-07-17,1,20.0
55079101400,55079019500,-88.02735540531337,43.00631524274058,-88.02769031152603,42.97732706705707,2020-07-17,1,20.0
55079101400,55079101500,-88.02735540531337,43.00631524274058,-88.00747595996755,43.007126720391405,2020-07-17,2,40.0
55079101400,55079101700,-88.02735540531337,43.00631524274058,-88.00697190300957,43.00173437379505,2020-07-17,2,40.0
55079101400,55079100200,-88.02735540531337,43.00631524274058,-87.99137992566246,43.01460892403096,2020-07-17,6,120.0
55079101400,55079020300,-88.02735540531337,43.00631524274058,-87.92658964497383,42.979242665655576,2020-07-17,1,20.0
55079101400,55079016700,-88.02735540531337,43.00631524274058,-87.92209519609614,43.010301162214034,2020-07-17,1,20.0
55079101400,55079186600,-88.02735540531337,43.00631524274058,-87.91355022125023,43.001384465822476,2020-07-17,2,40.0
55079101400,55079120202,-88.02735540531337,43.00631524274058,-87.99868084532402,42.965848843600455,2020-07-17,1,20.0
55079101400,55079011000,-88.02735540531337,43.00631524274058,-87.89727240641399,43.050053518943756,2020-07-17,1,20.0
55079101400,55079150303,-88.02735540531337,43.00631524274058,-88.02312771344377,42.88960646488504,2020-07-17,1,20.0
55079101400,55079019700,-88.02735540531337,43.00631524274058,-88.00741820523533,42.97570820507905,2020-07-17,1,20.0
55079101400,55079019800,-88.02735540531337,43.00631524274058,-87.98973307517815,42.982078809345225,2020-07-17,2,40.0
55079101400,55079017600,-88.02735540531337,43.00631524274058,-87.92236059293215,43.00280872383964,2020-07-17,1,20.0
55079101400,55079019300,-88.02735540531337,43.00631524274058,-87.99612754588766,42.99498021323571,2020-07-17,1,20.0
55079101400,55079101300,-88.02735540531337,43.00631524274058,-88.02770018483265,42.99907770295741,2020-07-17,5,100.0
55079101400,55079100300,-88.02735540531337,43.00631524274058,-88.00316709835943,43.017354422985534,2020-07-17,2,40.0
55079101400,55079101200,-88.02735540531337,43.00631524274058,-88.02772831407549,42.99180235090393,2020-07-17,3,60.0
55079101400,55079170300,-88.02735540531337,43.00631524274058,-87.87538996197884,42.9095536521384,2020-07-17,1,20.0
55079101400,55079016900,-88.02735540531337,43.00631524274058,-87.93770785693083,43.00951913559766,2020-07-17,1,20.0
55079101400,55079120300,-88.02735540531337,43.00631524274058,-87.97376432533524,42.98091406493879,2020-07-17,1,20.0
55079101400,55079017200,-88.02735540531337,43.00631524274058,-87.95621680562614,43.002904101727246,2020-07-17,1,20.0
55079101400,55079015900,-88.02735540531337,43.00631524274058,-87.9473669417017,43.02159668337006,2020-07-17,1,20.0
55079101700,55079020000,-88.00697190300957,43.00173437379505,-87.95273620994368,42.98405311376188,2020-07-17,1,18.0
55079101700,55079060200,-88.00697190300957,43.00173437379505,-87.9245165328896,43.11556508690733,2020-07-17,1,18.0
55079101700,55079019000,-88.00697190300957,43.00173437379505,-87.967877289968,42.995496154489715,2020-07-17,2,37.0
55079101700,55079100100,-88.00697190300957,43.00173437379505,-87.98598444052216,43.01659648927991,2020-07-17,2,37.0
55079101700,55079000102,-88.00697190300957,43.00173437379505,-88.01167859828367,43.164645145767146,2020-07-17,1,18.0
55079101700,55079110100,-88.00697190300957,43.00173437379505,-87.9710022364233,43.012448953036525,2020-07-17,6,113.0
55079101700,55079101000,-88.00697190300957,43.00173437379505,-88.05764456171738,42.99173938525954,2020-07-17,6,113.0
55079101700,55079000600,-88.00697190300957,43.00173437379505,-88.00190569680801,43.14010292722225,2020-07-17,1,18.0
55079101700,55079090300,-88.00697190300957,43.00173437379505,-88.0515779905257,43.06739040507833,2020-07-17,5,94.0
55079101700,55079101600,-88.00697190300957,43.00173437379505,-87.98881839806968,43.003113634057684,2020-07-17,4,75.0
55079101700,55079021700,-88.00697190300957,43.00173437379505,-87.91312462574102,42.94052513723052,2020-07-17,1,18.0
55079101700,55079090200,-88.00697190300957,43.00173437379505,-88.05200796218348,43.081902180003375,2020-07-17,2,37.0
55079101700,55079120203,-88.00697190300957,43.00173437379505,-88.00776394431053,42.95694649923871,2020-07-17,2,37.0
55079101700,55079160300,-88.00697190300957,43.00173437379505,-87.8893867076047,42.856940087232964,2020-07-17,1,18.0
55079101700,55079017300,-88.00697190300957,43.00173437379505,-87.94877202549131,43.0036525046766,2020-07-17,1,18.0
55079101700,55079019400,-88.00697190300957,43.00173437379505,-88.02755647500341,42.984577749923744,2020-07-17,1,18.0
55079101700,55079000501,-88.00697190300957,43.00173437379505,-88.04340002069712,43.115390222488664,2020-07-17,1,18.0
55079101700,55079090600,-88.00697190300957,43.00173437379505,-88.05435154566402,43.03795832032663,2020-07-17,2,37.0
55079101700,55079185300,-88.00697190300957,43.00173437379505,-88.04265402690729,43.049880154873065,2020-07-17,2,37.0
55079101700,55079120502,-88.00697190300957,43.00173437379505,-87.96510992081555,42.95304728304586,2020-07-17,1,18.0
55079101700,55079012500,-88.00697190300957,43.00173437379505,-87.97654888060033,43.037091021714275,2020-07-17,1,18.0
55079101700,55079000502,-88.00697190300957,43.00173437379505,-88.03128731150349,43.12480634966938,2020-07-17,1,18.0
55079101700,55079186800,-88.00697190300957,43.00173437379505,-87.9506670108877,43.02815858561159,2020-07-17,2,37.0
55079101700,55079187200,-88.00697190300957,43.00173437379505,-88.00769048889484,42.863813659193866,2020-07-17,3,56.0
55079101700,55079100500,-88.00697190300957,43.00173437379505,-88.02674691869541,43.01326660162138,2020-07-17,1,18.0
55079101700,55079020100,-88.00697190300957,43.00173437379505,-87.94099671150566,42.988482506396224,2020-07-17,3,56.0
55079101700,55079014600,-88.00697190300957,43.00173437379505,-87.93032605572249,43.04237842637439,2020-07-17,2,37.0
55079101700,55079100900,-88.00697190300957,43.00173437379505,-88.05216898532913,43.00959788353506,2020-07-17,4,75.0
55079101700,55079101100,-88.00697190300957,43.00173437379505,-88.04276904850849,42.99420752845147,2020-07-17,3,56.0
55079101700,55079140100,-88.00697190300957,43.00173437379505,-88.0188613886232,42.93745223479677,2020-07-17,2,37.0
55079101700,55079140201,-88.00697190300957,43.00173437379505,-87.99911426080601,42.93902100763907,2020-07-17,6,113.0
55079101700,55079120101,-88.00697190300957,43.00173437379505,-88.04814010007517,42.95916305909443,2020-07-17,5,94.0
55079101700,55079101400,-88.00697190300957,43.00173437379505,-88.02735540531337,43.00631524274058,2020-07-17,5,94.0
55079101700,55079003600,-88.00697190300957,43.00173437379505,-87.98321131530031,43.092736225323044,2020-07-17,1,18.0
55079101700,55079100400,-88.00697190300957,43.00173437379505,-88.01166560297426,43.0170103539625,2020-07-17,7,132.0
55079101700,55079021600,-88.00697190300957,43.00173437379505,-87.92488475274558,42.952251222261935,2020-07-17,3,56.0
55079101700,55079021300,-88.00697190300957,43.00173437379505,-87.93877469638159,42.970224160413096,2020-07-17,1,18.0
55079101700,55079187000,-88.00697190300957,43.00173437379505,-87.88728455831759,43.05530607398437,2020-07-17,1,18.0
55079101700,55079120102,-88.00697190300957,43.00173437379505,-88.04966546230908,42.97409794368699,2020-07-17,2,37.0
55079101700,55079130100,-88.00697190300957,43.00173437379505,-88.04407902007586,42.942752065148895,2020-07-17,3,56.0
55079101700,55079019600,-88.00697190300957,43.00173437379505,-88.00769668957767,42.984657216409644,2020-07-17,3,56.0
55079101700,55079101800,-88.00697190300957,43.00173437379505,-88.00969812606968,42.99373426381014,2020-07-17,1,18.0
55079101700,55079150301,-88.00697190300957,43.00173437379505,-88.05345903025625,42.89781994777656,2020-07-17,2,37.0
55079101700,55079100800,-88.00697190300957,43.00173437379505,-88.05710943935104,43.023654444193184,2020-07-17,1,18.0
55079101700,55079120201,-88.00697190300957,43.00173437379505,-88.01868214174351,42.96737507435749,2020-07-17,6,113.0
55079101700,55079019500,-88.00697190300957,43.00173437379505,-88.02769031152603,42.97732706705707,2020-07-17,2,37.0
55079101700,55079016300,-88.00697190300957,43.00173437379505,-87.93764055272034,43.01572710315665,2020-07-17,1,18.0
55079101700,55079101500,-88.00697190300957,43.00173437379505,-88.00747595996755,43.007126720391405,2020-07-17,6,113.0
55079101700,55079101700,-88.00697190300957,43.00173437379505,-88.00697190300957,43.00173437379505,2020-07-17,158,2980.0
55079101700,55079020400,-88.00697190300957,43.00173437379505,-87.9300852632457,42.98834002972675,2020-07-17,1,18.0
55079101700,55079100200,-88.00697190300957,43.00173437379505,-87.99137992566246,43.01460892403096,2020-07-17,3,56.0
55079101700,55079017500,-88.00697190300957,43.00173437379505,-87.92965116916102,43.00287441605045,2020-07-17,1,18.0
55079101700,55079005200,-88.00697190300957,43.00173437379505,-88.0124256780363,43.086227920709504,2020-07-17,1,18.0
55079101700,55079006600,-88.00697190300957,43.00173437379505,-87.93135214789555,43.075399167305534,2020-07-17,1,18.0
55079101700,55079001300,-88.00697190300957,43.00173437379505,-87.99843350448002,43.126783535933505,2020-07-17,1,18.0
55079101700,55079011000,-88.00697190300957,43.00173437379505,-87.89727240641399,43.050053518943756,2020-07-17,2,37.0
55079101700,55079012300,-88.00697190300957,43.00173437379505,-87.96196748080853,43.043599093031496,2020-07-17,1,18.0
55079101700,55079019700,-88.00697190300957,43.00173437379505,-88.00741820523533,42.97570820507905,2020-07-17,2,37.0
55079101700,55079019800,-88.00697190300957,43.00173437379505,-87.98973307517815,42.982078809345225,2020-07-17,1,18.0
55079101700,55079003700,-88.00697190300957,43.00173437379505,-87.98336380852676,43.08546039091554,2020-07-17,1,18.0
55079101700,55079018300,-88.00697190300957,43.00173437379505,-87.89285805580873,42.991354183119796,2020-07-17,1,18.0
55079101700,55079019300,-88.00697190300957,43.00173437379505,-87.99612754588766,42.99498021323571,2020-07-17,4,75.0
55079101700,55079090700,-88.00697190300957,43.00173437379505,-88.02545440842808,43.059193901469925,2020-07-17,1,18.0
55079101700,55079101300,-88.00697190300957,43.00173437379505,-88.02770018483265,42.99907770295741,2020-07-17,5,94.0
55079101700,55079013400,-88.00697190300957,43.00173437379505,-87.95356038604784,43.03496530197635,2020-07-17,1,18.0
55079101700,55079100300,-88.00697190300957,43.00173437379505,-88.00316709835943,43.017354422985534,2020-07-17,3,56.0
55079101700,55079101200,-88.00697190300957,43.00173437379505,-88.02772831407549,42.99180235090393,2020-07-17,3,56.0
55079101700,55079012200,-88.00697190300957,43.00173437379505,-87.95271101560115,43.04866661559741,2020-07-17,1,18.0
55079101700,55079185400,-88.00697190300957,43.00173437379505,-87.93768935592728,43.06023552955454,2020-07-17,1,18.0
55079101700,55079017200,-88.00697190300957,43.00173437379505,-87.95621680562614,43.002904101727246,2020-07-17,1,18.0
55079101700,55079009700,-88.00697190300957,43.00173437379505,-87.95262115062044,43.05393954073114,2020-07-17,1,18.0
55079170300,55079020000,-87.87538996197884,42.9095536521384,-87.95273620994368,42.98405311376188,2020-07-17,5,91.0
55079170300,55079016200,-87.87538996197884,42.9095536521384,-87.94745090497267,43.01660575920564,2020-07-17,1,18.0
55079170300,55079011400,-87.87538996197884,42.9095536521384,-87.9106574898586,43.05269479350376,2020-07-17,1,18.0
55079170300,55079021200,-87.87538996197884,42.9095536521384,-87.92101040508955,42.965284697357816,2020-07-17,1,18.0
55079170300,55079160100,-87.87538996197884,42.9095536521384,-87.91471599062149,42.91513941042769,2020-07-17,7,128.0
55079170300,55079090300,-87.87538996197884,42.9095536521384,-88.0515779905257,43.06739040507833,2020-07-17,1,18.0
55079170300,55079186300,-87.87538996197884,42.9095536521384,-87.91799927397663,43.040616743150025,2020-07-17,1,18.0
55079170300,55079021700,-87.87538996197884,42.9095536521384,-87.91312462574102,42.94052513723052,2020-07-17,2,36.0
55079170300,55079120501,-87.87538996197884,42.9095536521384,-87.96680035551529,42.94072396992586,2020-07-17,1,18.0
55079170300,55079019100,-87.87538996197884,42.9095536521384,-87.96549351619066,42.982165146288615,2020-07-17,2,36.0
55079170300,55079090100,-87.87538996197884,42.9095536521384,-88.04837730790923,43.0973204568905,2020-07-17,2,36.0
55079170300,55079120203,-87.87538996197884,42.9095536521384,-88.00776394431053,42.95694649923871,2020-07-17,1,18.0
55079170300,55079170500,-87.87538996197884,42.9095536521384,-87.85764758199707,42.897602993060175,2020-07-17,2,36.0
55079170300,55079160300,-87.87538996197884,42.9095536521384,-87.8893867076047,42.856940087232964,2020-07-17,3,55.0
55079170300,55079002700,-87.87538996197884,42.9095536521384,-87.97176690626681,43.100825271475365,2020-07-17,2,36.0
55079170300,55079120502,-87.87538996197884,42.9095536521384,-87.96510992081555,42.95304728304586,2020-07-17,1,18.0
55079170300,55079187400,-87.87538996197884,42.9095536521384,-87.90767949876499,43.03217517915639,2020-07-17,1,18.0
55079170300,55079150304,-87.87538996197884,42.9095536521384,-88.02760163837803,42.91519132559998,2020-07-17,1,18.0
55079170300,55079180500,-87.87538996197884,42.9095536521384,-87.87471526249948,42.93725893299447,2020-07-17,3,55.0
55079170300,55079130200,-87.87538996197884,42.9095536521384,-88.05891051157585,42.93732261654573,2020-07-17,1,18.0
55079170300,55079021000,-87.87538996197884,42.9095536521384,-87.89993467732904,42.962739149255064,2020-07-17,1,18.0
55079170300,55079160204,-87.87538996197884,42.9095536521384,-87.9317944903397,42.879700165258704,2020-07-17,4,73.0
55079170300,55079186800,-87.87538996197884,42.9095536521384,-87.9506670108877,43.02815858561159,2020-07-17,3,55.0
55079170300,55079187200,-87.87538996197884,42.9095536521384,-88.00769048889484,42.863813659193866,2020-07-17,1,18.0
55079170300,55079160203,-87.87538996197884,42.9095536521384,-87.91638950191752,42.89402789790319,2020-07-17,17,312.0
55079170300,55079020100,-87.87538996197884,42.9095536521384,-87.94099671150566,42.988482506396224,2020-07-17,5,91.0
55079170300,55079160202,-87.87538996197884,42.9095536521384,-87.87217546542965,42.881379330302295,2020-07-17,2,36.0
55079170300,55079180400,-87.87538996197884,42.9095536521384,-87.85633588550823,42.93709205888796,2020-07-17,3,55.0
55079170300,55079101100,-87.87538996197884,42.9095536521384,-88.04276904850849,42.99420752845147,2020-07-17,1,18.0
55079170300,55079140100,-87.87538996197884,42.9095536521384,-88.0188613886232,42.93745223479677,2020-07-17,1,18.0
55079170300,55079140201,-87.87538996197884,42.9095536521384,-87.99911426080601,42.93902100763907,2020-07-17,2,36.0
55079170300,55079180100,-87.87538996197884,42.9095536521384,-87.84722355247969,42.95102171952154,2020-07-17,1,18.0
55079170300,55079014400,-87.87538996197884,42.9095536521384,-87.90784049253895,43.042413401572134,2020-07-17,1,18.0
55079170300,55079170700,-87.87538996197884,42.9095536521384,-87.84797376219025,42.90256149755693,2020-07-17,1,18.0
55079170300,55079150100,-87.87538996197884,42.9095536521384,-87.97759713310646,42.91424119290261,2020-07-17,5,91.0
55079170300,55079005500,-87.87538996197884,42.9095536521384,-88.03284541742188,43.08237006688624,2020-07-17,1,18.0
55079170300,55079120102,-87.87538996197884,42.9095536521384,-88.04966546230908,42.97409794368699,2020-07-17,1,18.0
55079170300,55079150301,-87.87538996197884,42.9095536521384,-88.05345903025625,42.89781994777656,2020-07-17,1,18.0
55079170300,55079180300,-87.87538996197884,42.9095536521384,-87.87005593266791,42.951885652862586,2020-07-17,3,55.0
55079170300,55079020700,-87.87538996197884,42.9095536521384,-87.89282968229121,42.980391637955094,2020-07-17,4,73.0
55079170300,55079185100,-87.87538996197884,42.9095536521384,-87.86132764015301,42.9760744263621,2020-07-17,2,36.0
55079170300,55079016300,-87.87538996197884,42.9095536521384,-87.93764055272034,43.01572710315665,2020-07-17,2,36.0
55079170300,55079003100,-87.87538996197884,42.9095536521384,-87.98607018194353,43.10091760946077,2020-07-17,1,18.0
55079170300,55079005900,-87.87538996197884,42.9095536521384,-87.98523579862835,43.06821108392844,2020-07-17,1,18.0
55079170300,55079018200,-87.87538996197884,42.9095536521384,-87.87369831321716,42.99249911585218,2020-07-17,1,18.0
55079170300,55079007800,-87.87538996197884,42.9095536521384,-87.88801504624632,43.07075279367613,2020-07-17,1,18.0
55079170300,55079018500,-87.87538996197884,42.9095536521384,-87.91439743752404,42.98441904059949,2020-07-17,1,18.0
55079170300,55079021500,-87.87538996197884,42.9095536521384,-87.94398245259515,42.952098604888974,2020-07-17,1,18.0
55079170300,55079016400,-87.87538996197884,42.9095536521384,-87.92777599229481,43.01665943799343,2020-07-17,2,36.0
55079170300,55079009100,-87.87538996197884,42.9095536521384,-87.96852806703085,43.060675408064526,2020-07-17,2,36.0
55079170300,55079180200,-87.87538996197884,42.9095536521384,-87.85506992096182,42.95465467367753,2020-07-17,1,18.0
55079170300,55079186400,-87.87538996197884,42.9095536521384,-87.93038892981184,43.03695266796131,2020-07-17,1,18.0
55079170300,55079020600,-87.87538996197884,42.9095536521384,-87.90444286867323,42.9810337820488,2020-07-17,1,18.0
55079170300,55079101300,-87.87538996197884,42.9095536521384,-88.02770018483265,42.99907770295741,2020-07-17,2,36.0
55079170300,55079170100,-87.87538996197884,42.9095536521384,-87.84892368656588,42.919583500675934,2020-07-17,5,91.0
55079170300,55079100300,-87.87538996197884,42.9095536521384,-88.00316709835943,43.017354422985534,2020-07-17,1,18.0
55079170300,55079170600,-87.87538996197884,42.9095536521384,-87.86320935056827,42.907724102777856,2020-07-17,9,165.0
55079170300,55079185200,-87.87538996197884,42.9095536521384,-87.88193798921913,42.967674094622936,2020-07-17,2,36.0
55079170300,55079004900,-87.87538996197884,42.9095536521384,-87.97231517837423,43.077061406485264,2020-07-17,2,36.0
55079170300,55079170300,-87.87538996197884,42.9095536521384,-87.87538996197884,42.9095536521384,2020-07-17,114,2096.0
55079170300,55079016900,-87.87538996197884,42.9095536521384,-87.93770785693083,43.00951913559766,2020-07-17,1,18.0
55079170300,55079120300,-87.87538996197884,42.9095536521384,-87.97376432533524,42.98091406493879,2020-07-17,1,18.0
55079170300,55079170400,-87.87538996197884,42.9095536521384,-87.8734267877277,42.89848248246609,2020-07-17,2,36.0
55079170700,55079020000,-87.84797376219025,42.90256149755693,-87.95273620994368,42.98405311376188,2020-07-17,1,16.0
55079170700,55079060200,-87.84797376219025,42.90256149755693,-87.9245165328896,43.11556508690733,2020-07-17,1,16.0
55079170700,55079015700,-87.84797376219025,42.90256149755693,-87.92777138656925,43.021663598322064,2020-07-17,1,16.0
55079170700,55079019000,-87.84797376219025,42.90256149755693,-87.967877289968,42.995496154489715,2020-07-17,1,16.0
55079170700,55079011200,-87.84797376219025,42.90256149755693,-87.89756439120579,43.055476240018415,2020-07-17,1,16.0
55079170700,55079160100,-87.84797376219025,42.90256149755693,-87.91471599062149,42.91513941042769,2020-07-17,12,199.0
55079170700,55079186300,-87.84797376219025,42.90256149755693,-87.91799927397663,43.040616743150025,2020-07-17,2,33.0
55079170700,55079012400,-87.84797376219025,42.90256149755693,-87.97680856828566,43.04580144948212,2020-07-17,1,16.0
55079170700,55079021700,-87.84797376219025,42.90256149755693,-87.91312462574102,42.94052513723052,2020-07-17,6,99.0
55079170700,55079120400,-87.84797376219025,42.90256149755693,-87.96548496050795,42.96670427425607,2020-07-17,1,16.0
55079170700,55079120203,-87.84797376219025,42.90256149755693,-88.00776394431053,42.95694649923871,2020-07-17,2,33.0
55079170700,55079170500,-87.84797376219025,42.90256149755693,-87.85764758199707,42.897602993060175,2020-07-17,4,66.0
55079170700,55079018400,-87.84797376219025,42.90256149755693,-87.90417459790928,42.9917062933768,2020-07-17,1,16.0
55079170700,55079160300,-87.84797376219025,42.90256149755693,-87.8893867076047,42.856940087232964,2020-07-17,5,83.0
55079170700,55079185300,-87.84797376219025,42.90256149755693,-88.04265402690729,43.049880154873065,2020-07-17,1,16.0
55079170700,55079187400,-87.84797376219025,42.90256149755693,-87.90767949876499,43.03217517915639,2020-07-17,1,16.0
55079170700,55079150304,-87.84797376219025,42.90256149755693,-88.02760163837803,42.91519132559998,2020-07-17,1,16.0
55079170700,55079180500,-87.84797376219025,42.90256149755693,-87.87471526249948,42.93725893299447,2020-07-17,3,49.0
55079170700,55079160204,-87.84797376219025,42.90256149755693,-87.9317944903397,42.879700165258704,2020-07-17,9,149.0
55079170700,55079186800,-87.84797376219025,42.90256149755693,-87.9506670108877,43.02815858561159,2020-07-17,2,33.0
55079170700,55079187200,-87.84797376219025,42.90256149755693,-88.00769048889484,42.863813659193866,2020-07-17,2,33.0
55079170700,55079160203,-87.84797376219025,42.90256149755693,-87.91638950191752,42.89402789790319,2020-07-17,15,249.0
55079170700,55079170200,-87.84797376219025,42.90256149755693,-87.87263683893734,42.92275381108851,2020-07-17,5,83.0
55079170700,55079020100,-87.84797376219025,42.90256149755693,-87.94099671150566,42.988482506396224,2020-07-17,1,16.0
55079170700,55079160202,-87.84797376219025,42.90256149755693,-87.87217546542965,42.881379330302295,2020-07-17,8,132.0
55079170700,55079180400,-87.84797376219025,42.90256149755693,-87.85633588550823,42.93709205888796,2020-07-17,4,66.0
55079170700,55079014600,-87.84797376219025,42.90256149755693,-87.93032605572249,43.04237842637439,2020-07-17,2,33.0
55079170700,55079101100,-87.84797376219025,42.90256149755693,-88.04276904850849,42.99420752845147,2020-07-17,1,16.0
55079170700,55079140201,-87.84797376219025,42.90256149755693,-87.99911426080601,42.93902100763907,2020-07-17,1,16.0
55079170700,55079180100,-87.84797376219025,42.90256149755693,-87.84722355247969,42.95102171952154,2020-07-17,1,16.0
55079170700,55079186500,-87.84797376219025,42.90256149755693,-87.9130303085029,43.02319729476483,2020-07-17,1,16.0
55079170700,55079120101,-87.84797376219025,42.90256149755693,-88.04814010007517,42.95916305909443,2020-07-17,3,49.0
55079170700,55079003800,-87.84797376219025,42.90256149755693,-87.97215356169055,43.086187842345545,2020-07-17,1,16.0
55079170700,55079014400,-87.84797376219025,42.90256149755693,-87.90784049253895,43.042413401572134,2020-07-17,3,49.0
55079170700,55079170700,-87.84797376219025,42.90256149755693,-87.84797376219025,42.90256149755693,2020-07-17,153,2542.0
55079170700,55079018000,-87.84797376219025,42.90256149755693,-87.8945288084346,43.01098558683315,2020-07-17,2,33.0
55079170700,55079150100,-87.84797376219025,42.90256149755693,-87.97759713310646,42.91424119290261,2020-07-17,2,33.0
55079170700,55079021600,-87.84797376219025,42.90256149755693,-87.92488475274558,42.952251222261935,2020-07-17,3,49.0
55079170700,55079016100,-87.84797376219025,42.90256149755693,-87.95946595975387,43.016089910899275,2020-07-17,1,16.0
55079170700,55079120102,-87.84797376219025,42.90256149755693,-88.04966546230908,42.97409794368699,2020-07-17,1,16.0
55079170700,55079130100,-87.84797376219025,42.90256149755693,-88.04407902007586,42.942752065148895,2020-07-17,1,16.0
55079170700,55079150301,-87.84797376219025,42.90256149755693,-88.05345903025625,42.89781994777656,2020-07-17,2,33.0
55079170700,55079180300,-87.84797376219025,42.90256149755693,-87.87005593266791,42.951885652862586,2020-07-17,4,66.0
55079170700,55079020700,-87.84797376219025,42.90256149755693,-87.89282968229121,42.980391637955094,2020-07-17,2,33.0
55079170700,55079019900,-87.84797376219025,42.90256149755693,-87.98235255712866,42.973172118392476,2020-07-17,2,33.0
55079170700,55079006600,-87.84797376219025,42.90256149755693,-87.93135214789555,43.075399167305534,2020-07-17,1,16.0
55079170700,55079000900,-87.84797376219025,42.90256149755693,-87.95566887882444,43.14970170326806,2020-07-17,1,16.0
55079170700,55079020900,-87.84797376219025,42.90256149755693,-87.90186271433869,42.97013349358029,2020-07-17,1,16.0
55079170700,55079186600,-87.84797376219025,42.90256149755693,-87.91355022125023,43.001384465822476,2020-07-17,2,33.0
55079170700,55079000201,-87.84797376219025,42.90256149755693,-88.0472441211064,43.1799495757708,2020-07-17,1,16.0
55079170700,55079018500,-87.84797376219025,42.90256149755693,-87.91439743752404,42.98441904059949,2020-07-17,1,16.0
55079170700,55079150303,-87.84797376219025,42.90256149755693,-88.02312771344377,42.88960646488504,2020-07-17,1,16.0
55079170700,55079010600,-87.84797376219025,42.90256149755693,-87.90749884397533,43.060136167504425,2020-07-17,1,16.0
55079170700,55079017600,-87.84797376219025,42.90256149755693,-87.92236059293215,43.00280872383964,2020-07-17,1,16.0
55079170700,55079180200,-87.84797376219025,42.90256149755693,-87.85506992096182,42.95465467367753,2020-07-17,1,16.0
55079170700,55079020600,-87.84797376219025,42.90256149755693,-87.90444286867323,42.9810337820488,2020-07-17,1,16.0
55079170700,55079170100,-87.84797376219025,42.90256149755693,-87.84892368656588,42.919583500675934,2020-07-17,12,199.0
55079170700,55079100300,-87.84797376219025,42.90256149755693,-88.00316709835943,43.017354422985534,2020-07-17,1,16.0
55079170700,55079170600,-87.84797376219025,42.90256149755693,-87.86320935056827,42.907724102777856,2020-07-17,16,265.0
55079170700,55079185200,-87.84797376219025,42.90256149755693,-87.88193798921913,42.967674094622936,2020-07-17,2,33.0
55079170700,55079004900,-87.84797376219025,42.90256149755693,-87.97231517837423,43.077061406485264,2020-07-17,2,33.0
55079170700,55079170300,-87.84797376219025,42.90256149755693,-87.87538996197884,42.9095536521384,2020-07-17,3,49.0
55079170700,55079009300,-87.84797376219025,42.90256149755693,-87.98314520393755,43.060746025032145,2020-07-17,1,16.0
55079170700,55079002200,-87.84797376219025,42.90256149755693,-87.9335870089048,43.11469059411332,2020-07-17,1,16.0
55079170700,55079170400,-87.84797376219025,42.90256149755693,-87.8734267877277,42.89848248246609,2020-07-17,5,83.0
55079180400,55079020000,-87.85633588550823,42.93709205888796,-87.95273620994368,42.98405311376188,2020-07-17,2,41.0
55079180400,55079004400,-87.85633588550823,42.93709205888796,-87.90608569163814,43.089298213737145,2020-07-17,1,20.0
55079180400,55079015700,-87.85633588550823,42.93709205888796,-87.92777138656925,43.021663598322064,2020-07-17,2,41.0
55079180400,55079100100,-87.85633588550823,42.93709205888796,-87.98598444052216,43.01659648927991,2020-07-17,1,20.0
55079180400,55079010800,-87.85633588550823,42.93709205888796,-87.88986181293924,43.05733829509928,2020-07-17,1,20.0
55079180400,55079018100,-87.85633588550823,42.93709205888796,-87.88469234682039,42.998709042311724,2020-07-17,1,20.0
55079180400,55079160100,-87.85633588550823,42.93709205888796,-87.91471599062149,42.91513941042769,2020-07-17,7,146.0
55079180400,55079186300,-87.85633588550823,42.93709205888796,-87.91799927397663,43.040616743150025,2020-07-17,1,20.0
55079180400,55079090100,-87.85633588550823,42.93709205888796,-88.04837730790923,43.0973204568905,2020-07-17,1,20.0
55079180400,55079120400,-87.85633588550823,42.93709205888796,-87.96548496050795,42.96670427425607,2020-07-17,1,20.0
55079180400,55079120203,-87.85633588550823,42.93709205888796,-88.00776394431053,42.95694649923871,2020-07-17,4,83.0
55079180400,55079170500,-87.85633588550823,42.93709205888796,-87.85764758199707,42.897602993060175,2020-07-17,1,20.0
55079180400,55079160300,-87.85633588550823,42.93709205888796,-87.8893867076047,42.856940087232964,2020-07-17,2,41.0
55079180400,55079187300,-87.85633588550823,42.93709205888796,-87.9656302556773,42.887159701718595,2020-07-17,1,20.0
55079180400,55079019400,-87.85633588550823,42.93709205888796,-88.02755647500341,42.984577749923744,2020-07-17,1,20.0
55079180400,55079003200,-87.85633588550823,42.93709205888796,-88.00111189801154,43.10115852758208,2020-07-17,1,20.0
55079180400,55079150304,-87.85633588550823,42.93709205888796,-88.02760163837803,42.91519132559998,2020-07-17,1,20.0
55079180400,55079180500,-87.85633588550823,42.93709205888796,-87.87471526249948,42.93725893299447,2020-07-17,1,20.0
55079180400,55079000800,-87.85633588550823,42.93709205888796,-87.97372753660457,43.14064967469203,2020-07-17,1,20.0
55079180400,55079160204,-87.85633588550823,42.93709205888796,-87.9317944903397,42.879700165258704,2020-07-17,4,83.0
55079180400,55079186800,-87.85633588550823,42.93709205888796,-87.9506670108877,43.02815858561159,2020-07-17,1,20.0
55079180400,55079187200,-87.85633588550823,42.93709205888796,-88.00769048889484,42.863813659193866,2020-07-17,2,41.0
55079180400,55079160203,-87.85633588550823,42.93709205888796,-87.91638950191752,42.89402789790319,2020-07-17,8,167.0
55079180400,55079170200,-87.85633588550823,42.93709205888796,-87.87263683893734,42.92275381108851,2020-07-17,1,20.0
55079180400,55079160202,-87.85633588550823,42.93709205888796,-87.87217546542965,42.881379330302295,2020-07-17,2,41.0
55079180400,55079180400,-87.85633588550823,42.93709205888796,-87.85633588550823,42.93709205888796,2020-07-17,109,2276.0
55079180400,55079014600,-87.85633588550823,42.93709205888796,-87.93032605572249,43.04237842637439,2020-07-17,1,20.0
55079180400,55079180100,-87.85633588550823,42.93709205888796,-87.84722355247969,42.95102171952154,2020-07-17,2,41.0
55079180400,55079016800,-87.85633588550823,42.93709205888796,-87.92935001478907,43.01036042537408,2020-07-17,1,20.0
55079180400,55079150100,-87.85633588550823,42.93709205888796,-87.97759713310646,42.91424119290261,2020-07-17,1,20.0
55079180400,55079021600,-87.85633588550823,42.93709205888796,-87.92488475274558,42.952251222261935,2020-07-17,2,41.0
55079180400,55079187000,-87.85633588550823,42.93709205888796,-87.88728455831759,43.05530607398437,2020-07-17,2,41.0
55079180400,55079150301,-87.85633588550823,42.93709205888796,-88.05345903025625,42.89781994777656,2020-07-17,2,41.0
55079180400,55079120201,-87.85633588550823,42.93709205888796,-88.01868214174351,42.96737507435749,2020-07-17,1,20.0
55079180400,55079050102,-87.85633588550823,42.93709205888796,-87.96743569232115,43.172443064752215,2020-07-17,2,41.0
55079180400,55079180300,-87.85633588550823,42.93709205888796,-87.87005593266791,42.951885652862586,2020-07-17,7,146.0
55079180400,55079015800,-87.85633588550823,42.93709205888796,-87.93761636287321,43.021659379009066,2020-07-17,1,20.0
55079180400,55079020700,-87.85633588550823,42.93709205888796,-87.89282968229121,42.980391637955094,2020-07-17,2,41.0
55079180400,55079185100,-87.85633588550823,42.93709205888796,-87.86132764015301,42.9760744263621,2020-07-17,1,20.0
55079180400,55079007100,-87.85633588550823,42.93709205888796,-87.90149576859913,43.07383574480911,2020-07-17,1,20.0
55079180400,55079185700,-87.85633588550823,42.93709205888796,-87.91471207902771,43.06752585199898,2020-07-17,1,20.0
55079180400,55079019900,-87.85633588550823,42.93709205888796,-87.98235255712866,42.973172118392476,2020-07-17,1,20.0
55079180400,55079007200,-87.85633588550823,42.93709205888796,-87.89788270005259,43.07774402945858,2020-07-17,2,41.0
55079180400,55079020300,-87.85633588550823,42.93709205888796,-87.92658964497383,42.979242665655576,2020-07-17,2,41.0
55079180400,55079020900,-87.85633588550823,42.93709205888796,-87.90186271433869,42.97013349358029,2020-07-17,1,20.0
55079180400,55079018800,-87.85633588550823,42.93709205888796,-87.94058386370827,42.99929639057026,2020-07-17,1,20.0
55079180400,55079120202,-87.85633588550823,42.93709205888796,-87.99868084532402,42.965848843600455,2020-07-17,3,62.0
55079180400,55079018500,-87.85633588550823,42.93709205888796,-87.91439743752404,42.98441904059949,2020-07-17,4,83.0
55079180400,55079018600,-87.85633588550823,42.93709205888796,-87.92255649026754,42.995575414800356,2020-07-17,1,20.0
55079180400,55079016000,-87.85633588550823,42.93709205888796,-87.95725941865898,43.02137414837421,2020-07-17,1,20.0
55079180400,55079150303,-87.85633588550823,42.93709205888796,-88.02312771344377,42.88960646488504,2020-07-17,2,41.0
55079180400,55079016400,-87.85633588550823,42.93709205888796,-87.92777599229481,43.01665943799343,2020-07-17,1,20.0
55079180400,55079016500,-87.85633588550823,42.93709205888796,-87.91153110922029,43.01579142211555,2020-07-17,1,20.0
55079180400,55079017600,-87.85633588550823,42.93709205888796,-87.92236059293215,43.00280872383964,2020-07-17,2,41.0
55079180400,55079180200,-87.85633588550823,42.93709205888796,-87.85506992096182,42.95465467367753,2020-07-17,2,41.0
55079180400,55079170100,-87.85633588550823,42.93709205888796,-87.84892368656588,42.919583500675934,2020-07-17,8,167.0
55079180400,55079005100,-87.85633588550823,42.93709205888796,-87.99757698420609,43.08261869423604,2020-07-17,1,20.0
55079180400,55079170600,-87.85633588550823,42.93709205888796,-87.86320935056827,42.907724102777856,2020-07-17,1,20.0
55079180400,55079185200,-87.85633588550823,42.93709205888796,-87.88193798921913,42.967674094622936,2020-07-17,8,167.0
55079180400,55079006400,-87.85633588550823,42.93709205888796,-87.94234792087695,43.07421796319209,2020-07-17,1,20.0
55079180400,55079017100,-87.85633588550823,42.93709205888796,-87.95808412992528,43.01056521552099,2020-07-17,1,20.0
55079180400,55079017000,-87.85633588550823,42.93709205888796,-87.9475259715867,43.01041841584858,2020-07-17,1,20.0
55079180400,55079017200,-87.85633588550823,42.93709205888796,-87.95621680562614,43.002904101727246,2020-07-17,1,20.0
55079185500,55079020000,-87.92624880733425,43.0601763240656,-87.95273620994368,42.98405311376188,2020-07-17,1,25.0
55079185500,55079002400,-87.92624880733425,43.0601763240656,-87.95188617843814,43.106404380820805,2020-07-17,1,25.0
55079185500,55079004300,-87.92624880733425,43.0601763240656,-87.93220867621264,43.094799127568905,2020-07-17,2,50.0
55079185500,55079004400,-87.92624880733425,43.0601763240656,-87.90608569163814,43.089298213737145,2020-07-17,1,25.0
55079185500,55079004500,-87.92624880733425,43.0601763240656,-87.92226909278084,43.08550885272536,2020-07-17,1,25.0
55079185500,55079016200,-87.92624880733425,43.0601763240656,-87.94745090497267,43.01660575920564,2020-07-17,1,25.0
55079185500,55079100100,-87.92624880733425,43.0601763240656,-87.98598444052216,43.01659648927991,2020-07-17,1,25.0
55079185500,55079000202,-87.92624880733425,43.0601763240656,-88.04132965001602,43.160382512849615,2020-07-17,1,25.0
55079185500,55079010800,-87.92624880733425,43.0601763240656,-87.88986181293924,43.05733829509928,2020-07-17,2,50.0
55079185500,55079110100,-87.92624880733425,43.0601763240656,-87.9710022364233,43.012448953036525,2020-07-17,1,25.0
55079185500,55079186300,-87.92624880733425,43.0601763240656,-87.91799927397663,43.040616743150025,2020-07-17,1,25.0
55079185500,55079021700,-87.92624880733425,43.0601763240656,-87.91312462574102,42.94052513723052,2020-07-17,2,50.0
55079185500,55079090200,-87.92624880733425,43.0601763240656,-88.05200796218348,43.081902180003375,2020-07-17,1,25.0
55079185500,55079090900,-87.92624880733425,43.0601763240656,-88.00270912368009,43.06124682618238,2020-07-17,2,50.0
55079185500,55079001200,-87.92624880733425,43.0601763240656,-87.98620080987179,43.12617611256525,2020-07-17,1,25.0
55079185500,55079185900,-87.92624880733425,43.0601763240656,-87.93229166080955,43.05383765471328,2020-07-17,1,25.0
55079185500,55079186000,-87.92624880733425,43.0601763240656,-87.92039854147795,43.053956957431964,2020-07-17,1,25.0
55079185500,55079185500,-87.92624880733425,43.0601763240656,-87.92624880733425,43.0601763240656,2020-07-17,54,1371.0
55079185500,55079000302,-87.92624880733425,43.0601763240656,-88.04649688617519,43.13922972061493,2020-07-17,1,25.0
55079185500,55079186800,-87.92624880733425,43.0601763240656,-87.9506670108877,43.02815858561159,2020-07-17,2,50.0
55079185500,55079187200,-87.92624880733425,43.0601763240656,-88.00769048889484,42.863813659193866,2020-07-17,1,25.0
55079185500,55079160203,-87.92624880733425,43.0601763240656,-87.91638950191752,42.89402789790319,2020-07-17,1,25.0
55079185500,55079020100,-87.92624880733425,43.0601763240656,-87.94099671150566,42.988482506396224,2020-07-17,1,25.0
55079185500,55079160202,-87.92624880733425,43.0601763240656,-87.87217546542965,42.881379330302295,2020-07-17,1,25.0
55079185500,55079014600,-87.92624880733425,43.0601763240656,-87.93032605572249,43.04237842637439,2020-07-17,2,50.0
55079185500,55079140201,-87.92624880733425,43.0601763240656,-87.99911426080601,42.93902100763907,2020-07-17,1,25.0
55079185500,55079003300,-87.92624880733425,43.0601763240656,-88.0173066794685,43.1010408446094,2020-07-17,1,25.0
55079185500,55079008500,-87.92624880733425,43.0601763240656,-87.9298714910033,43.06776123229879,2020-07-17,1,25.0
55079185500,55079014400,-87.92624880733425,43.0601763240656,-87.90784049253895,43.042413401572134,2020-07-17,2,50.0
55079185500,55079150100,-87.92624880733425,43.0601763240656,-87.97759713310646,42.91424119290261,2020-07-17,1,25.0
55079185500,55079003400,-87.92624880733425,43.0601763240656,-88.02444287795417,43.0934576342605,2020-07-17,1,25.0
55079185500,55079016100,-87.92624880733425,43.0601763240656,-87.95946595975387,43.016089910899275,2020-07-17,1,25.0
55079185500,55079187000,-87.92624880733425,43.0601763240656,-87.88728455831759,43.05530607398437,2020-07-17,1,25.0
55079185500,55079050102,-87.92624880733425,43.0601763240656,-87.96743569232115,43.172443064752215,2020-07-17,1,25.0
55079185500,55079185700,-87.92624880733425,43.0601763240656,-87.91471207902771,43.06752585199898,2020-07-17,1,25.0
55079185500,55079000700,-87.92624880733425,43.0601763240656,-87.99009583376943,43.15588909293765,2020-07-17,1,25.0
55079185500,55079101500,-87.92624880733425,43.0601763240656,-88.00747595996755,43.007126720391405,2020-07-17,2,50.0
55079185500,55079010700,-87.92624880733425,43.0601763240656,-87.90095083433016,43.0597678010215,2020-07-17,2,50.0
55079185500,55079012600,-87.92624880733425,43.0601763240656,-87.99443577770006,43.034032251200934,2020-07-17,1,25.0
55079185500,55079005900,-87.92624880733425,43.0601763240656,-87.98523579862835,43.06821108392844,2020-07-17,1,25.0
55079185500,55079006600,-87.92624880733425,43.0601763240656,-87.93135214789555,43.075399167305534,2020-07-17,1,25.0
55079185500,55079001300,-87.92624880733425,43.0601763240656,-87.99843350448002,43.126783535933505,2020-07-17,1,25.0
55079185500,55079004200,-87.92624880733425,43.0601763240656,-87.94544782159862,43.09516547779425,2020-07-17,1,25.0
55079185500,55079001500,-87.92624880733425,43.0601763240656,-88.01520145334699,43.123754077777434,2020-07-17,1,25.0
55079185500,55079002000,-87.92624880733425,43.0601763240656,-87.96815137233186,43.115621500302275,2020-07-17,1,25.0
55079185500,55079007800,-87.92624880733425,43.0601763240656,-87.88801504624632,43.07075279367613,2020-07-17,1,25.0
55079185500,55079012700,-87.92624880733425,43.0601763240656,-88.0122777504643,43.029662330242175,2020-07-17,1,25.0
55079185500,55079010600,-87.92624880733425,43.0601763240656,-87.90749884397533,43.060136167504425,2020-07-17,1,25.0
55079185500,55079001900,-87.92624880733425,43.0601763240656,-87.98367415791445,43.115686316787006,2020-07-17,1,25.0
55079185500,55079001100,-87.92624880733425,43.0601763240656,-87.96901390366762,43.127689901740844,2020-07-17,1,25.0
55079185500,55079011100,-87.92624880733425,43.0601763240656,-87.90155963599153,43.04933924860895,2020-07-17,1,25.0
55079185500,55079186200,-87.92624880733425,43.0601763240656,-87.93244814260824,43.04856605375616,2020-07-17,1,25.0
55079185500,55079185600,-87.92624880733425,43.0601763240656,-87.91469071944607,43.06026722158336,2020-07-17,2,50.0
55079185500,55079005100,-87.92624880733425,43.0601763240656,-87.99757698420609,43.08261869423604,2020-07-17,1,25.0
55079185500,55079008000,-87.92624880733425,43.0601763240656,-87.90282982859381,43.067480284048756,2020-07-17,2,50.0
55079185500,55079009200,-87.92624880733425,43.0601763240656,-87.97560474362125,43.06069020349929,2020-07-17,1,25.0
55079185500,55079006400,-87.92624880733425,43.0601763240656,-87.94234792087695,43.07421796319209,2020-07-17,2,50.0
55079185500,55079008400,-87.92624880733425,43.0601763240656,-87.92332577697063,43.067583013115005,2020-07-17,3,76.0
55079185500,55079009900,-87.92624880733425,43.0601763240656,-87.94630275235495,43.060274421469344,2020-07-17,1,25.0
55079185500,55079003000,-87.92624880733425,43.0601763240656,-87.99619059962126,43.10851035065769,2020-07-17,2,50.0
55079185500,55079008800,-87.92624880733425,43.0601763240656,-87.94617084834631,43.06788862375971,2020-07-17,1,25.0
55079185500,55079013500,-87.92624880733425,43.0601763240656,-87.9526122313311,43.040147622140005,2020-07-17,2,50.0
55079185500,55079008700,-87.92624880733425,43.0601763240656,-87.93997122125838,43.06781436915486,2020-07-17,1,25.0
55079185800,55079020000,-87.94265216254213,43.0538687550207,-87.95273620994368,42.98405311376188,2020-07-17,2,50.0
55079185800,55079002400,-87.94265216254213,43.0538687550207,-87.95188617843814,43.106404380820805,2020-07-17,1,25.0
55079185800,55079060200,-87.94265216254213,43.0538687550207,-87.9245165328896,43.11556508690733,2020-07-17,3,76.0
55079185800,55079004500,-87.94265216254213,43.0538687550207,-87.92226909278084,43.08550885272536,2020-07-17,1,25.0
55079185800,55079110100,-87.94265216254213,43.0538687550207,-87.9710022364233,43.012448953036525,2020-07-17,3,76.0
55079185800,55079021200,-87.94265216254213,43.0538687550207,-87.92101040508955,42.965284697357816,2020-07-17,1,25.0
55079185800,55079160100,-87.94265216254213,43.0538687550207,-87.91471599062149,42.91513941042769,2020-07-17,1,25.0
55079185800,55079002700,-87.94265216254213,43.0538687550207,-87.97176690626681,43.100825271475365,2020-07-17,1,25.0
55079185800,55079003500,-87.94265216254213,43.0538687550207,-87.99830093777771,43.09359369867719,2020-07-17,1,25.0
55079185800,55079080300,-87.94265216254213,43.0538687550207,-87.87475616434764,43.089996653126924,2020-07-17,1,25.0
55079185800,55079185300,-87.94265216254213,43.0538687550207,-88.04265402690729,43.049880154873065,2020-07-17,2,50.0
55079185800,55079004000,-87.94265216254213,43.0538687550207,-87.97205846198321,43.09342306765945,2020-07-17,1,25.0
55079185800,55079120101,-87.94265216254213,43.0538687550207,-88.04814010007517,42.95916305909443,2020-07-17,1,25.0
55079185800,55079003600,-87.94265216254213,43.0538687550207,-87.98321131530031,43.092736225323044,2020-07-17,1,25.0
55079185800,55079014400,-87.94265216254213,43.0538687550207,-87.90784049253895,43.042413401572134,2020-07-17,1,25.0
55079185800,55079050102,-87.94265216254213,43.0538687550207,-87.96743569232115,43.172443064752215,2020-07-17,2,50.0
55079185800,55079080200,-87.94265216254213,43.0538687550207,-87.8877423232882,43.0942616397457,2020-07-17,3,76.0
55079185800,55079185700,-87.94265216254213,43.0538687550207,-87.91471207902771,43.06752585199898,2020-07-17,1,25.0
55079185800,55079000700,-87.94265216254213,43.0538687550207,-87.99009583376943,43.15588909293765,2020-07-17,1,25.0
55079185800,55079017500,-87.94265216254213,43.0538687550207,-87.92965116916102,43.00287441605045,2020-07-17,1,25.0
55079185800,55079006600,-87.94265216254213,43.0538687550207,-87.93135214789555,43.075399167305534,2020-07-17,1,25.0
55079185800,55079009800,-87.94265216254213,43.0538687550207,-87.95409571434068,43.059778012269526,2020-07-17,1,25.0
55079185800,55079004200,-87.94265216254213,43.0538687550207,-87.94544782159862,43.09516547779425,2020-07-17,1,25.0
55079185800,55079014900,-87.94265216254213,43.0538687550207,-87.94481830610269,43.03704436935605,2020-07-17,1,25.0
55079185800,55079080400,-87.94265216254213,43.0538687550207,-87.88848724040903,43.08594082590386,2020-07-17,1,25.0
55079185800,55079007800,-87.94265216254213,43.0538687550207,-87.88801504624632,43.07075279367613,2020-07-17,1,25.0
55079185800,55079008900,-87.94265216254213,43.0538687550207,-87.95337828163817,43.06706338271535,2020-07-17,1,25.0
55079185800,55079185800,-87.94265216254213,43.0538687550207,-87.94265216254213,43.0538687550207,2020-07-17,52,1319.0
55079185800,55079014800,-87.94265216254213,43.0538687550207,-87.9402035907502,43.042125624825495,2020-07-17,1,25.0
55079185800,55079186100,-87.94265216254213,43.0538687550207,-87.94279275484007,43.048652729679134,2020-07-17,2,50.0
55079185800,55079017100,-87.94265216254213,43.0538687550207,-87.95808412992528,43.01056521552099,2020-07-17,2,50.0
55079185800,55079185400,-87.94265216254213,43.0538687550207,-87.93768935592728,43.06023552955454,2020-07-17,2,50.0
55079185800,55079015900,-87.94265216254213,43.0538687550207,-87.9473669417017,43.02159668337006,2020-07-17,1,25.0
55079185800,55079006700,-87.94265216254213,43.0538687550207,-87.92040407919447,43.07437828581977,2020-07-17,1,25.0
55079186000,55079020000,-87.92039854147795,43.053956957431964,-87.95273620994368,42.98405311376188,2020-07-17,1,23.0
55079186000,55079002100,-87.92039854147795,43.053956957431964,-87.95315716160212,43.115529640428136,2020-07-17,1,23.0
55079186000,55079004300,-87.92039854147795,43.053956957431964,-87.93220867621264,43.094799127568905,2020-07-17,1,23.0
55079186000,55079060200,-87.92039854147795,43.053956957431964,-87.9245165328896,43.11556508690733,2020-07-17,3,69.0
55079186000,55079004400,-87.92039854147795,43.053956957431964,-87.90608569163814,43.089298213737145,2020-07-17,4,92.0
55079186000,55079100100,-87.92039854147795,43.053956957431964,-87.98598444052216,43.01659648927991,2020-07-17,1,23.0
55079186000,55079000102,-87.92039854147795,43.053956957431964,-88.01167859828367,43.164645145767146,2020-07-17,1,23.0
55079186000,55079002300,-87.92039854147795,43.053956957431964,-87.93621856893152,43.105985427841645,2020-07-17,1,23.0
55079186000,55079110100,-87.92039854147795,43.053956957431964,-87.9710022364233,43.012448953036525,2020-07-17,1,23.0
55079186000,55079090300,-87.92039854147795,43.053956957431964,-88.0515779905257,43.06739040507833,2020-07-17,1,23.0
55079186000,55079000501,-87.92039854147795,43.053956957431964,-88.04340002069712,43.115390222488664,2020-07-17,1,23.0
55079186000,55079185900,-87.92039854147795,43.053956957431964,-87.93229166080955,43.05383765471328,2020-07-17,1,23.0
55079186000,55079186000,-87.92039854147795,43.053956957431964,-87.92039854147795,43.053956957431964,2020-07-17,57,1321.0
55079186000,55079003200,-87.92039854147795,43.053956957431964,-88.00111189801154,43.10115852758208,2020-07-17,1,23.0
55079186000,55079185500,-87.92039854147795,43.053956957431964,-87.92624880733425,43.0601763240656,2020-07-17,2,46.0
55079186000,55079004000,-87.92039854147795,43.053956957431964,-87.97205846198321,43.09342306765945,2020-07-17,1,23.0
55079186000,55079000502,-87.92039854147795,43.053956957431964,-88.03128731150349,43.12480634966938,2020-07-17,1,23.0
55079186000,55079006200,-87.92039854147795,43.053956957431964,-87.96097127315564,43.067902782244275,2020-07-17,1,23.0
55079186000,55079186800,-87.92039854147795,43.053956957431964,-87.9506670108877,43.02815858561159,2020-07-17,1,23.0
55079186000,55079187200,-87.92039854147795,43.053956957431964,-88.00769048889484,42.863813659193866,2020-07-17,1,23.0
55079186000,55079170200,-87.92039854147795,43.053956957431964,-87.87263683893734,42.92275381108851,2020-07-17,1,23.0
55079186000,55079091200,-87.92039854147795,43.053956957431964,-88.00388284004167,43.0467075980639,2020-07-17,1,23.0
55079186000,55079007000,-87.92039854147795,43.053956957431964,-87.91122456687498,43.07424564740019,2020-07-17,3,69.0
55079186000,55079001600,-87.92039854147795,43.053956957431964,-88.01599665750028,43.11588641903863,2020-07-17,1,23.0
55079186000,55079016800,-87.92039854147795,43.053956957431964,-87.92935001478907,43.01036042537408,2020-07-17,1,23.0
55079186000,55079120101,-87.92039854147795,43.053956957431964,-88.04814010007517,42.95916305909443,2020-07-17,1,23.0
55079186000,55079008500,-87.92039854147795,43.053956957431964,-87.9298714910033,43.06776123229879,2020-07-17,1,23.0
55079186000,55079011300,-87.92039854147795,43.053956957431964,-87.90713298111844,43.04890661506502,2020-07-17,1,23.0
55079186000,55079014400,-87.92039854147795,43.053956957431964,-87.90784049253895,43.042413401572134,2020-07-17,1,23.0
55079186000,55079021600,-87.92039854147795,43.053956957431964,-87.92488475274558,42.952251222261935,2020-07-17,1,23.0
55079186000,55079001800,-87.92039854147795,43.053956957431964,-87.99853790291819,43.115847306484916,2020-07-17,1,23.0
55079186000,55079005800,-87.92039854147795,43.053956957431964,-87.99994620357029,43.072303413103626,2020-07-17,1,23.0
55079186000,55079187000,-87.92039854147795,43.053956957431964,-87.88728455831759,43.05530607398437,2020-07-17,1,23.0
55079186000,55079002900,-87.92039854147795,43.053956957431964,-87.98131890013833,43.108341188298006,2020-07-17,1,23.0
55079186000,55079014100,-87.92039854147795,43.053956957431964,-87.92097269793881,43.04863570292668,2020-07-17,1,23.0
55079186000,55079006300,-87.92039854147795,43.053956957431964,-87.95229119818997,43.07635281761954,2020-07-17,1,23.0
55079186000,55079185700,-87.92039854147795,43.053956957431964,-87.91471207902771,43.06752585199898,2020-07-17,3,69.0
55079186000,55079010700,-87.92039854147795,43.053956957431964,-87.90095083433016,43.0597678010215,2020-07-17,1,23.0
55079186000,55079005700,-87.92039854147795,43.053956957431964,-88.01309831915184,43.07138814037072,2020-07-17,1,23.0
55079186000,55079001700,-87.92039854147795,43.053956957431964,-88.01621221830194,43.10855887721336,2020-07-17,1,23.0
55079186000,55079004200,-87.92039854147795,43.053956957431964,-87.94544782159862,43.09516547779425,2020-07-17,1,23.0
55079186000,55079080400,-87.92039854147795,43.053956957431964,-87.88848724040903,43.08594082590386,2020-07-17,1,23.0
55079186000,55079004700,-87.92039854147795,43.053956957431964,-87.94760565609727,43.08576787197636,2020-07-17,2,46.0
55079186000,55079009000,-87.92039854147795,43.053956957431964,-87.9610837883489,43.060355868415826,2020-07-17,1,23.0
55079186000,55079009100,-87.92039854147795,43.053956957431964,-87.96852806703085,43.060675408064526,2020-07-17,1,23.0
55079186000,55079000304,-87.92039854147795,43.053956957431964,-88.02644618111368,43.14364069729464,2020-07-17,1,23.0
55079186000,55079001900,-87.92039854147795,43.053956957431964,-87.98367415791445,43.115686316787006,2020-07-17,1,23.0
55079186000,55079001100,-87.92039854147795,43.053956957431964,-87.96901390366762,43.127689901740844,2020-07-17,1,23.0
55079186000,55079016500,-87.92039854147795,43.053956957431964,-87.91153110922029,43.01579142211555,2020-07-17,1,23.0
55079186000,55079014300,-87.92039854147795,43.053956957431964,-87.90101539256612,43.042731429373134,2020-07-17,1,23.0
55079186000,55079091000,-87.92039854147795,43.053956957431964,-87.99705672432205,43.06433297165757,2020-07-17,1,23.0
55079186000,55079185800,-87.92039854147795,43.053956957431964,-87.94265216254213,43.0538687550207,2020-07-17,1,23.0
55079186000,55079185600,-87.92039854147795,43.053956957431964,-87.91469071944607,43.06026722158336,2020-07-17,1,23.0
55079186000,55079012900,-87.92039854147795,43.053956957431964,-87.99989477924994,43.028140622580246,2020-07-17,1,23.0
55079186000,55079009300,-87.92039854147795,43.053956957431964,-87.98314520393755,43.060746025032145,2020-07-17,1,23.0
55079186000,55079009900,-87.92039854147795,43.053956957431964,-87.94630275235495,43.060274421469344,2020-07-17,1,23.0
55079186000,55079185400,-87.92039854147795,43.053956957431964,-87.93768935592728,43.06023552955454,2020-07-17,3,69.0
55079186000,55079015900,-87.92039854147795,43.053956957431964,-87.9473669417017,43.02159668337006,2020-07-17,1,23.0
55079186000,55079008700,-87.92039854147795,43.053956957431964,-87.93997122125838,43.06781436915486,2020-07-17,1,23.0
55079186100,55079020000,-87.94279275484007,43.048652729679134,-87.95273620994368,42.98405311376188,2020-07-17,2,46.0
55079186100,55079004300,-87.94279275484007,43.048652729679134,-87.93220867621264,43.094799127568905,2020-07-17,4,92.0
55079186100,55079060200,-87.94279275484007,43.048652729679134,-87.9245165328896,43.11556508690733,2020-07-17,2,46.0
55079186100,55079004400,-87.94279275484007,43.048652729679134,-87.90608569163814,43.089298213737145,2020-07-17,3,69.0
55079186100,55079011200,-87.94279275484007,43.048652729679134,-87.89756439120579,43.055476240018415,2020-07-17,1,23.0
55079186100,55079110100,-87.94279275484007,43.048652729679134,-87.9710022364233,43.012448953036525,2020-07-17,4,92.0
55079186100,55079101000,-87.94279275484007,43.048652729679134,-88.05764456171738,42.99173938525954,2020-07-17,1,23.0
55079186100,55079160100,-87.94279275484007,43.048652729679134,-87.91471599062149,42.91513941042769,2020-07-17,1,23.0
55079186100,55079000600,-87.94279275484007,43.048652729679134,-88.00190569680801,43.14010292722225,2020-07-17,1,23.0
55079186100,55079090300,-87.94279275484007,43.048652729679134,-88.0515779905257,43.06739040507833,2020-07-17,1,23.0
55079186100,55079021700,-87.94279275484007,43.048652729679134,-87.91312462574102,42.94052513723052,2020-07-17,1,23.0
55079186100,55079090100,-87.94279275484007,43.048652729679134,-88.04837730790923,43.0973204568905,2020-07-17,2,46.0
55079186100,55079120203,-87.94279275484007,43.048652729679134,-88.00776394431053,42.95694649923871,2020-07-17,1,23.0
55079186100,55079000501,-87.94279275484007,43.048652729679134,-88.04340002069712,43.115390222488664,2020-07-17,1,23.0
55079186100,55079003500,-87.94279275484007,43.048652729679134,-87.99830093777771,43.09359369867719,2020-07-17,1,23.0
55079186100,55079005300,-87.94279275484007,43.048652729679134,-88.01242727702714,43.07892288175221,2020-07-17,1,23.0
55079186100,55079060101,-87.94279275484007,43.048652729679134,-87.92535691568614,43.13950788268824,2020-07-17,1,23.0
55079186100,55079014700,-87.94279275484007,43.048652729679134,-87.93551340137516,43.042200823908786,2020-07-17,3,69.0
55079186100,55079187400,-87.94279275484007,43.048652729679134,-87.90767949876499,43.03217517915639,2020-07-17,1,23.0
55079186100,55079004600,-87.94279275484007,43.048652729679134,-87.9321086251029,43.08569057130924,2020-07-17,4,92.0
55079186100,55079186800,-87.94279275484007,43.048652729679134,-87.9506670108877,43.02815858561159,2020-07-17,2,46.0
55079186100,55079006000,-87.94279275484007,43.048652729679134,-87.97554005335066,43.067947929210746,2020-07-17,1,23.0
55079186100,55079160203,-87.94279275484007,43.048652729679134,-87.91638950191752,42.89402789790319,2020-07-17,1,23.0
55079186100,55079091200,-87.94279275484007,43.048652729679134,-88.00388284004167,43.0467075980639,2020-07-17,1,23.0
55079186100,55079018900,-87.94279275484007,43.048652729679134,-87.95323213052187,42.995654122863776,2020-07-17,1,23.0
55079186100,55079020100,-87.94279275484007,43.048652729679134,-87.94099671150566,42.988482506396224,2020-07-17,1,23.0
55079186100,55079005000,-87.94279275484007,43.048652729679134,-87.98327608357046,43.07665137069942,2020-07-17,1,23.0
55079186100,55079007000,-87.94279275484007,43.048652729679134,-87.91122456687498,43.07424564740019,2020-07-17,3,69.0
55079186100,55079101100,-87.94279275484007,43.048652729679134,-88.04276904850849,42.99420752845147,2020-07-17,2,46.0
55079186100,55079013600,-87.94279275484007,43.048652729679134,-87.9527511611333,43.04369545920421,2020-07-17,2,46.0
55079186100,55079140100,-87.94279275484007,43.048652729679134,-88.0188613886232,42.93745223479677,2020-07-17,2,46.0
55079186100,55079140201,-87.94279275484007,43.048652729679134,-87.99911426080601,42.93902100763907,2020-07-17,1,23.0
55079186100,55079140202,-87.94279275484007,43.048652729679134,-87.981557716435,42.93443757238657,2020-07-17,1,23.0
55079186100,55079186500,-87.94279275484007,43.048652729679134,-87.9130303085029,43.02319729476483,2020-07-17,1,23.0
55079186100,55079016800,-87.94279275484007,43.048652729679134,-87.92935001478907,43.01036042537408,2020-07-17,1,23.0
55079186100,55079008500,-87.94279275484007,43.048652729679134,-87.9298714910033,43.06776123229879,2020-07-17,1,23.0
55079186100,55079008100,-87.94279275484007,43.048652729679134,-87.90743836658615,43.067471782486706,2020-07-17,1,23.0
55079186100,55079003600,-87.94279275484007,43.048652729679134,-87.98321131530031,43.092736225323044,2020-07-17,1,23.0
55079186100,55079011300,-87.94279275484007,43.048652729679134,-87.90713298111844,43.04890661506502,2020-07-17,1,23.0
55079186100,55079014400,-87.94279275484007,43.048652729679134,-87.90784049253895,43.042413401572134,2020-07-17,1,23.0
55079186100,55079150100,-87.94279275484007,43.048652729679134,-87.97759713310646,42.91424119290261,2020-07-17,3,69.0
55079186100,55079021300,-87.94279275484007,43.048652729679134,-87.93877469638159,42.970224160413096,2020-07-17,1,23.0
55079186100,55079187000,-87.94279275484007,43.048652729679134,-87.88728455831759,43.05530607398437,2020-07-17,1,23.0
55079186100,55079002900,-87.94279275484007,43.048652729679134,-87.98131890013833,43.108341188298006,2020-07-17,1,23.0
55079186100,55079014100,-87.94279275484007,43.048652729679134,-87.92097269793881,43.04863570292668,2020-07-17,1,23.0
55079186100,55079015800,-87.94279275484007,43.048652729679134,-87.93761636287321,43.021659379009066,2020-07-17,1,23.0
55079186100,55079006300,-87.94279275484007,43.048652729679134,-87.95229119818997,43.07635281761954,2020-07-17,1,23.0
55079186100,55079016300,-87.94279275484007,43.048652729679134,-87.93764055272034,43.01572710315665,2020-07-17,2,46.0
55079186100,55079005700,-87.94279275484007,43.048652729679134,-88.01309831915184,43.07138814037072,2020-07-17,1,23.0
55079186100,55079005200,-87.94279275484007,43.048652729679134,-88.0124256780363,43.086227920709504,2020-07-17,2,46.0
55079186100,55079005900,-87.94279275484007,43.048652729679134,-87.98523579862835,43.06821108392844,2020-07-17,1,23.0
55079186100,55079009800,-87.94279275484007,43.048652729679134,-87.95409571434068,43.059778012269526,2020-07-17,1,23.0
55079186100,55079001300,-87.94279275484007,43.048652729679134,-87.99843350448002,43.126783535933505,2020-07-17,2,46.0
55079186100,55079001700,-87.94279275484007,43.048652729679134,-88.01621221830194,43.10855887721336,2020-07-17,1,23.0
55079186100,55079016700,-87.94279275484007,43.048652729679134,-87.92209519609614,43.010301162214034,2020-07-17,2,46.0
55079186100,55079014900,-87.94279275484007,43.048652729679134,-87.94481830610269,43.03704436935605,2020-07-17,1,23.0
55079186100,55079001500,-87.94279275484007,43.048652729679134,-88.01520145334699,43.123754077777434,2020-07-17,1,23.0
55079186100,55079002000,-87.94279275484007,43.048652729679134,-87.96815137233186,43.115621500302275,2020-07-17,2,46.0
55079186100,55079002600,-87.94279275484007,43.048652729679134,-87.96192834607115,43.10067420371696,2020-07-17,2,46.0
55079186100,55079009000,-87.94279275484007,43.048652729679134,-87.9610837883489,43.060355868415826,2020-07-17,2,46.0
55079186100,55079009100,-87.94279275484007,43.048652729679134,-87.96852806703085,43.060675408064526,2020-07-17,1,23.0
55079186100,55079013700,-87.94279275484007,43.048652729679134,-87.94529508707278,43.04229912697773,2020-07-17,5,116.0
55079186100,55079001900,-87.94279275484007,43.048652729679134,-87.98367415791445,43.115686316787006,2020-07-17,1,23.0
55079186100,55079009600,-87.94279275484007,43.048652729679134,-87.96486502955395,43.05277336645368,2020-07-17,1,23.0
55079186100,55079008900,-87.94279275484007,43.048652729679134,-87.95337828163817,43.06706338271535,2020-07-17,1,23.0
55079186100,55079013400,-87.94279275484007,43.048652729679134,-87.95356038604784,43.03496530197635,2020-07-17,1,23.0
55079186100,55079185800,-87.94279275484007,43.048652729679134,-87.94265216254213,43.0538687550207,2020-07-17,2,46.0
55079186100,55079185600,-87.94279275484007,43.048652729679134,-87.91469071944607,43.06026722158336,2020-07-17,1,23.0
55079186100,55079014800,-87.94279275484007,43.048652729679134,-87.9402035907502,43.042125624825495,2020-07-17,2,46.0
55079186100,55079004900,-87.94279275484007,43.048652729679134,-87.97231517837423,43.077061406485264,2020-07-17,3,69.0
55079186100,55079186100,-87.94279275484007,43.048652729679134,-87.94279275484007,43.048652729679134,2020-07-17,86,1996.0
55079186100,55079012200,-87.94279275484007,43.048652729679134,-87.95271101560115,43.04866661559741,2020-07-17,6,139.0
55079186100,55079013300,-87.94279275484007,43.048652729679134,-87.96206431187025,43.03483590901066,2020-07-17,2,46.0
55079186100,55079002500,-87.94279275484007,43.048652729679134,-87.96218045466739,43.10795733493045,2020-07-17,1,23.0
55079186100,55079006100,-87.94279275484007,43.048652729679134,-87.96847508739953,43.06791249267312,2020-07-17,1,23.0
55079186100,55079009900,-87.94279275484007,43.048652729679134,-87.94630275235495,43.060274421469344,2020-07-17,1,23.0
55079186100,55079006500,-87.94279275484007,43.048652729679134,-87.94229465456391,43.0797331466399,2020-07-17,1,23.0
55079186100,55079185400,-87.94279275484007,43.048652729679134,-87.93768935592728,43.06023552955454,2020-07-17,2,46.0
55079186100,55079008800,-87.94279275484007,43.048652729679134,-87.94617084834631,43.06788862375971,2020-07-17,1,23.0
55079186100,55079015900,-87.94279275484007,43.048652729679134,-87.9473669417017,43.02159668337006,2020-07-17,1,23.0
55079186100,55079009700,-87.94279275484007,43.048652729679134,-87.95262115062044,43.05393954073114,2020-07-17,2,46.0
55079186800,55079020000,-87.9506670108877,43.02815858561159,-87.95273620994368,42.98405311376188,2020-07-17,2,27.0
55079186800,55079060200,-87.9506670108877,43.02815858561159,-87.9245165328896,43.11556508690733,2020-07-17,1,13.0
55079186800,55079004400,-87.9506670108877,43.02815858561159,-87.90608569163814,43.089298213737145,2020-07-17,1,13.0
55079186800,55079015700,-87.9506670108877,43.02815858561159,-87.92777138656925,43.021663598322064,2020-07-17,5,67.0
55079186800,55079019000,-87.9506670108877,43.02815858561159,-87.967877289968,42.995496154489715,2020-07-17,1,13.0
55079186800,55079100100,-87.9506670108877,43.02815858561159,-87.98598444052216,43.01659648927991,2020-07-17,1,13.0
55079186800,55079000101,-87.9506670108877,43.02815858561159,-88.00922083481396,43.18510784936368,2020-07-17,1,13.0
55079186800,55079000102,-87.9506670108877,43.02815858561159,-88.01167859828367,43.164645145767146,2020-07-17,1,13.0
55079186800,55079000202,-87.9506670108877,43.02815858561159,-88.04132965001602,43.160382512849615,2020-07-17,1,13.0
55079186800,55079011200,-87.9506670108877,43.02815858561159,-87.89756439120579,43.055476240018415,2020-07-17,1,13.0
55079186800,55079110100,-87.9506670108877,43.02815858561159,-87.9710022364233,43.012448953036525,2020-07-17,6,81.0
55079186800,55079021200,-87.9506670108877,43.02815858561159,-87.92101040508955,42.965284697357816,2020-07-17,1,13.0
55079186800,55079160100,-87.9506670108877,43.02815858561159,-87.91471599062149,42.91513941042769,2020-07-17,1,13.0
55079186800,55079000600,-87.9506670108877,43.02815858561159,-88.00190569680801,43.14010292722225,2020-07-17,2,27.0
55079186800,55079090300,-87.9506670108877,43.02815858561159,-88.0515779905257,43.06739040507833,2020-07-17,1,13.0
55079186800,55079021700,-87.9506670108877,43.02815858561159,-87.91312462574102,42.94052513723052,2020-07-17,2,27.0
55079186800,55079120501,-87.9506670108877,43.02815858561159,-87.96680035551529,42.94072396992586,2020-07-17,1,13.0
55079186800,55079019100,-87.9506670108877,43.02815858561159,-87.96549351619066,42.982165146288615,2020-07-17,2,27.0
55079186800,55079090100,-87.9506670108877,43.02815858561159,-88.04837730790923,43.0973204568905,2020-07-17,2,27.0
55079186800,55079120400,-87.9506670108877,43.02815858561159,-87.96548496050795,42.96670427425607,2020-07-17,2,27.0
55079186800,55079120203,-87.9506670108877,43.02815858561159,-88.00776394431053,42.95694649923871,2020-07-17,2,27.0
55079186800,55079160300,-87.9506670108877,43.02815858561159,-87.8893867076047,42.856940087232964,2020-07-17,1,13.0
55079186800,55079017300,-87.9506670108877,43.02815858561159,-87.94877202549131,43.0036525046766,2020-07-17,1,13.0
55079186800,55079000501,-87.9506670108877,43.02815858561159,-88.04340002069712,43.115390222488664,2020-07-17,1,13.0
55079186800,55079002700,-87.9506670108877,43.02815858561159,-87.97176690626681,43.100825271475365,2020-07-17,1,13.0
55079186800,55079003200,-87.9506670108877,43.02815858561159,-88.00111189801154,43.10115852758208,2020-07-17,1,13.0
55079186800,55079021400,-87.9506670108877,43.02815858561159,-87.93891709359613,42.96295890378409,2020-07-17,1,13.0
55079186800,55079000302,-87.9506670108877,43.02815858561159,-88.04649688617519,43.13922972061493,2020-07-17,1,13.0
55079186800,55079120502,-87.9506670108877,43.02815858561159,-87.96510992081555,42.95304728304586,2020-07-17,1,13.0
55079186800,55079012500,-87.9506670108877,43.02815858561159,-87.97654888060033,43.037091021714275,2020-07-17,1,13.0
55079186800,55079004600,-87.9506670108877,43.02815858561159,-87.9321086251029,43.08569057130924,2020-07-17,1,13.0
55079186800,55079000502,-87.9506670108877,43.02815858561159,-88.03128731150349,43.12480634966938,2020-07-17,1,13.0
55079186800,55079186800,-87.9506670108877,43.02815858561159,-87.9506670108877,43.02815858561159,2020-07-17,83,1122.0
55079186800,55079006000,-87.9506670108877,43.02815858561159,-87.97554005335066,43.067947929210746,2020-07-17,1,13.0
55079186800,55079160203,-87.9506670108877,43.02815858561159,-87.91638950191752,42.89402789790319,2020-07-17,2,27.0
55079186800,55079020100,-87.9506670108877,43.02815858561159,-87.94099671150566,42.988482506396224,2020-07-17,1,13.0
55079186800,55079001400,-87.9506670108877,43.02815858561159,-88.01656972395298,43.130900969315825,2020-07-17,1,13.0
55079186800,55079002800,-87.9506670108877,43.02815858561159,-87.97141961541004,43.10830621321033,2020-07-17,2,27.0
55079186800,55079186500,-87.9506670108877,43.02815858561159,-87.9130303085029,43.02319729476483,2020-07-17,1,13.0
55079186800,55079016800,-87.9506670108877,43.02815858561159,-87.92935001478907,43.01036042537408,2020-07-17,1,13.0
55079186800,55079120101,-87.9506670108877,43.02815858561159,-88.04814010007517,42.95916305909443,2020-07-17,1,13.0
55079186800,55079003600,-87.9506670108877,43.02815858561159,-87.98321131530031,43.092736225323044,2020-07-17,1,13.0
55079186800,55079005500,-87.9506670108877,43.02815858561159,-88.03284541742188,43.08237006688624,2020-07-17,1,13.0
55079186800,55079187000,-87.9506670108877,43.02815858561159,-87.88728455831759,43.05530607398437,2020-07-17,1,13.0
55079186800,55079002900,-87.9506670108877,43.02815858561159,-87.98131890013833,43.108341188298006,2020-07-17,1,13.0
55079186800,55079100800,-87.9506670108877,43.02815858561159,-88.05710943935104,43.023654444193184,2020-07-17,1,13.0
55079186800,55079050102,-87.9506670108877,43.02815858561159,-87.96743569232115,43.172443064752215,2020-07-17,1,13.0
55079186800,55079180300,-87.9506670108877,43.02815858561159,-87.87005593266791,42.951885652862586,2020-07-17,1,13.0
55079186800,55079015800,-87.9506670108877,43.02815858561159,-87.93761636287321,43.021659379009066,2020-07-17,9,121.0
55079186800,55079020700,-87.9506670108877,43.02815858561159,-87.89282968229121,42.980391637955094,2020-07-17,2,27.0
55079186800,55079020400,-87.9506670108877,43.02815858561159,-87.9300852632457,42.98834002972675,2020-07-17,1,13.0
55079186800,55079003100,-87.9506670108877,43.02815858561159,-87.98607018194353,43.10091760946077,2020-07-17,1,13.0
55079186800,55079007600,-87.9506670108877,43.02815858561159,-87.87859580944733,43.06399812725538,2020-07-17,1,13.0
55079186800,55079014900,-87.9506670108877,43.02815858561159,-87.94481830610269,43.03704436935605,2020-07-17,1,13.0
55079186800,55079012300,-87.9506670108877,43.02815858561159,-87.96196748080853,43.043599093031496,2020-07-17,1,13.0
55079186800,55079001500,-87.9506670108877,43.02815858561159,-88.01520145334699,43.123754077777434,2020-07-17,1,13.0
55079186800,55079018200,-87.9506670108877,43.02815858561159,-87.87369831321716,42.99249911585218,2020-07-17,1,13.0
55079186800,55079004700,-87.9506670108877,43.02815858561159,-87.94760565609727,43.08576787197636,2020-07-17,1,13.0
55079186800,55079021500,-87.9506670108877,43.02815858561159,-87.94398245259515,42.952098604888974,2020-07-17,1,13.0
55079186800,55079020200,-87.9506670108877,43.02815858561159,-87.94112496275925,42.977527635995024,2020-07-17,1,13.0
55079186800,55079016000,-87.9506670108877,43.02815858561159,-87.95725941865898,43.02137414837421,2020-07-17,1,13.0
55079186800,55079016400,-87.9506670108877,43.02815858561159,-87.92777599229481,43.01665943799343,2020-07-17,3,40.0
55079186800,55079002600,-87.9506670108877,43.02815858561159,-87.96192834607115,43.10067420371696,2020-07-17,1,13.0
55079186800,55079009000,-87.9506670108877,43.02815858561159,-87.9610837883489,43.060355868415826,2020-07-17,1,13.0
55079186800,55079013700,-87.9506670108877,43.02815858561159,-87.94529508707278,43.04229912697773,2020-07-17,1,13.0
55079186800,55079001100,-87.9506670108877,43.02815858561159,-87.96901390366762,43.127689901740844,2020-07-17,1,13.0
55079186800,55079017600,-87.9506670108877,43.02815858561159,-87.92236059293215,43.00280872383964,2020-07-17,1,13.0
55079186800,55079009600,-87.9506670108877,43.02815858561159,-87.96486502955395,43.05277336645368,2020-07-17,4,54.0
55079186800,55079014300,-87.9506670108877,43.02815858561159,-87.90101539256612,43.042731429373134,2020-07-17,1,13.0
55079186800,55079020600,-87.9506670108877,43.02815858561159,-87.90444286867323,42.9810337820488,2020-07-17,1,13.0
55079186800,55079008900,-87.9506670108877,43.02815858561159,-87.95337828163817,43.06706338271535,2020-07-17,1,13.0
55079186800,55079091000,-87.9506670108877,43.02815858561159,-87.99705672432205,43.06433297165757,2020-07-17,1,13.0
55079186800,55079185800,-87.9506670108877,43.02815858561159,-87.94265216254213,43.0538687550207,2020-07-17,1,13.0
55079186800,55079185600,-87.9506670108877,43.02815858561159,-87.91469071944607,43.06026722158336,2020-07-17,1,13.0
55079186800,55079005100,-87.9506670108877,43.02815858561159,-87.99757698420609,43.08261869423604,2020-07-17,2,27.0
55079186800,55079004900,-87.9506670108877,43.02815858561159,-87.97231517837423,43.077061406485264,2020-07-17,1,13.0
55079186800,55079170300,-87.9506670108877,43.02815858561159,-87.87538996197884,42.9095536521384,2020-07-17,1,13.0
55079186800,55079186100,-87.9506670108877,43.02815858561159,-87.94279275484007,43.048652729679134,2020-07-17,1,13.0
55079186800,55079016900,-87.9506670108877,43.02815858561159,-87.93770785693083,43.00951913559766,2020-07-17,2,27.0
55079186800,55079013300,-87.9506670108877,43.02815858561159,-87.96206431187025,43.03483590901066,2020-07-17,3,40.0
55079186800,55079009300,-87.9506670108877,43.02815858561159,-87.98314520393755,43.060746025032145,2020-07-17,1,13.0
55079186800,55079017000,-87.9506670108877,43.02815858561159,-87.9475259715867,43.01041841584858,2020-07-17,1,13.0
55079186800,55079006500,-87.9506670108877,43.02815858561159,-87.94229465456391,43.0797331466399,2020-07-17,2,27.0
55079186800,55079015900,-87.9506670108877,43.02815858561159,-87.9473669417017,43.02159668337006,2020-07-17,5,67.0
55079186800,55079013500,-87.9506670108877,43.02815858561159,-87.9526122313311,43.040147622140005,2020-07-17,1,13.0
55079010700,55079004300,-87.90095083433016,43.0597678010215,-87.93220867621264,43.094799127568905,2020-07-17,1,32.0
55079010700,55079060200,-87.90095083433016,43.0597678010215,-87.9245165328896,43.11556508690733,2020-07-17,4,129.0
55079010700,55079004400,-87.90095083433016,43.0597678010215,-87.90608569163814,43.089298213737145,2020-07-17,3,97.0
55079010700,55079000202,-87.90095083433016,43.0597678010215,-88.04132965001602,43.160382512849615,2020-07-17,1,32.0
55079010700,55079110100,-87.90095083433016,43.0597678010215,-87.9710022364233,43.012448953036525,2020-07-17,1,32.0
55079010700,55079021700,-87.90095083433016,43.0597678010215,-87.91312462574102,42.94052513723052,2020-07-17,1,32.0
55079010700,55079090100,-87.90095083433016,43.0597678010215,-88.04837730790923,43.0973204568905,2020-07-17,1,32.0
55079010700,55079090900,-87.90095083433016,43.0597678010215,-88.00270912368009,43.06124682618238,2020-07-17,2,64.0
55079010700,55079004800,-87.90095083433016,43.0597678010215,-87.96231596301399,43.077035360461494,2020-07-17,1,32.0
55079010700,55079185300,-87.90095083433016,43.0597678010215,-88.04265402690729,43.049880154873065,2020-07-17,1,32.0
55079010700,55079187400,-87.90095083433016,43.0597678010215,-87.90767949876499,43.03217517915639,2020-07-17,1,32.0
55079010700,55079150304,-87.90095083433016,43.0597678010215,-88.02760163837803,42.91519132559998,2020-07-17,1,32.0
55079010700,55079000800,-87.90095083433016,43.0597678010215,-87.97372753660457,43.14064967469203,2020-07-17,1,32.0
55079010700,55079130200,-87.90095083433016,43.0597678010215,-88.05891051157585,42.93732261654573,2020-07-17,1,32.0
55079010700,55079000400,-87.90095083433016,43.0597678010215,-88.05554472050937,43.110954423820296,2020-07-17,2,64.0
55079010700,55079186800,-87.90095083433016,43.0597678010215,-87.9506670108877,43.02815858561159,2020-07-17,1,32.0
55079010700,55079187200,-87.90095083433016,43.0597678010215,-88.00769048889484,42.863813659193866,2020-07-17,1,32.0
55079010700,55079160203,-87.90095083433016,43.0597678010215,-87.91638950191752,42.89402789790319,2020-07-17,1,32.0
55079010700,55079006800,-87.90095083433016,43.0597678010215,-87.92500216567623,43.079683301494654,2020-07-17,1,32.0
55079010700,55079100900,-87.90095083433016,43.0597678010215,-88.05216898532913,43.00959788353506,2020-07-17,1,32.0
55079010700,55079007000,-87.90095083433016,43.0597678010215,-87.91122456687498,43.07424564740019,2020-07-17,1,32.0
55079010700,55079007500,-87.90095083433016,43.0597678010215,-87.87772470520909,43.071061371506396,2020-07-17,2,64.0
55079010700,55079001600,-87.90095083433016,43.0597678010215,-88.01599665750028,43.11588641903863,2020-07-17,1,32.0
55079010700,55079008100,-87.90095083433016,43.0597678010215,-87.90743836658615,43.067471782486706,2020-07-17,1,32.0
55079010700,55079011300,-87.90095083433016,43.0597678010215,-87.90713298111844,43.04890661506502,2020-07-17,1,32.0
55079010700,55079014400,-87.90095083433016,43.0597678010215,-87.90784049253895,43.042413401572134,2020-07-17,1,32.0
55079010700,55079070200,-87.90095083433016,43.0597678010215,-87.8919112738197,43.1133970416122,2020-07-17,2,64.0
55079010700,55079003400,-87.90095083433016,43.0597678010215,-88.02444287795417,43.0934576342605,2020-07-17,2,64.0
55079010700,55079015800,-87.90095083433016,43.0597678010215,-87.93761636287321,43.021659379009066,2020-07-17,1,32.0
55079010700,55079007100,-87.90095083433016,43.0597678010215,-87.90149576859913,43.07383574480911,2020-07-17,3,97.0
55079010700,55079007900,-87.90095083433016,43.0597678010215,-87.89683936352995,43.06599950452746,2020-07-17,3,97.0
55079010700,55079007300,-87.90095083433016,43.0597678010215,-87.88807891595606,43.0779148594549,2020-07-17,1,32.0
55079010700,55079080200,-87.90095083433016,43.0597678010215,-87.8877423232882,43.0942616397457,2020-07-17,4,129.0
55079010700,55079016300,-87.90095083433016,43.0597678010215,-87.93764055272034,43.01572710315665,2020-07-17,1,32.0
55079010700,55079010700,-87.90095083433016,43.0597678010215,-87.90095083433016,43.0597678010215,2020-07-17,67,2174.0
55079010700,55079100200,-87.90095083433016,43.0597678010215,-87.99137992566246,43.01460892403096,2020-07-17,1,32.0
55079010700,55079007200,-87.90095083433016,43.0597678010215,-87.89788270005259,43.07774402945858,2020-07-17,1,32.0
55079010700,55079007600,-87.90095083433016,43.0597678010215,-87.87859580944733,43.06399812725538,2020-07-17,1,32.0
55079010700,55079001300,-87.90095083433016,43.0597678010215,-87.99843350448002,43.126783535933505,2020-07-17,1,32.0
55079010700,55079020300,-87.90095083433016,43.0597678010215,-87.92658964497383,42.979242665655576,2020-07-17,1,32.0
55079010700,55079011000,-87.90095083433016,43.0597678010215,-87.89727240641399,43.050053518943756,2020-07-17,1,32.0
55079010700,55079000304,-87.90095083433016,43.0597678010215,-88.02644618111368,43.14364069729464,2020-07-17,1,32.0
55079010700,55079016500,-87.90095083433016,43.0597678010215,-87.91153110922029,43.01579142211555,2020-07-17,1,32.0
55079010700,55079186200,-87.90095083433016,43.0597678010215,-87.93244814260824,43.04856605375616,2020-07-17,1,32.0
55079010700,55079007400,-87.90095083433016,43.0597678010215,-87.87216855868374,43.078043126250115,2020-07-17,2,64.0
55079010700,55079008000,-87.90095083433016,43.0597678010215,-87.90282982859381,43.067480284048756,2020-07-17,1,32.0
55079010700,55079012900,-87.90095083433016,43.0597678010215,-87.99989477924994,43.028140622580246,2020-07-17,1,32.0
55079010700,55079001000,-87.90095083433016,43.0597678010215,-87.95348314468296,43.12464896388482,2020-07-17,1,32.0
55079010700,55079009300,-87.90095083433016,43.0597678010215,-87.98314520393755,43.060746025032145,2020-07-17,1,32.0
55079010700,55079017000,-87.90095083433016,43.0597678010215,-87.9475259715867,43.01041841584858,2020-07-17,1,32.0
55079010700,55079090800,-87.90095083433016,43.0597678010215,-88.01754834659646,43.063072316879136,2020-07-17,1,32.0
55079014300,55079060200,-87.90101539256612,43.042731429373134,-87.9245165328896,43.11556508690733,2020-07-17,1,39.0
55079014300,55079011400,-87.90101539256612,43.042731429373134,-87.9106574898586,43.05269479350376,2020-07-17,1,39.0
55079014300,55079021200,-87.90101539256612,43.042731429373134,-87.92101040508955,42.965284697357816,2020-07-17,1,39.0
55079014300,55079090300,-87.90101539256612,43.042731429373134,-88.0515779905257,43.06739040507833,2020-07-17,2,79.0
55079014300,55079186300,-87.90101539256612,43.042731429373134,-87.91799927397663,43.040616743150025,2020-07-17,2,79.0
55079014300,55079021700,-87.90101539256612,43.042731429373134,-87.91312462574102,42.94052513723052,2020-07-17,1,39.0
55079014300,55079019100,-87.90101539256612,43.042731429373134,-87.96549351619066,42.982165146288615,2020-07-17,1,39.0
55079014300,55079120203,-87.90101539256612,43.042731429373134,-88.00776394431053,42.95694649923871,2020-07-17,3,119.0
55079014300,55079019400,-87.90101539256612,43.042731429373134,-88.02755647500341,42.984577749923744,2020-07-17,1,39.0
55079014300,55079000501,-87.90101539256612,43.042731429373134,-88.04340002069712,43.115390222488664,2020-07-17,1,39.0
55079014300,55079185300,-87.90101539256612,43.042731429373134,-88.04265402690729,43.049880154873065,2020-07-17,1,39.0
55079014300,55079187400,-87.90101539256612,43.042731429373134,-87.90767949876499,43.03217517915639,2020-07-17,1,39.0
55079014300,55079186800,-87.90101539256612,43.042731429373134,-87.9506670108877,43.02815858561159,2020-07-17,2,79.0
55079014300,55079101100,-87.90101539256612,43.042731429373134,-88.04276904850849,42.99420752845147,2020-07-17,1,39.0
55079014300,55079140201,-87.90101539256612,43.042731429373134,-87.99911426080601,42.93902100763907,2020-07-17,1,39.0
55079014300,55079186500,-87.90101539256612,43.042731429373134,-87.9130303085029,43.02319729476483,2020-07-17,1,39.0
55079014300,55079011300,-87.90101539256612,43.042731429373134,-87.90713298111844,43.04890661506502,2020-07-17,1,39.0
55079014300,55079014400,-87.90101539256612,43.042731429373134,-87.90784049253895,43.042413401572134,2020-07-17,8,319.0
55079014300,55079187000,-87.90101539256612,43.042731429373134,-87.88728455831759,43.05530607398437,2020-07-17,1,39.0
55079014300,55079130100,-87.90101539256612,43.042731429373134,-88.04407902007586,42.942752065148895,2020-07-17,1,39.0
55079014300,55079020700,-87.90101539256612,43.042731429373134,-87.89282968229121,42.980391637955094,2020-07-17,1,39.0
55079014300,55079007300,-87.90101539256612,43.042731429373134,-87.88807891595606,43.0779148594549,2020-07-17,1,39.0
55079014300,55079010700,-87.90101539256612,43.042731429373134,-87.90095083433016,43.0597678010215,2020-07-17,1,39.0
55079014300,55079005900,-87.90101539256612,43.042731429373134,-87.98523579862835,43.06821108392844,2020-07-17,1,39.0
55079014300,55079007600,-87.90101539256612,43.042731429373134,-87.87859580944733,43.06399812725538,2020-07-17,1,39.0
55079014300,55079120202,-87.90101539256612,43.042731429373134,-87.99868084532402,42.965848843600455,2020-07-17,1,39.0
55079014300,55079011000,-87.90101539256612,43.042731429373134,-87.89727240641399,43.050053518943756,2020-07-17,1,39.0
55079014300,55079000201,-87.90101539256612,43.042731429373134,-88.0472441211064,43.1799495757708,2020-07-17,1,39.0
55079014300,55079007800,-87.90101539256612,43.042731429373134,-87.88801504624632,43.07075279367613,2020-07-17,1,39.0
55079014300,55079018500,-87.90101539256612,43.042731429373134,-87.91439743752404,42.98441904059949,2020-07-17,2,79.0
55079014300,55079020500,-87.90101539256612,43.042731429373134,-87.92272370744391,42.988321496925906,2020-07-17,1,39.0
55079014300,55079186400,-87.90101539256612,43.042731429373134,-87.93038892981184,43.03695266796131,2020-07-17,2,79.0
55079014300,55079014300,-87.90101539256612,43.042731429373134,-87.90101539256612,43.042731429373134,2020-07-17,47,1878.0
55079014300,55079101300,-87.90101539256612,43.042731429373134,-88.02770018483265,42.99907770295741,2020-07-17,1,39.0
55079014300,55079011100,-87.90101539256612,43.042731429373134,-87.90155963599153,43.04933924860895,2020-07-17,2,79.0
55079014300,55079170100,-87.90101539256612,43.042731429373134,-87.84892368656588,42.919583500675934,2020-07-17,1,39.0
55079014300,55079186200,-87.90101539256612,43.042731429373134,-87.93244814260824,43.04856605375616,2020-07-17,1,39.0
55079014300,55079021800,-87.90101539256612,43.042731429373134,-87.95694377227925,42.94079756603018,2020-07-17,1,39.0
55079014300,55079186900,-87.90101539256612,43.042731429373134,-87.88804149673794,43.05226526687869,2020-07-17,1,39.0
55079014300,55079170600,-87.90101539256612,43.042731429373134,-87.86320935056827,42.907724102777856,2020-07-17,1,39.0
55079014300,55079170400,-87.90101539256612,43.042731429373134,-87.8734267877277,42.89848248246609,2020-07-17,1,39.0
55079014300,55079021100,-87.90101539256612,43.042731429373134,-87.91444199314573,42.970152010378044,2020-07-17,1,39.0
55079100500,55079060200,-88.02674691869541,43.01326660162138,-87.9245165328896,43.11556508690733,2020-07-17,2,39.0
55079100500,55079012800,-88.02674691869541,43.01326660162138,-88.03145321223326,43.03059221584991,2020-07-17,3,59.0
55079100500,55079019000,-88.02674691869541,43.01326660162138,-87.967877289968,42.995496154489715,2020-07-17,1,19.0
55079100500,55079100700,-88.02674691869541,43.01326660162138,-88.03788629567484,43.0213025080197,2020-07-17,12,239.0
55079100500,55079000101,-88.02674691869541,43.01326660162138,-88.00922083481396,43.18510784936368,2020-07-17,1,19.0
55079100500,55079011400,-88.02674691869541,43.01326660162138,-87.9106574898586,43.05269479350376,2020-07-17,1,19.0
55079100500,55079110100,-88.02674691869541,43.01326660162138,-87.9710022364233,43.012448953036525,2020-07-17,6,119.0
55079100500,55079101000,-88.02674691869541,43.01326660162138,-88.05764456171738,42.99173938525954,2020-07-17,7,139.0
55079100500,55079090300,-88.02674691869541,43.01326660162138,-88.0515779905257,43.06739040507833,2020-07-17,2,39.0
55079100500,55079101600,-88.02674691869541,43.01326660162138,-87.98881839806968,43.003113634057684,2020-07-17,1,19.0
55079100500,55079120400,-88.02674691869541,43.01326660162138,-87.96548496050795,42.96670427425607,2020-07-17,1,19.0
55079100500,55079120203,-88.02674691869541,43.01326660162138,-88.00776394431053,42.95694649923871,2020-07-17,1,19.0
55079100500,55079170500,-88.02674691869541,43.01326660162138,-87.85764758199707,42.897602993060175,2020-07-17,1,19.0
55079100500,55079160300,-88.02674691869541,43.01326660162138,-87.8893867076047,42.856940087232964,2020-07-17,1,19.0
55079100500,55079019400,-88.02674691869541,43.01326660162138,-88.02755647500341,42.984577749923744,2020-07-17,1,19.0
55079100500,55079090600,-88.02674691869541,43.01326660162138,-88.05435154566402,43.03795832032663,2020-07-17,3,59.0
55079100500,55079185300,-88.02674691869541,43.01326660162138,-88.04265402690729,43.049880154873065,2020-07-17,5,99.0
55079100500,55079180500,-88.02674691869541,43.01326660162138,-87.87471526249948,42.93725893299447,2020-07-17,1,19.0
55079100500,55079012500,-88.02674691869541,43.01326660162138,-87.97654888060033,43.037091021714275,2020-07-17,1,19.0
55079100500,55079160204,-88.02674691869541,43.01326660162138,-87.9317944903397,42.879700165258704,2020-07-17,1,19.0
55079100500,55079186800,-88.02674691869541,43.01326660162138,-87.9506670108877,43.02815858561159,2020-07-17,2,39.0
55079100500,55079091200,-88.02674691869541,43.01326660162138,-88.00388284004167,43.0467075980639,2020-07-17,1,19.0
55079100500,55079100500,-88.02674691869541,43.01326660162138,-88.02674691869541,43.01326660162138,2020-07-17,154,3076.0
55079100500,55079100600,-88.02674691869541,43.01326660162138,-88.02237498004419,43.02035162464835,2020-07-17,3,59.0
55079100500,55079001400,-88.02674691869541,43.01326660162138,-88.01656972395298,43.130900969315825,2020-07-17,1,19.0
55079100500,55079014600,-88.02674691869541,43.01326660162138,-87.93032605572249,43.04237842637439,2020-07-17,1,19.0
55079100500,55079100900,-88.02674691869541,43.01326660162138,-88.05216898532913,43.00959788353506,2020-07-17,8,159.0
55079100500,55079101100,-88.02674691869541,43.01326660162138,-88.04276904850849,42.99420752845147,2020-07-17,4,79.0
55079100500,55079003300,-88.02674691869541,43.01326660162138,-88.0173066794685,43.1010408446094,2020-07-17,1,19.0
55079100500,55079120101,-88.02674691869541,43.01326660162138,-88.04814010007517,42.95916305909443,2020-07-17,2,39.0
55079100500,55079070100,-88.02674691869541,43.01326660162138,-87.9076583493148,43.12063010988105,2020-07-17,1,19.0
55079100500,55079030100,-88.02674691869541,43.01326660162138,-87.89837270942148,43.1819862198906,2020-07-17,1,19.0
55079100500,55079101400,-88.02674691869541,43.01326660162138,-88.02735540531337,43.00631524274058,2020-07-17,4,79.0
55079100500,55079035100,-88.02674691869541,43.01326660162138,-87.89285549776399,43.15380150659221,2020-07-17,1,19.0
55079100500,55079014400,-88.02674691869541,43.01326660162138,-87.90784049253895,43.042413401572134,2020-07-17,1,19.0
55079100500,55079100400,-88.02674691869541,43.01326660162138,-88.01166560297426,43.0170103539625,2020-07-17,16,319.0
55079100500,55079016100,-88.02674691869541,43.01326660162138,-87.95946595975387,43.016089910899275,2020-07-17,2,39.0
55079100500,55079120102,-88.02674691869541,43.01326660162138,-88.04966546230908,42.97409794368699,2020-07-17,1,19.0
55079100500,55079130100,-88.02674691869541,43.01326660162138,-88.04407902007586,42.942752065148895,2020-07-17,1,19.0
55079100500,55079101800,-88.02674691869541,43.01326660162138,-88.00969812606968,42.99373426381014,2020-07-17,1,19.0
55079100500,55079100800,-88.02674691869541,43.01326660162138,-88.05710943935104,43.023654444193184,2020-07-17,4,79.0
55079100500,55079120201,-88.02674691869541,43.01326660162138,-88.01868214174351,42.96737507435749,2020-07-17,2,39.0
55079100500,55079180300,-88.02674691869541,43.01326660162138,-87.87005593266791,42.951885652862586,2020-07-17,2,39.0
55079100500,55079185100,-88.02674691869541,43.01326660162138,-87.86132764015301,42.9760744263621,2020-07-17,1,19.0
55079100500,55079019900,-88.02674691869541,43.01326660162138,-87.98235255712866,42.973172118392476,2020-07-17,1,19.0
55079100500,55079000700,-88.02674691869541,43.01326660162138,-87.99009583376943,43.15588909293765,2020-07-17,2,39.0
55079100500,55079101500,-88.02674691869541,43.01326660162138,-88.00747595996755,43.007126720391405,2020-07-17,3,59.0
55079100500,55079101700,-88.02674691869541,43.01326660162138,-88.00697190300957,43.00173437379505,2020-07-17,3,59.0
55079100500,55079100200,-88.02674691869541,43.01326660162138,-87.99137992566246,43.01460892403096,2020-07-17,6,119.0
55079100500,55079012600,-88.02674691869541,43.01326660162138,-87.99443577770006,43.034032251200934,2020-07-17,2,39.0
55079100500,55079000900,-88.02674691869541,43.01326660162138,-87.95566887882444,43.14970170326806,2020-07-17,1,19.0
55079100500,55079020300,-88.02674691869541,43.01326660162138,-87.92658964497383,42.979242665655576,2020-07-17,1,19.0
55079100500,55079017400,-88.02674691869541,43.01326660162138,-87.9382983850757,43.00476614107047,2020-07-17,1,19.0
55079100500,55079018800,-88.02674691869541,43.01326660162138,-87.94058386370827,42.99929639057026,2020-07-17,1,19.0
55079100500,55079186600,-88.02674691869541,43.01326660162138,-87.91355022125023,43.001384465822476,2020-07-17,1,19.0
55079100500,55079012300,-88.02674691869541,43.01326660162138,-87.96196748080853,43.043599093031496,2020-07-17,1,19.0
55079100500,55079000201,-88.02674691869541,43.01326660162138,-88.0472441211064,43.1799495757708,2020-07-17,1,19.0
55079100500,55079007800,-88.02674691869541,43.01326660162138,-87.88801504624632,43.07075279367613,2020-07-17,1,19.0
55079100500,55079012700,-88.02674691869541,43.01326660162138,-88.0122777504643,43.029662330242175,2020-07-17,2,39.0
55079100500,55079018700,-88.02674691869541,43.01326660162138,-87.92991431934564,42.995583237143,2020-07-17,1,19.0
55079100500,55079101300,-88.02674691869541,43.01326660162138,-88.02770018483265,42.99907770295741,2020-07-17,5,99.0
55079100500,55079004100,-88.02674691869541,43.01326660162138,-87.95681147526382,43.0940907627305,2020-07-17,1,19.0
55079100500,55079100300,-88.02674691869541,43.01326660162138,-88.00316709835943,43.017354422985534,2020-07-17,1,19.0
55079100500,55079101200,-88.02674691869541,43.01326660162138,-88.02772831407549,42.99180235090393,2020-07-17,1,19.0
55079100500,55079004900,-88.02674691869541,43.01326660162138,-87.97231517837423,43.077061406485264,2020-07-17,1,19.0
55079100500,55079007400,-88.02674691869541,43.01326660162138,-87.87216855868374,43.078043126250115,2020-07-17,1,19.0
55079100500,55079186100,-88.02674691869541,43.01326660162138,-87.94279275484007,43.048652729679134,2020-07-17,1,19.0
55079100500,55079016900,-88.02674691869541,43.01326660162138,-87.93770785693083,43.00951913559766,2020-07-17,1,19.0
55079007100,55079060200,-87.90149576859913,43.07383574480911,-87.9245165328896,43.11556508690733,2020-07-17,3,92.0
55079007100,55079004400,-87.90149576859913,43.07383574480911,-87.90608569163814,43.089298213737145,2020-07-17,3,92.0
55079007100,55079012800,-87.90149576859913,43.07383574480911,-88.03145321223326,43.03059221584991,2020-07-17,1,30.0
55079007100,55079016200,-87.90149576859913,43.07383574480911,-87.94745090497267,43.01660575920564,2020-07-17,2,61.0
55079007100,55079010800,-87.90149576859913,43.07383574480911,-87.88986181293924,43.05733829509928,2020-07-17,1,30.0
55079007100,55079011200,-87.90149576859913,43.07383574480911,-87.89756439120579,43.055476240018415,2020-07-17,1,30.0
55079007100,55079011400,-87.90149576859913,43.07383574480911,-87.9106574898586,43.05269479350376,2020-07-17,1,30.0
55079007100,55079110100,-87.90149576859913,43.07383574480911,-87.9710022364233,43.012448953036525,2020-07-17,1,30.0
55079007100,55079101000,-87.90149576859913,43.07383574480911,-88.05764456171738,42.99173938525954,2020-07-17,1,30.0
55079007100,55079012400,-87.90149576859913,43.07383574480911,-87.97680856828566,43.04580144948212,2020-07-17,2,61.0
55079007100,55079120400,-87.90149576859913,43.07383574480911,-87.96548496050795,42.96670427425607,2020-07-17,1,30.0
55079007100,55079080300,-87.90149576859913,43.07383574480911,-87.87475616434764,43.089996653126924,2020-07-17,2,61.0
55079007100,55079185300,-87.90149576859913,43.07383574480911,-88.04265402690729,43.049880154873065,2020-07-17,2,61.0
55079007100,55079020800,-87.90149576859913,43.07383574480911,-87.87636299879055,42.985307292991365,2020-07-17,1,30.0
55079007100,55079187400,-87.90149576859913,43.07383574480911,-87.90767949876499,43.03217517915639,2020-07-17,1,30.0
55079007100,55079150304,-87.90149576859913,43.07383574480911,-88.02760163837803,42.91519132559998,2020-07-17,1,30.0
55079007100,55079186800,-87.90149576859913,43.07383574480911,-87.9506670108877,43.02815858561159,2020-07-17,1,30.0
55079007100,55079100600,-87.90149576859913,43.07383574480911,-88.02237498004419,43.02035162464835,2020-07-17,1,30.0
55079007100,55079002800,-87.90149576859913,43.07383574480911,-87.97141961541004,43.10830621321033,2020-07-17,1,30.0
55079007100,55079007000,-87.90149576859913,43.07383574480911,-87.91122456687498,43.07424564740019,2020-07-17,1,30.0
55079007100,55079140100,-87.90149576859913,43.07383574480911,-88.0188613886232,42.93745223479677,2020-07-17,1,30.0
55079007100,55079140201,-87.90149576859913,43.07383574480911,-87.99911426080601,42.93902100763907,2020-07-17,1,30.0
55079007100,55079186500,-87.90149576859913,43.07383574480911,-87.9130303085029,43.02319729476483,2020-07-17,1,30.0
55079007100,55079007700,-87.90149576859913,43.07383574480911,-87.88849935823362,43.06389053422122,2020-07-17,5,154.0
55079007100,55079008100,-87.90149576859913,43.07383574480911,-87.90743836658615,43.067471782486706,2020-07-17,2,61.0
55079007100,55079040100,-87.90149576859913,43.07383574480911,-87.93527423095499,43.17163768621121,2020-07-17,1,30.0
55079007100,55079011300,-87.90149576859913,43.07383574480911,-87.90713298111844,43.04890661506502,2020-07-17,1,30.0
55079007100,55079187000,-87.90149576859913,43.07383574480911,-87.88728455831759,43.05530607398437,2020-07-17,2,61.0
55079007100,55079016600,-87.90149576859913,43.07383574480911,-87.9139279223807,43.010028166006215,2020-07-17,1,30.0
55079007100,55079120102,-87.90149576859913,43.07383574480911,-88.04966546230908,42.97409794368699,2020-07-17,1,30.0
55079007100,55079007100,-87.90149576859913,43.07383574480911,-87.90149576859913,43.07383574480911,2020-07-17,50,1545.0
55079007100,55079007900,-87.90149576859913,43.07383574480911,-87.89683936352995,43.06599950452746,2020-07-17,3,92.0
55079007100,55079080200,-87.90149576859913,43.07383574480911,-87.8877423232882,43.0942616397457,2020-07-17,1,30.0
55079007100,55079016300,-87.90149576859913,43.07383574480911,-87.93764055272034,43.01572710315665,2020-07-17,1,30.0
55079007100,55079010700,-87.90149576859913,43.07383574480911,-87.90095083433016,43.0597678010215,2020-07-17,3,92.0
55079007100,55079007200,-87.90149576859913,43.07383574480911,-87.89788270005259,43.07774402945858,2020-07-17,3,92.0
55079007100,55079007600,-87.90149576859913,43.07383574480911,-87.87859580944733,43.06399812725538,2020-07-17,1,30.0
55079007100,55079011000,-87.90149576859913,43.07383574480911,-87.89727240641399,43.050053518943756,2020-07-17,1,30.0
55079007100,55079080400,-87.90149576859913,43.07383574480911,-87.88848724040903,43.08594082590386,2020-07-17,1,30.0
55079007100,55079003900,-87.90149576859913,43.07383574480911,-87.96215160813261,43.086172227530916,2020-07-17,1,30.0
55079007100,55079007800,-87.90149576859913,43.07383574480911,-87.88801504624632,43.07075279367613,2020-07-17,1,30.0
55079007100,55079004700,-87.90149576859913,43.07383574480911,-87.94760565609727,43.08576787197636,2020-07-17,1,30.0
55079007100,55079012700,-87.90149576859913,43.07383574480911,-88.0122777504643,43.029662330242175,2020-07-17,1,30.0
55079007100,55079016500,-87.90149576859913,43.07383574480911,-87.91153110922029,43.01579142211555,2020-07-17,1,30.0
55079007100,55079011100,-87.90149576859913,43.07383574480911,-87.90155963599153,43.04933924860895,2020-07-17,1,30.0
55079007100,55079004100,-87.90149576859913,43.07383574480911,-87.95681147526382,43.0940907627305,2020-07-17,1,30.0
55079007100,55079014800,-87.90149576859913,43.07383574480911,-87.9402035907502,43.042125624825495,2020-07-17,1,30.0
55079007100,55079060102,-87.90149576859913,43.07383574480911,-87.93974960524739,43.148654535590595,2020-07-17,1,30.0
55079007100,55079008000,-87.90149576859913,43.07383574480911,-87.90282982859381,43.067480284048756,2020-07-17,2,61.0
55079007100,55079017100,-87.90149576859913,43.07383574480911,-87.95808412992528,43.01056521552099,2020-07-17,1,30.0
55079007100,55079006500,-87.90149576859913,43.07383574480911,-87.94229465456391,43.0797331466399,2020-07-17,1,30.0
55079002400,55079002100,-87.95188617843814,43.106404380820805,-87.95315716160212,43.115529640428136,2020-07-17,6,115.0
55079002400,55079002400,-87.95188617843814,43.106404380820805,-87.95188617843814,43.106404380820805,2020-07-17,100,1920.0
55079002400,55079004300,-87.95188617843814,43.106404380820805,-87.93220867621264,43.094799127568905,2020-07-17,5,96.0
55079002400,55079060200,-87.95188617843814,43.106404380820805,-87.9245165328896,43.11556508690733,2020-07-17,3,57.0
55079002400,55079004400,-87.95188617843814,43.106404380820805,-87.90608569163814,43.089298213737145,2020-07-17,6,115.0
55079002400,55079004500,-87.95188617843814,43.106404380820805,-87.92226909278084,43.08550885272536,2020-07-17,1,19.0
55079002400,55079000101,-87.95188617843814,43.106404380820805,-88.00922083481396,43.18510784936368,2020-07-17,3,57.0
55079002400,55079000102,-87.95188617843814,43.106404380820805,-88.01167859828367,43.164645145767146,2020-07-17,2,38.0
55079002400,55079000202,-87.95188617843814,43.106404380820805,-88.04132965001602,43.160382512849615,2020-07-17,1,19.0
55079002400,55079002300,-87.95188617843814,43.106404380820805,-87.93621856893152,43.105985427841645,2020-07-17,5,96.0
55079002400,55079011200,-87.95188617843814,43.106404380820805,-87.89756439120579,43.055476240018415,2020-07-17,4,76.0
55079002400,55079110100,-87.95188617843814,43.106404380820805,-87.9710022364233,43.012448953036525,2020-07-17,3,57.0
55079002400,55079000600,-87.95188617843814,43.106404380820805,-88.00190569680801,43.14010292722225,2020-07-17,4,76.0
55079002400,55079050101,-87.95188617843814,43.106404380820805,-87.98494662348081,43.17683059907653,2020-07-17,1,19.0
55079002400,55079090300,-87.95188617843814,43.106404380820805,-88.0515779905257,43.06739040507833,2020-07-17,4,76.0
55079002400,55079090100,-87.95188617843814,43.106404380820805,-88.04837730790923,43.0973204568905,2020-07-17,1,19.0
55079002400,55079090200,-87.95188617843814,43.106404380820805,-88.05200796218348,43.081902180003375,2020-07-17,2,38.0
55079002400,55079000501,-87.95188617843814,43.106404380820805,-88.04340002069712,43.115390222488664,2020-07-17,1,19.0
55079002400,55079001200,-87.95188617843814,43.106404380820805,-87.98620080987179,43.12617611256525,2020-07-17,2,38.0
55079002400,55079002700,-87.95188617843814,43.106404380820805,-87.97176690626681,43.100825271475365,2020-07-17,1,19.0
55079002400,55079003500,-87.95188617843814,43.106404380820805,-87.99830093777771,43.09359369867719,2020-07-17,2,38.0
55079002400,55079004800,-87.95188617843814,43.106404380820805,-87.96231596301399,43.077035360461494,2020-07-17,2,38.0
55079002400,55079186000,-87.95188617843814,43.106404380820805,-87.92039854147795,43.053956957431964,2020-07-17,1,19.0
55079002400,55079003200,-87.95188617843814,43.106404380820805,-88.00111189801154,43.10115852758208,2020-07-17,2,38.0
55079002400,55079060101,-87.95188617843814,43.106404380820805,-87.92535691568614,43.13950788268824,2020-07-17,1,19.0
55079002400,55079185500,-87.95188617843814,43.106404380820805,-87.92624880733425,43.0601763240656,2020-07-17,3,57.0
55079002400,55079185300,-87.95188617843814,43.106404380820805,-88.04265402690729,43.049880154873065,2020-07-17,2,38.0
55079002400,55079187400,-87.95188617843814,43.106404380820805,-87.90767949876499,43.03217517915639,2020-07-17,2,38.0
55079002400,55079000800,-87.95188617843814,43.106404380820805,-87.97372753660457,43.14064967469203,2020-07-17,2,38.0
55079002400,55079004600,-87.95188617843814,43.106404380820805,-87.9321086251029,43.08569057130924,2020-07-17,2,38.0
55079002400,55079005400,-87.95188617843814,43.106404380820805,-88.02259608100492,43.0824437803151,2020-07-17,1,19.0
55079002400,55079000400,-87.95188617843814,43.106404380820805,-88.05554472050937,43.110954423820296,2020-07-17,1,19.0
55079002400,55079186800,-87.95188617843814,43.106404380820805,-87.9506670108877,43.02815858561159,2020-07-17,1,19.0
55079002400,55079006000,-87.95188617843814,43.106404380820805,-87.97554005335066,43.067947929210746,2020-07-17,1,19.0
55079002400,55079020100,-87.95188617843814,43.106404380820805,-87.94099671150566,42.988482506396224,2020-07-17,1,19.0
55079002400,55079005000,-87.95188617843814,43.106404380820805,-87.98327608357046,43.07665137069942,2020-07-17,3,57.0
55079002400,55079002800,-87.95188617843814,43.106404380820805,-87.97141961541004,43.10830621321033,2020-07-17,1,19.0
55079002400,55079006800,-87.95188617843814,43.106404380820805,-87.92500216567623,43.079683301494654,2020-07-17,1,19.0
55079002400,55079014600,-87.95188617843814,43.106404380820805,-87.93032605572249,43.04237842637439,2020-07-17,1,19.0
55079002400,55079007000,-87.95188617843814,43.106404380820805,-87.91122456687498,43.07424564740019,2020-07-17,1,19.0
55079002400,55079101100,-87.95188617843814,43.106404380820805,-88.04276904850849,42.99420752845147,2020-07-17,1,19.0
55079002400,55079008500,-87.95188617843814,43.106404380820805,-87.9298714910033,43.06776123229879,2020-07-17,2,38.0
55079002400,55079003600,-87.95188617843814,43.106404380820805,-87.98321131530031,43.092736225323044,2020-07-17,3,57.0
55079002400,55079003800,-87.95188617843814,43.106404380820805,-87.97215356169055,43.086187842345545,2020-07-17,1,19.0
55079002400,55079011300,-87.95188617843814,43.106404380820805,-87.90713298111844,43.04890661506502,2020-07-17,2,38.0
55079002400,55079014400,-87.95188617843814,43.106404380820805,-87.90784049253895,43.042413401572134,2020-07-17,3,57.0
55079002400,55079005500,-87.95188617843814,43.106404380820805,-88.03284541742188,43.08237006688624,2020-07-17,1,19.0
55079002400,55079187000,-87.95188617843814,43.106404380820805,-87.88728455831759,43.05530607398437,2020-07-17,1,19.0
55079002400,55079002900,-87.95188617843814,43.106404380820805,-87.98131890013833,43.108341188298006,2020-07-17,2,38.0
55079002400,55079180300,-87.95188617843814,43.106404380820805,-87.87005593266791,42.951885652862586,2020-07-17,1,19.0
55079002400,55079006300,-87.95188617843814,43.106404380820805,-87.95229119818997,43.07635281761954,2020-07-17,2,38.0
55079002400,55079016300,-87.95188617843814,43.106404380820805,-87.93764055272034,43.01572710315665,2020-07-17,4,76.0
55079002400,55079000700,-87.95188617843814,43.106404380820805,-87.99009583376943,43.15588909293765,2020-07-17,2,38.0
55079002400,55079006600,-87.95188617843814,43.106404380820805,-87.93135214789555,43.075399167305534,2020-07-17,1,19.0
55079002400,55079000900,-87.95188617843814,43.106404380820805,-87.95566887882444,43.14970170326806,2020-07-17,2,38.0
55079002400,55079001700,-87.95188617843814,43.106404380820805,-88.01621221830194,43.10855887721336,2020-07-17,2,38.0
55079002400,55079004200,-87.95188617843814,43.106404380820805,-87.94544782159862,43.09516547779425,2020-07-17,4,76.0
55079002400,55079001500,-87.95188617843814,43.106404380820805,-88.01520145334699,43.123754077777434,2020-07-17,1,19.0
55079002400,55079000201,-87.95188617843814,43.106404380820805,-88.0472441211064,43.1799495757708,2020-07-17,1,19.0
55079002400,55079007800,-87.95188617843814,43.106404380820805,-87.88801504624632,43.07075279367613,2020-07-17,1,19.0
55079002400,55079004700,-87.95188617843814,43.106404380820805,-87.94760565609727,43.08576787197636,2020-07-17,1,19.0
55079002400,55079002600,-87.95188617843814,43.106404380820805,-87.96192834607115,43.10067420371696,2020-07-17,2,38.0
55079002400,55079009000,-87.95188617843814,43.106404380820805,-87.9610837883489,43.060355868415826,2020-07-17,1,19.0
55079002400,55079009100,-87.95188617843814,43.106404380820805,-87.96852806703085,43.060675408064526,2020-07-17,2,38.0
55079002400,55079000304,-87.95188617843814,43.106404380820805,-88.02644618111368,43.14364069729464,2020-07-17,3,57.0
55079002400,55079001900,-87.95188617843814,43.106404380820805,-87.98367415791445,43.115686316787006,2020-07-17,3,57.0
55079002400,55079001100,-87.95188617843814,43.106404380820805,-87.96901390366762,43.127689901740844,2020-07-17,3,57.0
55079002400,55079017600,-87.95188617843814,43.106404380820805,-87.92236059293215,43.00280872383964,2020-07-17,1,19.0
55079002400,55079180200,-87.95188617843814,43.106404380820805,-87.85506992096182,42.95465467367753,2020-07-17,1,19.0
55079002400,55079011100,-87.95188617843814,43.106404380820805,-87.90155963599153,43.04933924860895,2020-07-17,1,19.0
55079002400,55079004100,-87.95188617843814,43.106404380820805,-87.95681147526382,43.0940907627305,2020-07-17,1,19.0
55079002400,55079013400,-87.95188617843814,43.106404380820805,-87.95356038604784,43.03496530197635,2020-07-17,1,19.0
55079002400,55079185800,-87.95188617843814,43.106404380820805,-87.94265216254213,43.0538687550207,2020-07-17,1,19.0
55079002400,55079186200,-87.95188617843814,43.106404380820805,-87.93244814260824,43.04856605375616,2020-07-17,1,19.0
55079002400,55079100300,-87.95188617843814,43.106404380820805,-88.00316709835943,43.017354422985534,2020-07-17,1,19.0
55079002400,55079185600,-87.95188617843814,43.106404380820805,-87.91469071944607,43.06026722158336,2020-07-17,1,19.0
55079002400,55079005100,-87.95188617843814,43.106404380820805,-87.99757698420609,43.08261869423604,2020-07-17,1,19.0
55079002400,55079004900,-87.95188617843814,43.106404380820805,-87.97231517837423,43.077061406485264,2020-07-17,1,19.0
55079002400,55079009200,-87.95188617843814,43.106404380820805,-87.97560474362125,43.06069020349929,2020-07-17,2,38.0
55079002400,55079186100,-87.95188617843814,43.106404380820805,-87.94279275484007,43.048652729679134,2020-07-17,1,19.0
55079002400,55079002500,-87.95188617843814,43.106404380820805,-87.96218045466739,43.10795733493045,2020-07-17,3,57.0
55079002400,55079006100,-87.95188617843814,43.106404380820805,-87.96847508739953,43.06791249267312,2020-07-17,1,19.0
55079002400,55079001000,-87.95188617843814,43.106404380820805,-87.95348314468296,43.12464896388482,2020-07-17,5,96.0
55079002400,55079009300,-87.95188617843814,43.106404380820805,-87.98314520393755,43.060746025032145,2020-07-17,1,19.0
55079002400,55079008400,-87.95188617843814,43.106404380820805,-87.92332577697063,43.067583013115005,2020-07-17,2,38.0
55079002400,55079009900,-87.95188617843814,43.106404380820805,-87.94630275235495,43.060274421469344,2020-07-17,1,19.0
55079002400,55079008800,-87.95188617843814,43.106404380820805,-87.94617084834631,43.06788862375971,2020-07-17,2,38.0
55079000202,55079020000,-88.04132965001602,43.160382512849615,-87.95273620994368,42.98405311376188,2020-07-17,2,41.0
55079000202,55079002100,-88.04132965001602,43.160382512849615,-87.95315716160212,43.115529640428136,2020-07-17,1,20.0
55079000202,55079002400,-88.04132965001602,43.160382512849615,-87.95188617843814,43.106404380820805,2020-07-17,1,20.0
55079000202,55079004300,-88.04132965001602,43.160382512849615,-87.93220867621264,43.094799127568905,2020-07-17,3,61.0
55079000202,55079060200,-88.04132965001602,43.160382512849615,-87.9245165328896,43.11556508690733,2020-07-17,1,20.0
55079000202,55079019000,-88.04132965001602,43.160382512849615,-87.967877289968,42.995496154489715,2020-07-17,1,20.0
55079000202,55079100700,-88.04132965001602,43.160382512849615,-88.03788629567484,43.0213025080197,2020-07-17,2,41.0
55079000202,55079000101,-88.04132965001602,43.160382512849615,-88.00922083481396,43.18510784936368,2020-07-17,9,184.0
55079000202,55079000102,-88.04132965001602,43.160382512849615,-88.01167859828367,43.164645145767146,2020-07-17,11,225.0
55079000202,55079000202,-88.04132965001602,43.160382512849615,-88.04132965001602,43.160382512849615,2020-07-17,267,5473.0
55079000202,55079002300,-88.04132965001602,43.160382512849615,-87.93621856893152,43.105985427841645,2020-07-17,1,20.0
55079000202,55079010800,-88.04132965001602,43.160382512849615,-87.88986181293924,43.05733829509928,2020-07-17,1,20.0
55079000202,55079011400,-88.04132965001602,43.160382512849615,-87.9106574898586,43.05269479350376,2020-07-17,2,41.0
55079000202,55079101000,-88.04132965001602,43.160382512849615,-88.05764456171738,42.99173938525954,2020-07-17,2,41.0
55079000202,55079000600,-88.04132965001602,43.160382512849615,-88.00190569680801,43.14010292722225,2020-07-17,7,143.0
55079000202,55079050101,-88.04132965001602,43.160382512849615,-87.98494662348081,43.17683059907653,2020-07-17,10,205.0
55079000202,55079090300,-88.04132965001602,43.160382512849615,-88.0515779905257,43.06739040507833,2020-07-17,3,61.0
55079000202,55079186300,-88.04132965001602,43.160382512849615,-87.91799927397663,43.040616743150025,2020-07-17,4,82.0
55079000202,55079012400,-88.04132965001602,43.160382512849615,-87.97680856828566,43.04580144948212,2020-07-17,2,41.0
55079000202,55079090100,-88.04132965001602,43.160382512849615,-88.04837730790923,43.0973204568905,2020-07-17,3,61.0
55079000202,55079090200,-88.04132965001602,43.160382512849615,-88.05200796218348,43.081902180003375,2020-07-17,2,41.0
55079000202,55079120203,-88.04132965001602,43.160382512849615,-88.00776394431053,42.95694649923871,2020-07-17,2,41.0
55079000202,55079019400,-88.04132965001602,43.160382512849615,-88.02755647500341,42.984577749923744,2020-07-17,1,20.0
55079000202,55079000501,-88.04132965001602,43.160382512849615,-88.04340002069712,43.115390222488664,2020-07-17,3,61.0
55079000202,55079001200,-88.04132965001602,43.160382512849615,-87.98620080987179,43.12617611256525,2020-07-17,3,61.0
55079000202,55079003500,-88.04132965001602,43.160382512849615,-87.99830093777771,43.09359369867719,2020-07-17,2,41.0
55079000202,55079060101,-88.04132965001602,43.160382512849615,-87.92535691568614,43.13950788268824,2020-07-17,2,41.0
55079000202,55079000302,-88.04132965001602,43.160382512849615,-88.04649688617519,43.13922972061493,2020-07-17,1,20.0
55079000202,55079090600,-88.04132965001602,43.160382512849615,-88.05435154566402,43.03795832032663,2020-07-17,1,20.0
55079000202,55079080300,-88.04132965001602,43.160382512849615,-87.87475616434764,43.089996653126924,2020-07-17,1,20.0
55079000202,55079185300,-88.04132965001602,43.160382512849615,-88.04265402690729,43.049880154873065,2020-07-17,5,102.0
55079000202,55079187400,-88.04132965001602,43.160382512849615,-87.90767949876499,43.03217517915639,2020-07-17,2,41.0
55079000202,55079000800,-88.04132965001602,43.160382512849615,-87.97372753660457,43.14064967469203,2020-07-17,5,102.0
55079000202,55079004000,-88.04132965001602,43.160382512849615,-87.97205846198321,43.09342306765945,2020-07-17,2,41.0
55079000202,55079004600,-88.04132965001602,43.160382512849615,-87.9321086251029,43.08569057130924,2020-07-17,1,20.0
55079000202,55079000400,-88.04132965001602,43.160382512849615,-88.05554472050937,43.110954423820296,2020-07-17,2,41.0
55079000202,55079000502,-88.04132965001602,43.160382512849615,-88.03128731150349,43.12480634966938,2020-07-17,3,61.0
55079000202,55079186800,-88.04132965001602,43.160382512849615,-87.9506670108877,43.02815858561159,2020-07-17,2,41.0
55079000202,55079091200,-88.04132965001602,43.160382512849615,-88.00388284004167,43.0467075980639,2020-07-17,1,20.0
55079000202,55079005000,-88.04132965001602,43.160382512849615,-87.98327608357046,43.07665137069942,2020-07-17,1,20.0
55079000202,55079001400,-88.04132965001602,43.160382512849615,-88.01656972395298,43.130900969315825,2020-07-17,2,41.0
55079000202,55079002800,-88.04132965001602,43.160382512849615,-87.97141961541004,43.10830621321033,2020-07-17,1,20.0
55079000202,55079007000,-88.04132965001602,43.160382512849615,-87.91122456687498,43.07424564740019,2020-07-17,1,20.0
55079000202,55079101100,-88.04132965001602,43.160382512849615,-88.04276904850849,42.99420752845147,2020-07-17,1,20.0
55079000202,55079091400,-88.04132965001602,43.160382512849615,-87.99383660813824,43.04031315098078,2020-07-17,1,20.0
55079000202,55079186500,-88.04132965001602,43.160382512849615,-87.9130303085029,43.02319729476483,2020-07-17,2,41.0
55079000202,55079040100,-88.04132965001602,43.160382512849615,-87.93527423095499,43.17163768621121,2020-07-17,1,20.0
55079000202,55079003600,-88.04132965001602,43.160382512849615,-87.98321131530031,43.092736225323044,2020-07-17,2,41.0
55079000202,55079003800,-88.04132965001602,43.160382512849615,-87.97215356169055,43.086187842345545,2020-07-17,2,41.0
55079000202,55079011300,-88.04132965001602,43.160382512849615,-87.90713298111844,43.04890661506502,2020-07-17,1,20.0
55079000202,55079014400,-88.04132965001602,43.160382512849615,-87.90784049253895,43.042413401572134,2020-07-17,2,41.0
55079000202,55079100400,-88.04132965001602,43.160382512849615,-88.01166560297426,43.0170103539625,2020-07-17,3,61.0
55079000202,55079150100,-88.04132965001602,43.160382512849615,-87.97759713310646,42.91424119290261,2020-07-17,2,41.0
55079000202,55079003400,-88.04132965001602,43.160382512849615,-88.02444287795417,43.0934576342605,2020-07-17,3,61.0
55079000202,55079005800,-88.04132965001602,43.160382512849615,-87.99994620357029,43.072303413103626,2020-07-17,1,20.0
55079000202,55079035200,-88.04132965001602,43.160382512849615,-87.9070718018067,43.16012040860922,2020-07-17,3,61.0
55079000202,55079187000,-88.04132965001602,43.160382512849615,-87.88728455831759,43.05530607398437,2020-07-17,2,41.0
55079000202,55079016600,-88.04132965001602,43.160382512849615,-87.9139279223807,43.010028166006215,2020-07-17,1,20.0
55079000202,55079002900,-88.04132965001602,43.160382512849615,-87.98131890013833,43.108341188298006,2020-07-17,1,20.0
55079000202,55079100800,-88.04132965001602,43.160382512849615,-88.05710943935104,43.023654444193184,2020-07-17,1,20.0
55079000202,55079120201,-88.04132965001602,43.160382512849615,-88.01868214174351,42.96737507435749,2020-07-17,1,20.0
55079000202,55079050102,-88.04132965001602,43.160382512849615,-87.96743569232115,43.172443064752215,2020-07-17,8,164.0
55079000202,55079180300,-88.04132965001602,43.160382512849615,-87.87005593266791,42.951885652862586,2020-07-17,1,20.0
55079000202,55079015800,-88.04132965001602,43.160382512849615,-87.93761636287321,43.021659379009066,2020-07-17,1,20.0
55079000202,55079006300,-88.04132965001602,43.160382512849615,-87.95229119818997,43.07635281761954,2020-07-17,1,20.0
55079000202,55079185700,-88.04132965001602,43.160382512849615,-87.91471207902771,43.06752585199898,2020-07-17,1,20.0
55079000202,55079000700,-88.04132965001602,43.160382512849615,-87.99009583376943,43.15588909293765,2020-07-17,7,143.0
55079000202,55079017500,-88.04132965001602,43.160382512849615,-87.92965116916102,43.00287441605045,2020-07-17,1,20.0
55079000202,55079003100,-88.04132965001602,43.160382512849615,-87.98607018194353,43.10091760946077,2020-07-17,2,41.0
55079000202,55079005200,-88.04132965001602,43.160382512849615,-88.0124256780363,43.086227920709504,2020-07-17,2,41.0
55079000202,55079005900,-88.04132965001602,43.160382512849615,-87.98523579862835,43.06821108392844,2020-07-17,2,41.0
55079000202,55079007600,-88.04132965001602,43.160382512849615,-87.87859580944733,43.06399812725538,2020-07-17,2,41.0
55079000202,55079001300,-88.04132965001602,43.160382512849615,-87.99843350448002,43.126783535933505,2020-07-17,2,41.0
55079000202,55079001700,-88.04132965001602,43.160382512849615,-88.01621221830194,43.10855887721336,2020-07-17,2,41.0
55079000202,55079004200,-88.04132965001602,43.160382512849615,-87.94544782159862,43.09516547779425,2020-07-17,1,20.0
55079000202,55079011000,-88.04132965001602,43.160382512849615,-87.89727240641399,43.050053518943756,2020-07-17,1,20.0
55079000202,55079014900,-88.04132965001602,43.160382512849615,-87.94481830610269,43.03704436935605,2020-07-17,1,20.0
55079000202,55079001500,-88.04132965001602,43.160382512849615,-88.01520145334699,43.123754077777434,2020-07-17,1,20.0
55079000202,55079002000,-88.04132965001602,43.160382512849615,-87.96815137233186,43.115621500302275,2020-07-17,1,20.0
55079000202,55079000201,-88.04132965001602,43.160382512849615,-88.0472441211064,43.1799495757708,2020-07-17,6,123.0
55079000202,55079004700,-88.04132965001602,43.160382512849615,-87.94760565609727,43.08576787197636,2020-07-17,2,41.0
55079000202,55079013700,-88.04132965001602,43.160382512849615,-87.94529508707278,43.04229912697773,2020-07-17,1,20.0
55079000202,55079000304,-88.04132965001602,43.160382512849615,-88.02644618111368,43.14364069729464,2020-07-17,7,143.0
55079000202,55079001900,-88.04132965001602,43.160382512849615,-87.98367415791445,43.115686316787006,2020-07-17,2,41.0
55079000202,55079003700,-88.04132965001602,43.160382512849615,-87.98336380852676,43.08546039091554,2020-07-17,1,20.0
55079000202,55079001100,-88.04132965001602,43.160382512849615,-87.96901390366762,43.127689901740844,2020-07-17,1,20.0
55079000202,55079016500,-88.04132965001602,43.160382512849615,-87.91153110922029,43.01579142211555,2020-07-17,3,61.0
55079000202,55079009600,-88.04132965001602,43.160382512849615,-87.96486502955395,43.05277336645368,2020-07-17,1,20.0
55079000202,55079101300,-88.04132965001602,43.160382512849615,-88.02770018483265,42.99907770295741,2020-07-17,1,20.0
55079000202,55079004100,-88.04132965001602,43.160382512849615,-87.95681147526382,43.0940907627305,2020-07-17,1,20.0
55079000202,55079185800,-88.04132965001602,43.160382512849615,-87.94265216254213,43.0538687550207,2020-07-17,1,20.0
55079000202,55079100300,-88.04132965001602,43.160382512849615,-88.00316709835943,43.017354422985534,2020-07-17,1,20.0
55079000202,55079005100,-88.04132965001602,43.160382512849615,-87.99757698420609,43.08261869423604,2020-07-17,2,41.0
55079000202,55079014800,-88.04132965001602,43.160382512849615,-87.9402035907502,43.042125624825495,2020-07-17,2,41.0
55079000202,55079060102,-88.04132965001602,43.160382512849615,-87.93974960524739,43.148654535590595,2020-07-17,5,102.0
55079000202,55079009200,-88.04132965001602,43.160382512849615,-87.97560474362125,43.06069020349929,2020-07-17,1,20.0
55079000202,55079000301,-88.04132965001602,43.160382512849615,-88.06021668804352,43.1363311013577,2020-07-17,1,20.0
55079000202,55079017100,-88.04132965001602,43.160382512849615,-87.95808412992528,43.01056521552099,2020-07-17,1,20.0
55079000202,55079013300,-88.04132965001602,43.160382512849615,-87.96206431187025,43.03483590901066,2020-07-17,1,20.0
55079000202,55079006100,-88.04132965001602,43.160382512849615,-87.96847508739953,43.06791249267312,2020-07-17,3,61.0
55079000202,55079000303,-88.04132965001602,43.160382512849615,-88.04588241201564,43.12968529312476,2020-07-17,1,20.0
55079000202,55079001000,-88.04132965001602,43.160382512849615,-87.95348314468296,43.12464896388482,2020-07-17,1,20.0
55079000202,55079003000,-88.04132965001602,43.160382512849615,-87.99619059962126,43.10851035065769,2020-07-17,4,82.0
55079000202,55079006900,-88.04132965001602,43.160382512849615,-87.91078185483303,43.07979537793229,2020-07-17,1,20.0
55079000202,55079013500,-88.04132965001602,43.160382512849615,-87.9526122313311,43.040147622140005,2020-07-17,1,20.0
55079000202,55079008700,-88.04132965001602,43.160382512849615,-87.93997122125838,43.06781436915486,2020-07-17,1,20.0
55079000302,55079002400,-88.04649688617519,43.13922972061493,-87.95188617843814,43.106404380820805,2020-07-17,1,20.0
55079000302,55079004300,-88.04649688617519,43.13922972061493,-87.93220867621264,43.094799127568905,2020-07-17,3,62.0
55079000302,55079060200,-88.04649688617519,43.13922972061493,-87.9245165328896,43.11556508690733,2020-07-17,3,62.0
55079000302,55079004400,-88.04649688617519,43.13922972061493,-87.90608569163814,43.089298213737145,2020-07-17,1,20.0
55079000302,55079004500,-88.04649688617519,43.13922972061493,-87.92226909278084,43.08550885272536,2020-07-17,3,62.0
55079000302,55079012800,-88.04649688617519,43.13922972061493,-88.03145321223326,43.03059221584991,2020-07-17,1,20.0
55079000302,55079019000,-88.04649688617519,43.13922972061493,-87.967877289968,42.995496154489715,2020-07-17,1,20.0
55079000302,55079100100,-88.04649688617519,43.13922972061493,-87.98598444052216,43.01659648927991,2020-07-17,3,62.0
55079000302,55079000101,-88.04649688617519,43.13922972061493,-88.00922083481396,43.18510784936368,2020-07-17,2,41.0
55079000302,55079000102,-88.04649688617519,43.13922972061493,-88.01167859828367,43.164645145767146,2020-07-17,1,20.0
55079000302,55079000202,-88.04649688617519,43.13922972061493,-88.04132965001602,43.160382512849615,2020-07-17,6,125.0
55079000302,55079002300,-88.04649688617519,43.13922972061493,-87.93621856893152,43.105985427841645,2020-07-17,3,62.0
55079000302,55079110100,-88.04649688617519,43.13922972061493,-87.9710022364233,43.012448953036525,2020-07-17,2,41.0
55079000302,55079160100,-88.04649688617519,43.13922972061493,-87.91471599062149,42.91513941042769,2020-07-17,2,41.0
55079000302,55079000600,-88.04649688617519,43.13922972061493,-88.00190569680801,43.14010292722225,2020-07-17,9,188.0
55079000302,55079050101,-88.04649688617519,43.13922972061493,-87.98494662348081,43.17683059907653,2020-07-17,1,20.0
55079000302,55079090300,-88.04649688617519,43.13922972061493,-88.0515779905257,43.06739040507833,2020-07-17,3,62.0
55079000302,55079186300,-88.04649688617519,43.13922972061493,-87.91799927397663,43.040616743150025,2020-07-17,1,20.0
55079000302,55079120501,-88.04649688617519,43.13922972061493,-87.96680035551529,42.94072396992586,2020-07-17,1,20.0
55079000302,55079090100,-88.04649688617519,43.13922972061493,-88.04837730790923,43.0973204568905,2020-07-17,2,41.0
55079000302,55079090200,-88.04649688617519,43.13922972061493,-88.05200796218348,43.081902180003375,2020-07-17,4,83.0
55079000302,55079120203,-88.04649688617519,43.13922972061493,-88.00776394431053,42.95694649923871,2020-07-17,2,41.0
55079000302,55079019400,-88.04649688617519,43.13922972061493,-88.02755647500341,42.984577749923744,2020-07-17,1,20.0
55079000302,55079000501,-88.04649688617519,43.13922972061493,-88.04340002069712,43.115390222488664,2020-07-17,8,167.0
55079000302,55079001200,-88.04649688617519,43.13922972061493,-87.98620080987179,43.12617611256525,2020-07-17,2,41.0
55079000302,55079003500,-88.04649688617519,43.13922972061493,-87.99830093777771,43.09359369867719,2020-07-17,5,104.0
55079000302,55079004800,-88.04649688617519,43.13922972061493,-87.96231596301399,43.077035360461494,2020-07-17,2,41.0
55079000302,55079186000,-88.04649688617519,43.13922972061493,-87.92039854147795,43.053956957431964,2020-07-17,2,41.0
55079000302,55079003200,-88.04649688617519,43.13922972061493,-88.00111189801154,43.10115852758208,2020-07-17,1,20.0
55079000302,55079000302,-88.04649688617519,43.13922972061493,-88.04649688617519,43.13922972061493,2020-07-17,130,2721.0
55079000302,55079187400,-88.04649688617519,43.13922972061493,-87.90767949876499,43.03217517915639,2020-07-17,1,20.0
55079000302,55079150304,-88.04649688617519,43.13922972061493,-88.02760163837803,42.91519132559998,2020-07-17,2,41.0
55079000302,55079000800,-88.04649688617519,43.13922972061493,-87.97372753660457,43.14064967469203,2020-07-17,4,83.0
55079000302,55079004600,-88.04649688617519,43.13922972061493,-87.9321086251029,43.08569057130924,2020-07-17,1,20.0
55079000302,55079000400,-88.04649688617519,43.13922972061493,-88.05554472050937,43.110954423820296,2020-07-17,6,125.0
55079000302,55079000502,-88.04649688617519,43.13922972061493,-88.03128731150349,43.12480634966938,2020-07-17,5,104.0
55079000302,55079020100,-88.04649688617519,43.13922972061493,-87.94099671150566,42.988482506396224,2020-07-17,1,20.0
55079000302,55079001400,-88.04649688617519,43.13922972061493,-88.01656972395298,43.130900969315825,2020-07-17,4,83.0
55079000302,55079002800,-88.04649688617519,43.13922972061493,-87.97141961541004,43.10830621321033,2020-07-17,1,20.0
55079000302,55079006800,-88.04649688617519,43.13922972061493,-87.92500216567623,43.079683301494654,2020-07-17,1,20.0
55079000302,55079014600,-88.04649688617519,43.13922972061493,-87.93032605572249,43.04237842637439,2020-07-17,1,20.0
55079000302,55079007000,-88.04649688617519,43.13922972061493,-87.91122456687498,43.07424564740019,2020-07-17,2,41.0
55079000302,55079101100,-88.04649688617519,43.13922972061493,-88.04276904850849,42.99420752845147,2020-07-17,1,20.0
55079000302,55079013600,-88.04649688617519,43.13922972061493,-87.9527511611333,43.04369545920421,2020-07-17,2,41.0
55079000302,55079003300,-88.04649688617519,43.13922972061493,-88.0173066794685,43.1010408446094,2020-07-17,2,41.0
55079000302,55079001600,-88.04649688617519,43.13922972061493,-88.01599665750028,43.11588641903863,2020-07-17,2,41.0
55079000302,55079003600,-88.04649688617519,43.13922972061493,-87.98321131530031,43.092736225323044,2020-07-17,2,41.0
55079000302,55079003800,-88.04649688617519,43.13922972061493,-87.97215356169055,43.086187842345545,2020-07-17,1,20.0
55079000302,55079021600,-88.04649688617519,43.13922972061493,-87.92488475274558,42.952251222261935,2020-07-17,1,20.0
55079000302,55079001800,-88.04649688617519,43.13922972061493,-87.99853790291819,43.115847306484916,2020-07-17,1,20.0
55079000302,55079003400,-88.04649688617519,43.13922972061493,-88.02444287795417,43.0934576342605,2020-07-17,2,41.0
55079000302,55079005800,-88.04649688617519,43.13922972061493,-87.99994620357029,43.072303413103626,2020-07-17,2,41.0
55079000302,55079035200,-88.04649688617519,43.13922972061493,-87.9070718018067,43.16012040860922,2020-07-17,1,20.0
55079000302,55079002900,-88.04649688617519,43.13922972061493,-87.98131890013833,43.108341188298006,2020-07-17,1,20.0
55079000302,55079014100,-88.04649688617519,43.13922972061493,-87.92097269793881,43.04863570292668,2020-07-17,1,20.0
55079000302,55079100800,-88.04649688617519,43.13922972061493,-88.05710943935104,43.023654444193184,2020-07-17,1,20.0
55079000302,55079050102,-88.04649688617519,43.13922972061493,-87.96743569232115,43.172443064752215,2020-07-17,4,83.0
55079000302,55079180300,-88.04649688617519,43.13922972061493,-87.87005593266791,42.951885652862586,2020-07-17,1,20.0
55079000302,55079006300,-88.04649688617519,43.13922972061493,-87.95229119818997,43.07635281761954,2020-07-17,2,41.0
55079000302,55079185700,-88.04649688617519,43.13922972061493,-87.91471207902771,43.06752585199898,2020-07-17,2,41.0
55079000302,55079000700,-88.04649688617519,43.13922972061493,-87.99009583376943,43.15588909293765,2020-07-17,4,83.0
55079000302,55079100200,-88.04649688617519,43.13922972061493,-87.99137992566246,43.01460892403096,2020-07-17,2,41.0
55079000302,55079003100,-88.04649688617519,43.13922972061493,-87.98607018194353,43.10091760946077,2020-07-17,4,83.0
55079000302,55079005900,-88.04649688617519,43.13922972061493,-87.98523579862835,43.06821108392844,2020-07-17,4,83.0
55079000302,55079007200,-88.04649688617519,43.13922972061493,-87.89788270005259,43.07774402945858,2020-07-17,1,20.0
55079000302,55079000900,-88.04649688617519,43.13922972061493,-87.95566887882444,43.14970170326806,2020-07-17,3,62.0
55079000302,55079001300,-88.04649688617519,43.13922972061493,-87.99843350448002,43.126783535933505,2020-07-17,5,104.0
55079000302,55079001700,-88.04649688617519,43.13922972061493,-88.01621221830194,43.10855887721336,2020-07-17,4,83.0
55079000302,55079004200,-88.04649688617519,43.13922972061493,-87.94544782159862,43.09516547779425,2020-07-17,4,83.0
55079000302,55079001500,-88.04649688617519,43.13922972061493,-88.01520145334699,43.123754077777434,2020-07-17,2,41.0
55079000302,55079002000,-88.04649688617519,43.13922972061493,-87.96815137233186,43.115621500302275,2020-07-17,1,20.0
55079000302,55079003900,-88.04649688617519,43.13922972061493,-87.96215160813261,43.086172227530916,2020-07-17,2,41.0
55079000302,55079000201,-88.04649688617519,43.13922972061493,-88.0472441211064,43.1799495757708,2020-07-17,3,62.0
55079000302,55079004700,-88.04649688617519,43.13922972061493,-87.94760565609727,43.08576787197636,2020-07-17,2,41.0
55079000302,55079020200,-88.04649688617519,43.13922972061493,-87.94112496275925,42.977527635995024,2020-07-17,1,20.0
55079000302,55079012700,-88.04649688617519,43.13922972061493,-88.0122777504643,43.029662330242175,2020-07-17,1,20.0
55079000302,55079000304,-88.04649688617519,43.13922972061493,-88.02644618111368,43.14364069729464,2020-07-17,3,62.0
55079000302,55079001900,-88.04649688617519,43.13922972061493,-87.98367415791445,43.115686316787006,2020-07-17,3,62.0
55079000302,55079001100,-88.04649688617519,43.13922972061493,-87.96901390366762,43.127689901740844,2020-07-17,3,62.0
55079000302,55079186400,-88.04649688617519,43.13922972061493,-87.93038892981184,43.03695266796131,2020-07-17,1,20.0
55079000302,55079009600,-88.04649688617519,43.13922972061493,-87.96486502955395,43.05277336645368,2020-07-17,1,20.0
55079000302,55079101300,-88.04649688617519,43.13922972061493,-88.02770018483265,42.99907770295741,2020-07-17,1,20.0
55079000302,55079008900,-88.04649688617519,43.13922972061493,-87.95337828163817,43.06706338271535,2020-07-17,1,20.0
55079000302,55079004100,-88.04649688617519,43.13922972061493,-87.95681147526382,43.0940907627305,2020-07-17,1,20.0
55079000302,55079013400,-88.04649688617519,43.13922972061493,-87.95356038604784,43.03496530197635,2020-07-17,1,20.0
55079000302,55079185800,-88.04649688617519,43.13922972061493,-87.94265216254213,43.0538687550207,2020-07-17,2,41.0
55079000302,55079185600,-88.04649688617519,43.13922972061493,-87.91469071944607,43.06026722158336,2020-07-17,1,20.0
55079000302,55079004900,-88.04649688617519,43.13922972061493,-87.97231517837423,43.077061406485264,2020-07-17,2,41.0
55079000302,55079009200,-88.04649688617519,43.13922972061493,-87.97560474362125,43.06069020349929,2020-07-17,1,20.0
55079000302,55079000301,-88.04649688617519,43.13922972061493,-88.06021668804352,43.1363311013577,2020-07-17,1,20.0
55079000302,55079006400,-88.04649688617519,43.13922972061493,-87.94234792087695,43.07421796319209,2020-07-17,1,20.0
55079000302,55079002500,-88.04649688617519,43.13922972061493,-87.96218045466739,43.10795733493045,2020-07-17,1,20.0
55079000302,55079006100,-88.04649688617519,43.13922972061493,-87.96847508739953,43.06791249267312,2020-07-17,1,20.0
55079000302,55079000303,-88.04649688617519,43.13922972061493,-88.04588241201564,43.12968529312476,2020-07-17,3,62.0
55079000302,55079001000,-88.04649688617519,43.13922972061493,-87.95348314468296,43.12464896388482,2020-07-17,2,41.0
55079000302,55079009300,-88.04649688617519,43.13922972061493,-87.98314520393755,43.060746025032145,2020-07-17,1,20.0
55079000302,55079002200,-88.04649688617519,43.13922972061493,-87.9335870089048,43.11469059411332,2020-07-17,2,41.0
55079000302,55079003000,-88.04649688617519,43.13922972061493,-87.99619059962126,43.10851035065769,2020-07-17,2,41.0
55079000302,55079008600,-88.04649688617519,43.13922972061493,-87.93517868399437,43.06762170689756,2020-07-17,1,20.0
55079000302,55079013000,-88.04649688617519,43.13922972061493,-87.9876687698922,43.02770173765977,2020-07-17,1,20.0
55079000302,55079008800,-88.04649688617519,43.13922972061493,-87.94617084834631,43.06788862375971,2020-07-17,3,62.0
55079000302,55079015900,-88.04649688617519,43.13922972061493,-87.9473669417017,43.02159668337006,2020-07-17,2,41.0
55079000302,55079006900,-88.04649688617519,43.13922972061493,-87.91078185483303,43.07979537793229,2020-07-17,1,20.0
55079000302,55079013500,-88.04649688617519,43.13922972061493,-87.9526122313311,43.040147622140005,2020-07-17,2,41.0
55079000302,55079009700,-88.04649688617519,43.13922972061493,-87.95262115062044,43.05393954073114,2020-07-17,1,20.0
55079000302,55079006700,-88.04649688617519,43.13922972061493,-87.92040407919447,43.07437828581977,2020-07-17,1,20.0
55079140202,55079020000,-87.981557716435,42.93443757238657,-87.95273620994368,42.98405311376188,2020-07-17,3,49.0
55079140202,55079004300,-87.981557716435,42.93443757238657,-87.93220867621264,43.094799127568905,2020-07-17,1,16.0
55079140202,55079060200,-87.981557716435,42.93443757238657,-87.9245165328896,43.11556508690733,2020-07-17,2,32.0
55079140202,55079100100,-87.981557716435,42.93443757238657,-87.98598444052216,43.01659648927991,2020-07-17,1,16.0
55079140202,55079100700,-87.981557716435,42.93443757238657,-88.03788629567484,43.0213025080197,2020-07-17,1,16.0
55079140202,55079000102,-87.981557716435,42.93443757238657,-88.01167859828367,43.164645145767146,2020-07-17,1,16.0
55079140202,55079110100,-87.981557716435,42.93443757238657,-87.9710022364233,43.012448953036525,2020-07-17,3,49.0
55079140202,55079101000,-87.981557716435,42.93443757238657,-88.05764456171738,42.99173938525954,2020-07-17,2,32.0
55079140202,55079021200,-87.981557716435,42.93443757238657,-87.92101040508955,42.965284697357816,2020-07-17,1,16.0
55079140202,55079160100,-87.981557716435,42.93443757238657,-87.91471599062149,42.91513941042769,2020-07-17,12,197.0
55079140202,55079090300,-87.981557716435,42.93443757238657,-88.0515779905257,43.06739040507833,2020-07-17,2,32.0
55079140202,55079186300,-87.981557716435,42.93443757238657,-87.91799927397663,43.040616743150025,2020-07-17,1,16.0
55079140202,55079021700,-87.981557716435,42.93443757238657,-87.91312462574102,42.94052513723052,2020-07-17,10,164.0
55079140202,55079120501,-87.981557716435,42.93443757238657,-87.96680035551529,42.94072396992586,2020-07-17,8,131.0
55079140202,55079019200,-87.981557716435,42.93443757238657,-87.9858350139744,42.99282711086924,2020-07-17,1,16.0
55079140202,55079090100,-87.981557716435,42.93443757238657,-88.04837730790923,43.0973204568905,2020-07-17,1,16.0
55079140202,55079090200,-87.981557716435,42.93443757238657,-88.05200796218348,43.081902180003375,2020-07-17,1,16.0
55079140202,55079120400,-87.981557716435,42.93443757238657,-87.96548496050795,42.96670427425607,2020-07-17,14,230.0
55079140202,55079120203,-87.981557716435,42.93443757238657,-88.00776394431053,42.95694649923871,2020-07-17,37,608.0
55079140202,55079018400,-87.981557716435,42.93443757238657,-87.90417459790928,42.9917062933768,2020-07-17,1,16.0
55079140202,55079160300,-87.981557716435,42.93443757238657,-87.8893867076047,42.856940087232964,2020-07-17,3,49.0
55079140202,55079187300,-87.981557716435,42.93443757238657,-87.9656302556773,42.887159701718595,2020-07-17,1,16.0
55079140202,55079021400,-87.981557716435,42.93443757238657,-87.93891709359613,42.96295890378409,2020-07-17,3,49.0
55079140202,55079090600,-87.981557716435,42.93443757238657,-88.05435154566402,43.03795832032663,2020-07-17,1,16.0
55079140202,55079185300,-87.981557716435,42.93443757238657,-88.04265402690729,43.049880154873065,2020-07-17,1,16.0
55079140202,55079120502,-87.981557716435,42.93443757238657,-87.96510992081555,42.95304728304586,2020-07-17,5,82.0
55079140202,55079020800,-87.981557716435,42.93443757238657,-87.87636299879055,42.985307292991365,2020-07-17,1,16.0
55079140202,55079187400,-87.981557716435,42.93443757238657,-87.90767949876499,43.03217517915639,2020-07-17,4,65.0
55079140202,55079150304,-87.981557716435,42.93443757238657,-88.02760163837803,42.91519132559998,2020-07-17,34,559.0
55079140202,55079180500,-87.981557716435,42.93443757238657,-87.87471526249948,42.93725893299447,2020-07-17,2,32.0
55079140202,55079130200,-87.981557716435,42.93443757238657,-88.05891051157585,42.93732261654573,2020-07-17,4,65.0
55079140202,55079021000,-87.981557716435,42.93443757238657,-87.89993467732904,42.962739149255064,2020-07-17,2,32.0
55079140202,55079160204,-87.981557716435,42.93443757238657,-87.9317944903397,42.879700165258704,2020-07-17,4,65.0
55079140202,55079187200,-87.981557716435,42.93443757238657,-88.00769048889484,42.863813659193866,2020-07-17,11,180.0
55079140202,55079160203,-87.981557716435,42.93443757238657,-87.91638950191752,42.89402789790319,2020-07-17,6,98.0
55079140202,55079091200,-87.981557716435,42.93443757238657,-88.00388284004167,43.0467075980639,2020-07-17,3,49.0
55079140202,55079100500,-87.981557716435,42.93443757238657,-88.02674691869541,43.01326660162138,2020-07-17,1,16.0
55079140202,55079018900,-87.981557716435,42.93443757238657,-87.95323213052187,42.995654122863776,2020-07-17,1,16.0
55079140202,55079020100,-87.981557716435,42.93443757238657,-87.94099671150566,42.988482506396224,2020-07-17,2,32.0
55079140202,55079180400,-87.981557716435,42.93443757238657,-87.85633588550823,42.93709205888796,2020-07-17,1,16.0
55079140202,55079101100,-87.981557716435,42.93443757238657,-88.04276904850849,42.99420752845147,2020-07-17,2,32.0
55079140202,55079140100,-87.981557716435,42.93443757238657,-88.0188613886232,42.93745223479677,2020-07-17,24,394.0
55079140202,55079140201,-87.981557716435,42.93443757238657,-87.99911426080601,42.93902100763907,2020-07-17,83,1365.0
55079140202,55079140202,-87.981557716435,42.93443757238657,-87.981557716435,42.93443757238657,2020-07-17,352,5790.0
55079140202,55079180100,-87.981557716435,42.93443757238657,-87.84722355247969,42.95102171952154,2020-07-17,4,65.0
55079140202,55079186500,-87.981557716435,42.93443757238657,-87.9130303085029,43.02319729476483,2020-07-17,1,16.0
55079140202,55079120101,-87.981557716435,42.93443757238657,-88.04814010007517,42.95916305909443,2020-07-17,5,82.0
55079140202,55079030100,-87.981557716435,42.93443757238657,-87.89837270942148,43.1819862198906,2020-07-17,3,49.0
55079140202,55079003800,-87.981557716435,42.93443757238657,-87.97215356169055,43.086187842345545,2020-07-17,1,16.0
55079140202,55079070200,-87.981557716435,42.93443757238657,-87.8919112738197,43.1133970416122,2020-07-17,2,32.0
55079140202,55079150100,-87.981557716435,42.93443757238657,-87.97759713310646,42.91424119290261,2020-07-17,39,641.0
55079140202,55079021600,-87.981557716435,42.93443757238657,-87.92488475274558,42.952251222261935,2020-07-17,8,131.0
55079140202,55079005500,-87.981557716435,42.93443757238657,-88.03284541742188,43.08237006688624,2020-07-17,1,16.0
55079140202,55079035200,-87.981557716435,42.93443757238657,-87.9070718018067,43.16012040860922,2020-07-17,1,16.0
55079140202,55079187000,-87.981557716435,42.93443757238657,-87.88728455831759,43.05530607398437,2020-07-17,1,16.0
55079140202,55079120102,-87.981557716435,42.93443757238657,-88.04966546230908,42.97409794368699,2020-07-17,2,32.0
55079140202,55079130100,-87.981557716435,42.93443757238657,-88.04407902007586,42.942752065148895,2020-07-17,8,131.0
55079140202,55079019600,-87.981557716435,42.93443757238657,-88.00769668957767,42.984657216409644,2020-07-17,1,16.0
55079140202,55079150301,-87.981557716435,42.93443757238657,-88.05345903025625,42.89781994777656,2020-07-17,4,65.0
55079140202,55079120201,-87.981557716435,42.93443757238657,-88.01868214174351,42.96737507435749,2020-07-17,1,16.0
55079140202,55079180300,-87.981557716435,42.93443757238657,-87.87005593266791,42.951885652862586,2020-07-17,1,16.0
55079140202,55079019500,-87.981557716435,42.93443757238657,-88.02769031152603,42.97732706705707,2020-07-17,1,16.0
55079140202,55079020700,-87.981557716435,42.93443757238657,-87.89282968229121,42.980391637955094,2020-07-17,3,49.0
55079140202,55079185100,-87.981557716435,42.93443757238657,-87.86132764015301,42.9760744263621,2020-07-17,3,49.0
55079140202,55079016300,-87.981557716435,42.93443757238657,-87.93764055272034,43.01572710315665,2020-07-17,1,16.0
55079140202,55079019900,-87.981557716435,42.93443757238657,-87.98235255712866,42.973172118392476,2020-07-17,3,49.0
55079140202,55079100200,-87.981557716435,42.93443757238657,-87.99137992566246,43.01460892403096,2020-07-17,1,16.0
55079140202,55079020300,-87.981557716435,42.93443757238657,-87.92658964497383,42.979242665655576,2020-07-17,1,16.0
55079140202,55079020900,-87.981557716435,42.93443757238657,-87.90186271433869,42.97013349358029,2020-07-17,1,16.0
55079140202,55079018800,-87.981557716435,42.93443757238657,-87.94058386370827,42.99929639057026,2020-07-17,1,16.0
55079140202,55079120202,-87.981557716435,42.93443757238657,-87.99868084532402,42.965848843600455,2020-07-17,3,49.0
55079140202,55079018200,-87.981557716435,42.93443757238657,-87.87369831321716,42.99249911585218,2020-07-17,1,16.0
55079140202,55079018500,-87.981557716435,42.93443757238657,-87.91439743752404,42.98441904059949,2020-07-17,2,32.0
55079140202,55079021500,-87.981557716435,42.93443757238657,-87.94398245259515,42.952098604888974,2020-07-17,3,49.0
55079140202,55079020200,-87.981557716435,42.93443757238657,-87.94112496275925,42.977527635995024,2020-07-17,2,32.0
55079140202,55079150303,-87.981557716435,42.93443757238657,-88.02312771344377,42.88960646488504,2020-07-17,3,49.0
55079140202,55079019800,-87.981557716435,42.93443757238657,-87.98973307517815,42.982078809345225,2020-07-17,1,16.0
55079140202,55079017600,-87.981557716435,42.93443757238657,-87.92236059293215,43.00280872383964,2020-07-17,1,16.0
55079140202,55079186400,-87.981557716435,42.93443757238657,-87.93038892981184,43.03695266796131,2020-07-17,2,32.0
55079140202,55079014300,-87.981557716435,42.93443757238657,-87.90101539256612,43.042731429373134,2020-07-17,1,16.0
55079140202,55079019300,-87.981557716435,42.93443757238657,-87.99612754588766,42.99498021323571,2020-07-17,1,16.0
55079140202,55079020600,-87.981557716435,42.93443757238657,-87.90444286867323,42.9810337820488,2020-07-17,1,16.0
55079140202,55079170100,-87.981557716435,42.93443757238657,-87.84892368656588,42.919583500675934,2020-07-17,1,16.0
55079140202,55079021800,-87.981557716435,42.93443757238657,-87.95694377227925,42.94079756603018,2020-07-17,2,32.0
55079140202,55079014800,-87.981557716435,42.93443757238657,-87.9402035907502,43.042125624825495,2020-07-17,1,16.0
55079140202,55079185200,-87.981557716435,42.93443757238657,-87.88193798921913,42.967674094622936,2020-07-17,1,16.0
55079140202,55079016900,-87.981557716435,42.93443757238657,-87.93770785693083,43.00951913559766,2020-07-17,1,16.0
55079140202,55079017100,-87.981557716435,42.93443757238657,-87.95808412992528,43.01056521552099,2020-07-17,1,16.0
55079140202,55079013300,-87.981557716435,42.93443757238657,-87.96206431187025,43.03483590901066,2020-07-17,3,49.0
55079140202,55079009300,-87.981557716435,42.93443757238657,-87.98314520393755,43.060746025032145,2020-07-17,1,16.0
55079160204,55079002100,-87.9317944903397,42.879700165258704,-87.95315716160212,43.115529640428136,2020-07-17,1,20.0
55079160204,55079004300,-87.9317944903397,42.879700165258704,-87.93220867621264,43.094799127568905,2020-07-17,1,20.0
55079160204,55079004500,-87.9317944903397,42.879700165258704,-87.92226909278084,43.08550885272536,2020-07-17,1,20.0
55079160204,55079000101,-87.9317944903397,42.879700165258704,-88.00922083481396,43.18510784936368,2020-07-17,1,20.0
55079160204,55079000102,-87.9317944903397,42.879700165258704,-88.01167859828367,43.164645145767146,2020-07-17,1,20.0
55079160204,55079000202,-87.9317944903397,42.879700165258704,-88.04132965001602,43.160382512849615,2020-07-17,1,20.0
55079160204,55079110100,-87.9317944903397,42.879700165258704,-87.9710022364233,43.012448953036525,2020-07-17,3,61.0
55079160204,55079021200,-87.9317944903397,42.879700165258704,-87.92101040508955,42.965284697357816,2020-07-17,1,20.0
55079160204,55079160100,-87.9317944903397,42.879700165258704,-87.91471599062149,42.91513941042769,2020-07-17,13,264.0
55079160204,55079186300,-87.9317944903397,42.879700165258704,-87.91799927397663,43.040616743150025,2020-07-17,3,61.0
55079160204,55079021700,-87.9317944903397,42.879700165258704,-87.91312462574102,42.94052513723052,2020-07-17,5,101.0
55079160204,55079019200,-87.9317944903397,42.879700165258704,-87.9858350139744,42.99282711086924,2020-07-17,1,20.0
55079160204,55079090100,-87.9317944903397,42.879700165258704,-88.04837730790923,43.0973204568905,2020-07-17,1,20.0
55079160204,55079120400,-87.9317944903397,42.879700165258704,-87.96548496050795,42.96670427425607,2020-07-17,3,61.0
55079160204,55079120203,-87.9317944903397,42.879700165258704,-88.00776394431053,42.95694649923871,2020-07-17,4,81.0
55079160204,55079170500,-87.9317944903397,42.879700165258704,-87.85764758199707,42.897602993060175,2020-07-17,1,20.0
55079160204,55079160300,-87.9317944903397,42.879700165258704,-87.8893867076047,42.856940087232964,2020-07-17,22,447.0
55079160204,55079187300,-87.9317944903397,42.879700165258704,-87.9656302556773,42.887159701718595,2020-07-17,2,40.0
55079160204,55079185900,-87.9317944903397,42.879700165258704,-87.93229166080955,43.05383765471328,2020-07-17,1,20.0
55079160204,55079185500,-87.9317944903397,42.879700165258704,-87.92624880733425,43.0601763240656,2020-07-17,1,20.0
55079160204,55079185300,-87.9317944903397,42.879700165258704,-88.04265402690729,43.049880154873065,2020-07-17,4,81.0
55079160204,55079187400,-87.9317944903397,42.879700165258704,-87.90767949876499,43.03217517915639,2020-07-17,3,61.0
55079160204,55079150304,-87.9317944903397,42.879700165258704,-88.02760163837803,42.91519132559998,2020-07-17,1,20.0
55079160204,55079180500,-87.9317944903397,42.879700165258704,-87.87471526249948,42.93725893299447,2020-07-17,2,40.0
55079160204,55079000800,-87.9317944903397,42.879700165258704,-87.97372753660457,43.14064967469203,2020-07-17,1,20.0
55079160204,55079000400,-87.9317944903397,42.879700165258704,-88.05554472050937,43.110954423820296,2020-07-17,1,20.0
55079160204,55079160204,-87.9317944903397,42.879700165258704,-87.9317944903397,42.879700165258704,2020-07-17,222,4514.0
55079160204,55079187200,-87.9317944903397,42.879700165258704,-88.00769048889484,42.863813659193866,2020-07-17,8,162.0
55079160204,55079160203,-87.9317944903397,42.879700165258704,-87.91638950191752,42.89402789790319,2020-07-17,29,589.0
55079160204,55079170200,-87.9317944903397,42.879700165258704,-87.87263683893734,42.92275381108851,2020-07-17,2,40.0
55079160204,55079091200,-87.9317944903397,42.879700165258704,-88.00388284004167,43.0467075980639,2020-07-17,1,20.0
55079160204,55079160202,-87.9317944903397,42.879700165258704,-87.87217546542965,42.881379330302295,2020-07-17,12,244.0
55079160204,55079180400,-87.9317944903397,42.879700165258704,-87.85633588550823,42.93709205888796,2020-07-17,4,81.0
55079160204,55079002800,-87.9317944903397,42.879700165258704,-87.97141961541004,43.10830621321033,2020-07-17,2,40.0
55079160204,55079101100,-87.9317944903397,42.879700165258704,-88.04276904850849,42.99420752845147,2020-07-17,2,40.0
55079160204,55079140100,-87.9317944903397,42.879700165258704,-88.0188613886232,42.93745223479677,2020-07-17,2,40.0
55079160204,55079140201,-87.9317944903397,42.879700165258704,-87.99911426080601,42.93902100763907,2020-07-17,1,20.0
55079160204,55079140202,-87.9317944903397,42.879700165258704,-87.981557716435,42.93443757238657,2020-07-17,1,20.0
55079160204,55079007700,-87.9317944903397,42.879700165258704,-87.88849935823362,43.06389053422122,2020-07-17,1,20.0
55079160204,55079011300,-87.9317944903397,42.879700165258704,-87.90713298111844,43.04890661506502,2020-07-17,1,20.0
55079160204,55079170700,-87.9317944903397,42.879700165258704,-87.84797376219025,42.90256149755693,2020-07-17,2,40.0
55079160204,55079150100,-87.9317944903397,42.879700165258704,-87.97759713310646,42.91424119290261,2020-07-17,8,162.0
55079160204,55079021600,-87.9317944903397,42.879700165258704,-87.92488475274558,42.952251222261935,2020-07-17,3,61.0
55079160204,55079003400,-87.9317944903397,42.879700165258704,-88.02444287795417,43.0934576342605,2020-07-17,1,20.0
55079160204,55079120102,-87.9317944903397,42.879700165258704,-88.04966546230908,42.97409794368699,2020-07-17,1,20.0
55079160204,55079130100,-87.9317944903397,42.879700165258704,-88.04407902007586,42.942752065148895,2020-07-17,3,61.0
55079160204,55079019600,-87.9317944903397,42.879700165258704,-88.00769668957767,42.984657216409644,2020-07-17,2,40.0
55079160204,55079150301,-87.9317944903397,42.879700165258704,-88.05345903025625,42.89781994777656,2020-07-17,2,40.0
55079160204,55079180300,-87.9317944903397,42.879700165258704,-87.87005593266791,42.951885652862586,2020-07-17,2,40.0
55079160204,55079185100,-87.9317944903397,42.879700165258704,-87.86132764015301,42.9760744263621,2020-07-17,1,20.0
55079160204,55079101500,-87.9317944903397,42.879700165258704,-88.00747595996755,43.007126720391405,2020-07-17,1,20.0
55079160204,55079017500,-87.9317944903397,42.879700165258704,-87.92965116916102,43.00287441605045,2020-07-17,1,20.0
55079160204,55079005900,-87.9317944903397,42.879700165258704,-87.98523579862835,43.06821108392844,2020-07-17,2,40.0
55079160204,55079007600,-87.9317944903397,42.879700165258704,-87.87859580944733,43.06399812725538,2020-07-17,1,20.0
55079160204,55079001300,-87.9317944903397,42.879700165258704,-87.99843350448002,43.126783535933505,2020-07-17,1,20.0
55079160204,55079020300,-87.9317944903397,42.879700165258704,-87.92658964497383,42.979242665655576,2020-07-17,1,20.0
55079160204,55079020900,-87.9317944903397,42.879700165258704,-87.90186271433869,42.97013349358029,2020-07-17,1,20.0
55079160204,55079021500,-87.9317944903397,42.879700165258704,-87.94398245259515,42.952098604888974,2020-07-17,1,20.0
55079160204,55079002600,-87.9317944903397,42.879700165258704,-87.96192834607115,43.10067420371696,2020-07-17,1,20.0
55079160204,55079009000,-87.9317944903397,42.879700165258704,-87.9610837883489,43.060355868415826,2020-07-17,1,20.0
55079160204,55079001900,-87.9317944903397,42.879700165258704,-87.98367415791445,43.115686316787006,2020-07-17,1,20.0
55079160204,55079180200,-87.9317944903397,42.879700165258704,-87.85506992096182,42.95465467367753,2020-07-17,1,20.0
55079160204,55079090700,-87.9317944903397,42.879700165258704,-88.02545440842808,43.059193901469925,2020-07-17,1,20.0
55079160204,55079011100,-87.9317944903397,42.879700165258704,-87.90155963599153,43.04933924860895,2020-07-17,1,20.0
55079160204,55079170100,-87.9317944903397,42.879700165258704,-87.84892368656588,42.919583500675934,2020-07-17,1,20.0
55079160204,55079005100,-87.9317944903397,42.879700165258704,-87.99757698420609,43.08261869423604,2020-07-17,2,40.0
55079160204,55079170600,-87.9317944903397,42.879700165258704,-87.86320935056827,42.907724102777856,2020-07-17,5,101.0
55079160204,55079170300,-87.9317944903397,42.879700165258704,-87.87538996197884,42.9095536521384,2020-07-17,1,20.0
55079160204,55079008400,-87.9317944903397,42.879700165258704,-87.92332577697063,43.067583013115005,2020-07-17,1,20.0
55079160204,55079006500,-87.9317944903397,42.879700165258704,-87.94229465456391,43.0797331466399,2020-07-17,1,20.0
55079160204,55079017200,-87.9317944903397,42.879700165258704,-87.95621680562614,43.002904101727246,2020-07-17,1,20.0
55079187400,55079020000,-87.90767949876499,43.03217517915639,-87.95273620994368,42.98405311376188,2020-07-17,1,3.0
55079187400,55079060200,-87.90767949876499,43.03217517915639,-87.9245165328896,43.11556508690733,2020-07-17,4,12.0
55079187400,55079012800,-87.90767949876499,43.03217517915639,-88.03145321223326,43.03059221584991,2020-07-17,1,3.0
55079187400,55079000202,-87.90767949876499,43.03217517915639,-88.04132965001602,43.160382512849615,2020-07-17,1,3.0
55079187400,55079011200,-87.90767949876499,43.03217517915639,-87.89756439120579,43.055476240018415,2020-07-17,1,3.0
55079187400,55079011400,-87.90767949876499,43.03217517915639,-87.9106574898586,43.05269479350376,2020-07-17,1,3.0
55079187400,55079021200,-87.90767949876499,43.03217517915639,-87.92101040508955,42.965284697357816,2020-07-17,1,3.0
55079187400,55079160100,-87.90767949876499,43.03217517915639,-87.91471599062149,42.91513941042769,2020-07-17,1,3.0
55079187400,55079186300,-87.90767949876499,43.03217517915639,-87.91799927397663,43.040616743150025,2020-07-17,1,3.0
55079187400,55079021700,-87.90767949876499,43.03217517915639,-87.91312462574102,42.94052513723052,2020-07-17,3,9.0
55079187400,55079070300,-87.90767949876499,43.03217517915639,-87.90380003116019,43.10631443965618,2020-07-17,1,3.0
55079187400,55079090100,-87.90767949876499,43.03217517915639,-88.04837730790923,43.0973204568905,2020-07-17,1,3.0
55079187400,55079000501,-87.90767949876499,43.03217517915639,-88.04340002069712,43.115390222488664,2020-07-17,1,3.0
55079187400,55079002700,-87.90767949876499,43.03217517915639,-87.97176690626681,43.100825271475365,2020-07-17,1,3.0
55079187400,55079004800,-87.90767949876499,43.03217517915639,-87.96231596301399,43.077035360461494,2020-07-17,1,3.0
55079187400,55079185300,-87.90767949876499,43.03217517915639,-88.04265402690729,43.049880154873065,2020-07-17,1,3.0
55079187400,55079187400,-87.90767949876499,43.03217517915639,-87.90767949876499,43.03217517915639,2020-07-17,86,267.0
55079187400,55079004600,-87.90767949876499,43.03217517915639,-87.9321086251029,43.08569057130924,2020-07-17,1,3.0
55079187400,55079186800,-87.90767949876499,43.03217517915639,-87.9506670108877,43.02815858561159,2020-07-17,1,3.0
55079187400,55079020100,-87.90767949876499,43.03217517915639,-87.94099671150566,42.988482506396224,2020-07-17,1,3.0
55079187400,55079002800,-87.90767949876499,43.03217517915639,-87.97141961541004,43.10830621321033,2020-07-17,1,3.0
55079187400,55079017900,-87.90767949876499,43.03217517915639,-87.90503327479618,42.998772533253295,2020-07-17,1,3.0
55079187400,55079186500,-87.90767949876499,43.03217517915639,-87.9130303085029,43.02319729476483,2020-07-17,6,18.0
55079187400,55079001600,-87.90767949876499,43.03217517915639,-88.01599665750028,43.11588641903863,2020-07-17,1,3.0
55079187400,55079007700,-87.90767949876499,43.03217517915639,-87.88849935823362,43.06389053422122,2020-07-17,1,3.0
55079187400,55079014400,-87.90767949876499,43.03217517915639,-87.90784049253895,43.042413401572134,2020-07-17,413,1283.0
55079187400,55079016100,-87.90767949876499,43.03217517915639,-87.95946595975387,43.016089910899275,2020-07-17,1,3.0
55079187400,55079016600,-87.90767949876499,43.03217517915639,-87.9139279223807,43.010028166006215,2020-07-17,1,3.0
55079187400,55079100800,-87.90767949876499,43.03217517915639,-88.05710943935104,43.023654444193184,2020-07-17,2,6.0
55079187400,55079019500,-87.90767949876499,43.03217517915639,-88.02769031152603,42.97732706705707,2020-07-17,1,3.0
55079187400,55079007300,-87.90767949876499,43.03217517915639,-87.88807891595606,43.0779148594549,2020-07-17,1,3.0
55079187400,55079000900,-87.90767949876499,43.03217517915639,-87.95566887882444,43.14970170326806,2020-07-17,1,3.0
55079187400,55079001300,-87.90767949876499,43.03217517915639,-87.99843350448002,43.126783535933505,2020-07-17,1,3.0
55079187400,55079018800,-87.90767949876499,43.03217517915639,-87.94058386370827,42.99929639057026,2020-07-17,1,3.0
55079187400,55079003900,-87.90767949876499,43.03217517915639,-87.96215160813261,43.086172227530916,2020-07-17,2,6.0
55079187400,55079007800,-87.90767949876499,43.03217517915639,-87.88801504624632,43.07075279367613,2020-07-17,1,3.0
55079187400,55079021500,-87.90767949876499,43.03217517915639,-87.94398245259515,42.952098604888974,2020-07-17,1,3.0
55079187400,55079002600,-87.90767949876499,43.03217517915639,-87.96192834607115,43.10067420371696,2020-07-17,1,3.0
55079187400,55079001900,-87.90767949876499,43.03217517915639,-87.98367415791445,43.115686316787006,2020-07-17,3,9.0
55079187400,55079009600,-87.90767949876499,43.03217517915639,-87.96486502955395,43.05277336645368,2020-07-17,1,3.0
55079187400,55079004100,-87.90767949876499,43.03217517915639,-87.95681147526382,43.0940907627305,2020-07-17,1,3.0
55079187400,55079186200,-87.90767949876499,43.03217517915639,-87.93244814260824,43.04856605375616,2020-07-17,1,3.0
55079187400,55079000301,-87.90767949876499,43.03217517915639,-88.06021668804352,43.1363311013577,2020-07-17,1,3.0
55079021700,55079020000,-87.91312462574102,42.94052513723052,-87.95273620994368,42.98405311376188,2020-07-17,7,124.0
55079021700,55079002100,-87.91312462574102,42.94052513723052,-87.95315716160212,43.115529640428136,2020-07-17,1,17.0
55079021700,55079002400,-87.91312462574102,42.94052513723052,-87.95188617843814,43.106404380820805,2020-07-17,2,35.0
55079021700,55079004300,-87.91312462574102,42.94052513723052,-87.93220867621264,43.094799127568905,2020-07-17,1,17.0
55079021700,55079060200,-87.91312462574102,42.94052513723052,-87.9245165328896,43.11556508690733,2020-07-17,1,17.0
55079021700,55079004500,-87.91312462574102,42.94052513723052,-87.92226909278084,43.08550885272536,2020-07-17,1,17.0
55079021700,55079015700,-87.91312462574102,42.94052513723052,-87.92777138656925,43.021663598322064,2020-07-17,2,35.0
55079021700,55079019000,-87.91312462574102,42.94052513723052,-87.967877289968,42.995496154489715,2020-07-17,3,53.0
55079021700,55079100100,-87.91312462574102,42.94052513723052,-87.98598444052216,43.01659648927991,2020-07-17,2,35.0
55079021700,55079000101,-87.91312462574102,42.94052513723052,-88.00922083481396,43.18510784936368,2020-07-17,4,71.0
55079021700,55079000102,-87.91312462574102,42.94052513723052,-88.01167859828367,43.164645145767146,2020-07-17,2,35.0
55079021700,55079002300,-87.91312462574102,42.94052513723052,-87.93621856893152,43.105985427841645,2020-07-17,2,35.0
55079021700,55079011200,-87.91312462574102,42.94052513723052,-87.89756439120579,43.055476240018415,2020-07-17,1,17.0
55079021700,55079110100,-87.91312462574102,42.94052513723052,-87.9710022364233,43.012448953036525,2020-07-17,1,17.0
55079021700,55079101000,-87.91312462574102,42.94052513723052,-88.05764456171738,42.99173938525954,2020-07-17,3,53.0
55079021700,55079021200,-87.91312462574102,42.94052513723052,-87.92101040508955,42.965284697357816,2020-07-17,7,124.0
55079021700,55079018100,-87.91312462574102,42.94052513723052,-87.88469234682039,42.998709042311724,2020-07-17,1,17.0
55079021700,55079160100,-87.91312462574102,42.94052513723052,-87.91471599062149,42.91513941042769,2020-07-17,25,444.0
55079021700,55079000600,-87.91312462574102,42.94052513723052,-88.00190569680801,43.14010292722225,2020-07-17,1,17.0
55079021700,55079090300,-87.91312462574102,42.94052513723052,-88.0515779905257,43.06739040507833,2020-07-17,2,35.0
55079021700,55079101600,-87.91312462574102,42.94052513723052,-87.98881839806968,43.003113634057684,2020-07-17,2,35.0
55079021700,55079186300,-87.91312462574102,42.94052513723052,-87.91799927397663,43.040616743150025,2020-07-17,7,124.0
55079021700,55079012400,-87.91312462574102,42.94052513723052,-87.97680856828566,43.04580144948212,2020-07-17,3,53.0
55079021700,55079021700,-87.91312462574102,42.94052513723052,-87.91312462574102,42.94052513723052,2020-07-17,311,5534.0
55079021700,55079120501,-87.91312462574102,42.94052513723052,-87.96680035551529,42.94072396992586,2020-07-17,8,142.0
55079021700,55079019100,-87.91312462574102,42.94052513723052,-87.96549351619066,42.982165146288615,2020-07-17,1,17.0
55079021700,55079019200,-87.91312462574102,42.94052513723052,-87.9858350139744,42.99282711086924,2020-07-17,2,35.0
55079021700,55079090100,-87.91312462574102,42.94052513723052,-88.04837730790923,43.0973204568905,2020-07-17,2,35.0
55079021700,55079090200,-87.91312462574102,42.94052513723052,-88.05200796218348,43.081902180003375,2020-07-17,1,17.0
55079021700,55079120400,-87.91312462574102,42.94052513723052,-87.96548496050795,42.96670427425607,2020-07-17,4,71.0
55079021700,55079120203,-87.91312462574102,42.94052513723052,-88.00776394431053,42.95694649923871,2020-07-17,5,88.0
55079021700,55079160300,-87.91312462574102,42.94052513723052,-87.8893867076047,42.856940087232964,2020-07-17,8,142.0
55079021700,55079187300,-87.91312462574102,42.94052513723052,-87.9656302556773,42.887159701718595,2020-07-17,1,17.0
55079021700,55079019400,-87.91312462574102,42.94052513723052,-88.02755647500341,42.984577749923744,2020-07-17,1,17.0
55079021700,55079000501,-87.91312462574102,42.94052513723052,-88.04340002069712,43.115390222488664,2020-07-17,1,17.0
55079021700,55079003500,-87.91312462574102,42.94052513723052,-87.99830093777771,43.09359369867719,2020-07-17,1,17.0
55079021700,55079004800,-87.91312462574102,42.94052513723052,-87.96231596301399,43.077035360461494,2020-07-17,1,17.0
55079021700,55079186000,-87.91312462574102,42.94052513723052,-87.92039854147795,43.053956957431964,2020-07-17,2,35.0
55079021700,55079021400,-87.91312462574102,42.94052513723052,-87.93891709359613,42.96295890378409,2020-07-17,2,35.0
55079021700,55079060101,-87.91312462574102,42.94052513723052,-87.92535691568614,43.13950788268824,2020-07-17,1,17.0
55079021700,55079000302,-87.91312462574102,42.94052513723052,-88.04649688617519,43.13922972061493,2020-07-17,1,17.0
55079021700,55079090600,-87.91312462574102,42.94052513723052,-88.05435154566402,43.03795832032663,2020-07-17,1,17.0
55079021700,55079185300,-87.91312462574102,42.94052513723052,-88.04265402690729,43.049880154873065,2020-07-17,1,17.0
55079021700,55079120502,-87.91312462574102,42.94052513723052,-87.96510992081555,42.95304728304586,2020-07-17,8,142.0
55079021700,55079020800,-87.91312462574102,42.94052513723052,-87.87636299879055,42.985307292991365,2020-07-17,2,35.0
55079021700,55079187400,-87.91312462574102,42.94052513723052,-87.90767949876499,43.03217517915639,2020-07-17,2,35.0
55079021700,55079150304,-87.91312462574102,42.94052513723052,-88.02760163837803,42.91519132559998,2020-07-17,3,53.0
55079021700,55079180500,-87.91312462574102,42.94052513723052,-87.87471526249948,42.93725893299447,2020-07-17,1,17.0
55079021700,55079130200,-87.91312462574102,42.94052513723052,-88.05891051157585,42.93732261654573,2020-07-17,1,17.0
55079021700,55079021000,-87.91312462574102,42.94052513723052,-87.89993467732904,42.962739149255064,2020-07-17,2,35.0
55079021700,55079160204,-87.91312462574102,42.94052513723052,-87.9317944903397,42.879700165258704,2020-07-17,6,106.0
55079021700,55079186800,-87.91312462574102,42.94052513723052,-87.9506670108877,43.02815858561159,2020-07-17,5,88.0
55079021700,55079187200,-87.91312462574102,42.94052513723052,-88.00769048889484,42.863813659193866,2020-07-17,3,53.0
55079021700,55079160203,-87.91312462574102,42.94052513723052,-87.91638950191752,42.89402789790319,2020-07-17,18,320.0
55079021700,55079091200,-87.91312462574102,42.94052513723052,-88.00388284004167,43.0467075980639,2020-07-17,3,53.0
55079021700,55079020100,-87.91312462574102,42.94052513723052,-87.94099671150566,42.988482506396224,2020-07-17,3,53.0
55079021700,55079160202,-87.91312462574102,42.94052513723052,-87.87217546542965,42.881379330302295,2020-07-17,8,142.0
55079021700,55079180400,-87.91312462574102,42.94052513723052,-87.85633588550823,42.93709205888796,2020-07-17,4,71.0
55079021700,55079001400,-87.91312462574102,42.94052513723052,-88.01656972395298,43.130900969315825,2020-07-17,1,17.0
55079021700,55079006800,-87.91312462574102,42.94052513723052,-87.92500216567623,43.079683301494654,2020-07-17,1,17.0
55079021700,55079014600,-87.91312462574102,42.94052513723052,-87.93032605572249,43.04237842637439,2020-07-17,1,17.0
55079021700,55079100900,-87.91312462574102,42.94052513723052,-88.05216898532913,43.00959788353506,2020-07-17,3,53.0
55079021700,55079007000,-87.91312462574102,42.94052513723052,-87.91122456687498,43.07424564740019,2020-07-17,2,35.0
55079021700,55079101100,-87.91312462574102,42.94052513723052,-88.04276904850849,42.99420752845147,2020-07-17,1,17.0
55079021700,55079140100,-87.91312462574102,42.94052513723052,-88.0188613886232,42.93745223479677,2020-07-17,3,53.0
55079021700,55079140201,-87.91312462574102,42.94052513723052,-87.99911426080601,42.93902100763907,2020-07-17,2,35.0
55079021700,55079140202,-87.91312462574102,42.94052513723052,-87.981557716435,42.93443757238657,2020-07-17,1,17.0
55079021700,55079180100,-87.91312462574102,42.94052513723052,-87.84722355247969,42.95102171952154,2020-07-17,1,17.0
55079021700,55079186500,-87.91312462574102,42.94052513723052,-87.9130303085029,43.02319729476483,2020-07-17,3,53.0
55079021700,55079001600,-87.91312462574102,42.94052513723052,-88.01599665750028,43.11588641903863,2020-07-17,1,17.0
55079021700,55079120101,-87.91312462574102,42.94052513723052,-88.04814010007517,42.95916305909443,2020-07-17,3,53.0
55079021700,55079101400,-87.91312462574102,42.94052513723052,-88.02735540531337,43.00631524274058,2020-07-17,1,17.0
55079021700,55079003800,-87.91312462574102,42.94052513723052,-87.97215356169055,43.086187842345545,2020-07-17,1,17.0
55079021700,55079011300,-87.91312462574102,42.94052513723052,-87.90713298111844,43.04890661506502,2020-07-17,1,17.0
55079021700,55079014400,-87.91312462574102,42.94052513723052,-87.90784049253895,43.042413401572134,2020-07-17,3,53.0
55079021700,55079018000,-87.91312462574102,42.94052513723052,-87.8945288084346,43.01098558683315,2020-07-17,2,35.0
55079021700,55079070200,-87.91312462574102,42.94052513723052,-87.8919112738197,43.1133970416122,2020-07-17,1,17.0
55079021700,55079150100,-87.91312462574102,42.94052513723052,-87.97759713310646,42.91424119290261,2020-07-17,29,516.0
55079021700,55079021600,-87.91312462574102,42.94052513723052,-87.92488475274558,42.952251222261935,2020-07-17,16,284.0
55079021700,55079016100,-87.91312462574102,42.94052513723052,-87.95946595975387,43.016089910899275,2020-07-17,1,17.0
55079021700,55079021300,-87.91312462574102,42.94052513723052,-87.93877469638159,42.970224160413096,2020-07-17,3,53.0
55079021700,55079187000,-87.91312462574102,42.94052513723052,-87.88728455831759,43.05530607398437,2020-07-17,1,17.0
55079021700,55079002900,-87.91312462574102,42.94052513723052,-87.98131890013833,43.108341188298006,2020-07-17,1,17.0
55079021700,55079120102,-87.91312462574102,42.94052513723052,-88.04966546230908,42.97409794368699,2020-07-17,3,53.0
55079021700,55079130100,-87.91312462574102,42.94052513723052,-88.04407902007586,42.942752065148895,2020-07-17,1,17.0
55079021700,55079014100,-87.91312462574102,42.94052513723052,-87.92097269793881,43.04863570292668,2020-07-17,1,17.0
55079021700,55079019600,-87.91312462574102,42.94052513723052,-88.00769668957767,42.984657216409644,2020-07-17,1,17.0
55079021700,55079101800,-87.91312462574102,42.94052513723052,-88.00969812606968,42.99373426381014,2020-07-17,2,35.0
55079021700,55079150301,-87.91312462574102,42.94052513723052,-88.05345903025625,42.89781994777656,2020-07-17,1,17.0
55079021700,55079050102,-87.91312462574102,42.94052513723052,-87.96743569232115,43.172443064752215,2020-07-17,1,17.0
55079021700,55079180300,-87.91312462574102,42.94052513723052,-87.87005593266791,42.951885652862586,2020-07-17,8,142.0
55079021700,55079185100,-87.91312462574102,42.94052513723052,-87.86132764015301,42.9760744263621,2020-07-17,1,17.0
55079021700,55079016300,-87.91312462574102,42.94052513723052,-87.93764055272034,43.01572710315665,2020-07-17,1,17.0
55079021700,55079019900,-87.91312462574102,42.94052513723052,-87.98235255712866,42.973172118392476,2020-07-17,2,35.0
55079021700,55079020400,-87.91312462574102,42.94052513723052,-87.9300852632457,42.98834002972675,2020-07-17,3,53.0
55079021700,55079017500,-87.91312462574102,42.94052513723052,-87.92965116916102,43.00287441605045,2020-07-17,5,88.0
55079021700,55079009800,-87.91312462574102,42.94052513723052,-87.95409571434068,43.059778012269526,2020-07-17,1,17.0
55079021700,55079016700,-87.91312462574102,42.94052513723052,-87.92209519609614,43.010301162214034,2020-07-17,4,71.0
55079021700,55079017400,-87.91312462574102,42.94052513723052,-87.9382983850757,43.00476614107047,2020-07-17,1,17.0
55079021700,55079004200,-87.91312462574102,42.94052513723052,-87.94544782159862,43.09516547779425,2020-07-17,1,17.0
55079021700,55079014900,-87.91312462574102,42.94052513723052,-87.94481830610269,43.03704436935605,2020-07-17,1,17.0
55079021700,55079001500,-87.91312462574102,42.94052513723052,-88.01520145334699,43.123754077777434,2020-07-17,1,17.0
55079021700,55079002000,-87.91312462574102,42.94052513723052,-87.96815137233186,43.115621500302275,2020-07-17,1,17.0
55079021700,55079000201,-87.91312462574102,42.94052513723052,-88.0472441211064,43.1799495757708,2020-07-17,1,17.0
55079021700,55079018200,-87.91312462574102,42.94052513723052,-87.87369831321716,42.99249911585218,2020-07-17,1,17.0
55079021700,55079018500,-87.91312462574102,42.94052513723052,-87.91439743752404,42.98441904059949,2020-07-17,1,17.0
55079021700,55079021500,-87.91312462574102,42.94052513723052,-87.94398245259515,42.952098604888974,2020-07-17,9,160.0
55079021700,55079020200,-87.91312462574102,42.94052513723052,-87.94112496275925,42.977527635995024,2020-07-17,2,35.0
55079021700,55079018600,-87.91312462574102,42.94052513723052,-87.92255649026754,42.995575414800356,2020-07-17,1,17.0
55079021700,55079150303,-87.91312462574102,42.94052513723052,-88.02312771344377,42.88960646488504,2020-07-17,2,35.0
55079021700,55079019700,-87.91312462574102,42.94052513723052,-88.00741820523533,42.97570820507905,2020-07-17,2,35.0
55079021700,55079019800,-87.91312462574102,42.94052513723052,-87.98973307517815,42.982078809345225,2020-07-17,1,17.0
55079021700,55079016400,-87.91312462574102,42.94052513723052,-87.92777599229481,43.01665943799343,2020-07-17,1,17.0
55079021700,55079009000,-87.91312462574102,42.94052513723052,-87.9610837883489,43.060355868415826,2020-07-17,1,17.0
55079021700,55079000304,-87.91312462574102,42.94052513723052,-88.02644618111368,43.14364069729464,2020-07-17,1,17.0
55079021700,55079001900,-87.91312462574102,42.94052513723052,-87.98367415791445,43.115686316787006,2020-07-17,2,35.0
55079021700,55079003700,-87.91312462574102,42.94052513723052,-87.98336380852676,43.08546039091554,2020-07-17,1,17.0
55079021700,55079001100,-87.91312462574102,42.94052513723052,-87.96901390366762,43.127689901740844,2020-07-17,1,17.0
55079021700,55079016500,-87.91312462574102,42.94052513723052,-87.91153110922029,43.01579142211555,2020-07-17,2,35.0
55079021700,55079018700,-87.91312462574102,42.94052513723052,-87.92991431934564,42.995583237143,2020-07-17,1,17.0
55079021700,55079180200,-87.91312462574102,42.94052513723052,-87.85506992096182,42.95465467367753,2020-07-17,2,35.0
55079021700,55079186400,-87.91312462574102,42.94052513723052,-87.93038892981184,43.03695266796131,2020-07-17,2,35.0
55079021700,55079009600,-87.91312462574102,42.94052513723052,-87.96486502955395,43.05277336645368,2020-07-17,1,17.0
55079021700,55079101300,-87.91312462574102,42.94052513723052,-88.02770018483265,42.99907770295741,2020-07-17,3,53.0
55079021700,55079170100,-87.91312462574102,42.94052513723052,-87.84892368656588,42.919583500675934,2020-07-17,2,35.0
55079021700,55079185800,-87.91312462574102,42.94052513723052,-87.94265216254213,43.0538687550207,2020-07-17,1,17.0
55079021700,55079101200,-87.91312462574102,42.94052513723052,-88.02772831407549,42.99180235090393,2020-07-17,1,17.0
55079021700,55079170600,-87.91312462574102,42.94052513723052,-87.86320935056827,42.907724102777856,2020-07-17,3,53.0
55079021700,55079185200,-87.91312462574102,42.94052513723052,-87.88193798921913,42.967674094622936,2020-07-17,4,71.0
55079021700,55079060102,-87.91312462574102,42.94052513723052,-87.93974960524739,43.148654535590595,2020-07-17,1,17.0
55079021700,55079013300,-87.91312462574102,42.94052513723052,-87.96206431187025,43.03483590901066,2020-07-17,1,17.0
55079021700,55079002500,-87.91312462574102,42.94052513723052,-87.96218045466739,43.10795733493045,2020-07-17,3,53.0
55079021700,55079090800,-87.91312462574102,42.94052513723052,-88.01754834659646,43.063072316879136,2020-07-17,1,17.0
55079021700,55079021100,-87.91312462574102,42.94052513723052,-87.91444199314573,42.970152010378044,2020-07-17,1,17.0
55079021700,55079015900,-87.91312462574102,42.94052513723052,-87.9473669417017,43.02159668337006,2020-07-17,2,35.0
55079021700,55079013500,-87.91312462574102,42.94052513723052,-87.9526122313311,43.040147622140005,2020-07-17,1,17.0
55079101600,55079020000,-87.98881839806968,43.003113634057684,-87.95273620994368,42.98405311376188,2020-07-17,3,76.0
55079101600,55079060200,-87.98881839806968,43.003113634057684,-87.9245165328896,43.11556508690733,2020-07-17,1,25.0
55079101600,55079012800,-87.98881839806968,43.003113634057684,-88.03145321223326,43.03059221584991,2020-07-17,1,25.0
55079101600,55079015700,-87.98881839806968,43.003113634057684,-87.92777138656925,43.021663598322064,2020-07-17,1,25.0
55079101600,55079016200,-87.98881839806968,43.003113634057684,-87.94745090497267,43.01660575920564,2020-07-17,1,25.0
55079101600,55079019000,-87.98881839806968,43.003113634057684,-87.967877289968,42.995496154489715,2020-07-17,1,25.0
55079101600,55079100100,-87.98881839806968,43.003113634057684,-87.98598444052216,43.01659648927991,2020-07-17,5,128.0
55079101600,55079000102,-87.98881839806968,43.003113634057684,-88.01167859828367,43.164645145767146,2020-07-17,1,25.0
55079101600,55079011200,-87.98881839806968,43.003113634057684,-87.89756439120579,43.055476240018415,2020-07-17,1,25.0
55079101600,55079011400,-87.98881839806968,43.003113634057684,-87.9106574898586,43.05269479350376,2020-07-17,2,51.0
55079101600,55079110100,-87.98881839806968,43.003113634057684,-87.9710022364233,43.012448953036525,2020-07-17,12,307.0
55079101600,55079101000,-87.98881839806968,43.003113634057684,-88.05764456171738,42.99173938525954,2020-07-17,9,230.0
55079101600,55079021200,-87.98881839806968,43.003113634057684,-87.92101040508955,42.965284697357816,2020-07-17,1,25.0
55079101600,55079160100,-87.98881839806968,43.003113634057684,-87.91471599062149,42.91513941042769,2020-07-17,5,128.0
55079101600,55079090300,-87.98881839806968,43.003113634057684,-88.0515779905257,43.06739040507833,2020-07-17,2,51.0
55079101600,55079101600,-87.98881839806968,43.003113634057684,-87.98881839806968,43.003113634057684,2020-07-17,148,3789.0
55079101600,55079186300,-87.98881839806968,43.003113634057684,-87.91799927397663,43.040616743150025,2020-07-17,3,76.0
55079101600,55079021700,-87.98881839806968,43.003113634057684,-87.91312462574102,42.94052513723052,2020-07-17,1,25.0
55079101600,55079120501,-87.98881839806968,43.003113634057684,-87.96680035551529,42.94072396992586,2020-07-17,2,51.0
55079101600,55079019100,-87.98881839806968,43.003113634057684,-87.96549351619066,42.982165146288615,2020-07-17,1,25.0
55079101600,55079019200,-87.98881839806968,43.003113634057684,-87.9858350139744,42.99282711086924,2020-07-17,2,51.0
55079101600,55079090100,-87.98881839806968,43.003113634057684,-88.04837730790923,43.0973204568905,2020-07-17,1,25.0
55079101600,55079090200,-87.98881839806968,43.003113634057684,-88.05200796218348,43.081902180003375,2020-07-17,2,51.0
55079101600,55079120400,-87.98881839806968,43.003113634057684,-87.96548496050795,42.96670427425607,2020-07-17,1,25.0
55079101600,55079120203,-87.98881839806968,43.003113634057684,-88.00776394431053,42.95694649923871,2020-07-17,5,128.0
55079101600,55079170500,-87.98881839806968,43.003113634057684,-87.85764758199707,42.897602993060175,2020-07-17,1,25.0
55079101600,55079160300,-87.98881839806968,43.003113634057684,-87.8893867076047,42.856940087232964,2020-07-17,2,51.0
55079101600,55079017300,-87.98881839806968,43.003113634057684,-87.94877202549131,43.0036525046766,2020-07-17,1,25.0
55079101600,55079019400,-87.98881839806968,43.003113634057684,-88.02755647500341,42.984577749923744,2020-07-17,1,25.0
55079101600,55079060101,-87.98881839806968,43.003113634057684,-87.92535691568614,43.13950788268824,2020-07-17,1,25.0
55079101600,55079090600,-87.98881839806968,43.003113634057684,-88.05435154566402,43.03795832032663,2020-07-17,2,51.0
55079101600,55079185300,-87.98881839806968,43.003113634057684,-88.04265402690729,43.049880154873065,2020-07-17,2,51.0
55079101600,55079120502,-87.98881839806968,43.003113634057684,-87.96510992081555,42.95304728304586,2020-07-17,2,51.0
55079101600,55079187400,-87.98881839806968,43.003113634057684,-87.90767949876499,43.03217517915639,2020-07-17,1,25.0
55079101600,55079180500,-87.98881839806968,43.003113634057684,-87.87471526249948,42.93725893299447,2020-07-17,1,25.0
55079101600,55079012500,-87.98881839806968,43.003113634057684,-87.97654888060033,43.037091021714275,2020-07-17,1,25.0
55079101600,55079130200,-87.98881839806968,43.003113634057684,-88.05891051157585,42.93732261654573,2020-07-17,1,25.0
55079101600,55079000400,-87.98881839806968,43.003113634057684,-88.05554472050937,43.110954423820296,2020-07-17,1,25.0
55079101600,55079006200,-87.98881839806968,43.003113634057684,-87.96097127315564,43.067902782244275,2020-07-17,1,25.0
55079101600,55079187200,-87.98881839806968,43.003113634057684,-88.00769048889484,42.863813659193866,2020-07-17,1,25.0
55079101600,55079160203,-87.98881839806968,43.003113634057684,-87.91638950191752,42.89402789790319,2020-07-17,1,25.0
55079101600,55079091200,-87.98881839806968,43.003113634057684,-88.00388284004167,43.0467075980639,2020-07-17,2,51.0
55079101600,55079100500,-87.98881839806968,43.003113634057684,-88.02674691869541,43.01326660162138,2020-07-17,1,25.0
55079101600,55079180400,-87.98881839806968,43.003113634057684,-87.85633588550823,42.93709205888796,2020-07-17,2,51.0
55079101600,55079100900,-87.98881839806968,43.003113634057684,-88.05216898532913,43.00959788353506,2020-07-17,3,76.0
55079101600,55079101100,-87.98881839806968,43.003113634057684,-88.04276904850849,42.99420752845147,2020-07-17,2,51.0
55079101600,55079013600,-87.98881839806968,43.003113634057684,-87.9527511611333,43.04369545920421,2020-07-17,2,51.0
55079101600,55079140100,-87.98881839806968,43.003113634057684,-88.0188613886232,42.93745223479677,2020-07-17,1,25.0
55079101600,55079140201,-87.98881839806968,43.003113634057684,-87.99911426080601,42.93902100763907,2020-07-17,4,102.0
55079101600,55079016800,-87.98881839806968,43.003113634057684,-87.92935001478907,43.01036042537408,2020-07-17,2,51.0
55079101600,55079120101,-87.98881839806968,43.003113634057684,-88.04814010007517,42.95916305909443,2020-07-17,4,102.0
55079101600,55079101400,-87.98881839806968,43.003113634057684,-88.02735540531337,43.00631524274058,2020-07-17,2,51.0
55079101600,55079014400,-87.98881839806968,43.003113634057684,-87.90784049253895,43.042413401572134,2020-07-17,3,76.0
55079101600,55079100400,-87.98881839806968,43.003113634057684,-88.01166560297426,43.0170103539625,2020-07-17,2,51.0
55079101600,55079018000,-87.98881839806968,43.003113634057684,-87.8945288084346,43.01098558683315,2020-07-17,1,25.0
55079101600,55079021600,-87.98881839806968,43.003113634057684,-87.92488475274558,42.952251222261935,2020-07-17,3,76.0
55079101600,55079005500,-87.98881839806968,43.003113634057684,-88.03284541742188,43.08237006688624,2020-07-17,1,25.0
55079101600,55079016100,-87.98881839806968,43.003113634057684,-87.95946595975387,43.016089910899275,2020-07-17,1,25.0
55079101600,55079021300,-87.98881839806968,43.003113634057684,-87.93877469638159,42.970224160413096,2020-07-17,1,25.0
55079101600,55079016600,-87.98881839806968,43.003113634057684,-87.9139279223807,43.010028166006215,2020-07-17,1,25.0
55079101600,55079120102,-87.98881839806968,43.003113634057684,-88.04966546230908,42.97409794368699,2020-07-17,2,51.0
55079101600,55079130100,-87.98881839806968,43.003113634057684,-88.04407902007586,42.942752065148895,2020-07-17,4,102.0
55079101600,55079019600,-87.98881839806968,43.003113634057684,-88.00769668957767,42.984657216409644,2020-07-17,1,25.0
55079101600,55079120201,-87.98881839806968,43.003113634057684,-88.01868214174351,42.96737507435749,2020-07-17,1,25.0
55079101600,55079180300,-87.98881839806968,43.003113634057684,-87.87005593266791,42.951885652862586,2020-07-17,1,25.0
55079101600,55079019500,-87.98881839806968,43.003113634057684,-88.02769031152603,42.97732706705707,2020-07-17,2,51.0
55079101600,55079080200,-87.98881839806968,43.003113634057684,-87.8877423232882,43.0942616397457,2020-07-17,1,25.0
55079101600,55079101500,-87.98881839806968,43.003113634057684,-88.00747595996755,43.007126720391405,2020-07-17,3,76.0
55079101600,55079101700,-87.98881839806968,43.003113634057684,-88.00697190300957,43.00173437379505,2020-07-17,5,128.0
55079101600,55079100200,-87.98881839806968,43.003113634057684,-87.99137992566246,43.01460892403096,2020-07-17,9,230.0
55079101600,55079003100,-87.98881839806968,43.003113634057684,-87.98607018194353,43.10091760946077,2020-07-17,1,25.0
55079101600,55079012600,-87.98881839806968,43.003113634057684,-87.99443577770006,43.034032251200934,2020-07-17,1,25.0
55079101600,55079001700,-87.98881839806968,43.003113634057684,-88.01621221830194,43.10855887721336,2020-07-17,1,25.0
55079101600,55079017400,-87.98881839806968,43.003113634057684,-87.9382983850757,43.00476614107047,2020-07-17,2,51.0
55079101600,55079120202,-87.98881839806968,43.003113634057684,-87.99868084532402,42.965848843600455,2020-07-17,2,51.0
55079101600,55079000201,-87.98881839806968,43.003113634057684,-88.0472441211064,43.1799495757708,2020-07-17,1,25.0
55079101600,55079018200,-87.98881839806968,43.003113634057684,-87.87369831321716,42.99249911585218,2020-07-17,1,25.0
55079101600,55079004700,-87.98881839806968,43.003113634057684,-87.94760565609727,43.08576787197636,2020-07-17,1,25.0
55079101600,55079020500,-87.98881839806968,43.003113634057684,-87.92272370744391,42.988321496925906,2020-07-17,1,25.0
55079101600,55079021500,-87.98881839806968,43.003113634057684,-87.94398245259515,42.952098604888974,2020-07-17,1,25.0
55079101600,55079020200,-87.98881839806968,43.003113634057684,-87.94112496275925,42.977527635995024,2020-07-17,1,25.0
55079101600,55079019700,-87.98881839806968,43.003113634057684,-88.00741820523533,42.97570820507905,2020-07-17,1,25.0
55079101600,55079016400,-87.98881839806968,43.003113634057684,-87.92777599229481,43.01665943799343,2020-07-17,1,25.0
55079101600,55079009100,-87.98881839806968,43.003113634057684,-87.96852806703085,43.060675408064526,2020-07-17,1,25.0
55079101600,55079016500,-87.98881839806968,43.003113634057684,-87.91153110922029,43.01579142211555,2020-07-17,4,102.0
55079101600,55079019300,-87.98881839806968,43.003113634057684,-87.99612754588766,42.99498021323571,2020-07-17,2,51.0
55079101600,55079004100,-87.98881839806968,43.003113634057684,-87.95681147526382,43.0940907627305,2020-07-17,1,25.0
55079101600,55079091000,-87.98881839806968,43.003113634057684,-87.99705672432205,43.06433297165757,2020-07-17,1,25.0
55079101600,55079021800,-87.98881839806968,43.003113634057684,-87.95694377227925,42.94079756603018,2020-07-17,1,25.0
55079101600,55079186100,-87.98881839806968,43.003113634057684,-87.94279275484007,43.048652729679134,2020-07-17,1,25.0
55079101600,55079012900,-87.98881839806968,43.003113634057684,-87.99989477924994,43.028140622580246,2020-07-17,1,25.0
55079101600,55079017100,-87.98881839806968,43.003113634057684,-87.95808412992528,43.01056521552099,2020-07-17,1,25.0
55079101600,55079017000,-87.98881839806968,43.003113634057684,-87.9475259715867,43.01041841584858,2020-07-17,1,25.0
55079101600,55079006900,-87.98881839806968,43.003113634057684,-87.91078185483303,43.07979537793229,2020-07-17,1,25.0
55079101600,55079013500,-87.98881839806968,43.003113634057684,-87.9526122313311,43.040147622140005,2020-07-17,1,25.0
55079100200,55079020000,-87.99137992566246,43.01460892403096,-87.95273620994368,42.98405311376188,2020-07-17,3,63.0
55079100200,55079004300,-87.99137992566246,43.01460892403096,-87.93220867621264,43.094799127568905,2020-07-17,1,21.0
55079100200,55079060200,-87.99137992566246,43.01460892403096,-87.9245165328896,43.11556508690733,2020-07-17,1,21.0
55079100200,55079004500,-87.99137992566246,43.01460892403096,-87.92226909278084,43.08550885272536,2020-07-17,2,42.0
55079100200,55079012800,-87.99137992566246,43.01460892403096,-88.03145321223326,43.03059221584991,2020-07-17,1,21.0
55079100200,55079016200,-87.99137992566246,43.01460892403096,-87.94745090497267,43.01660575920564,2020-07-17,1,21.0
55079100200,55079019000,-87.99137992566246,43.01460892403096,-87.967877289968,42.995496154489715,2020-07-17,1,21.0
55079100200,55079100100,-87.99137992566246,43.01460892403096,-87.98598444052216,43.01659648927991,2020-07-17,13,277.0
55079100200,55079100700,-87.99137992566246,43.01460892403096,-88.03788629567484,43.0213025080197,2020-07-17,3,63.0
55079100200,55079002300,-87.99137992566246,43.01460892403096,-87.93621856893152,43.105985427841645,2020-07-17,1,21.0
55079100200,55079110100,-87.99137992566246,43.01460892403096,-87.9710022364233,43.012448953036525,2020-07-17,8,170.0
55079100200,55079101000,-87.99137992566246,43.01460892403096,-88.05764456171738,42.99173938525954,2020-07-17,9,191.0
55079100200,55079021200,-87.99137992566246,43.01460892403096,-87.92101040508955,42.965284697357816,2020-07-17,1,21.0
55079100200,55079090300,-87.99137992566246,43.01460892403096,-88.0515779905257,43.06739040507833,2020-07-17,1,21.0
55079100200,55079101600,-87.99137992566246,43.01460892403096,-87.98881839806968,43.003113634057684,2020-07-17,3,63.0
55079100200,55079186300,-87.99137992566246,43.01460892403096,-87.91799927397663,43.040616743150025,2020-07-17,2,42.0
55079100200,55079021700,-87.99137992566246,43.01460892403096,-87.91312462574102,42.94052513723052,2020-07-17,2,42.0
55079100200,55079120501,-87.99137992566246,43.01460892403096,-87.96680035551529,42.94072396992586,2020-07-17,1,21.0
55079100200,55079019100,-87.99137992566246,43.01460892403096,-87.96549351619066,42.982165146288615,2020-07-17,2,42.0
55079100200,55079090200,-87.99137992566246,43.01460892403096,-88.05200796218348,43.081902180003375,2020-07-17,3,63.0
55079100200,55079120400,-87.99137992566246,43.01460892403096,-87.96548496050795,42.96670427425607,2020-07-17,2,42.0
55079100200,55079120203,-87.99137992566246,43.01460892403096,-88.00776394431053,42.95694649923871,2020-07-17,4,85.0
55079100200,55079160300,-87.99137992566246,43.01460892403096,-87.8893867076047,42.856940087232964,2020-07-17,2,42.0
55079100200,55079017300,-87.99137992566246,43.01460892403096,-87.94877202549131,43.0036525046766,2020-07-17,1,21.0
55079100200,55079019400,-87.99137992566246,43.01460892403096,-88.02755647500341,42.984577749923744,2020-07-17,2,42.0
55079100200,55079021400,-87.99137992566246,43.01460892403096,-87.93891709359613,42.96295890378409,2020-07-17,1,21.0
55079100200,55079090600,-87.99137992566246,43.01460892403096,-88.05435154566402,43.03795832032663,2020-07-17,2,42.0
55079100200,55079185300,-87.99137992566246,43.01460892403096,-88.04265402690729,43.049880154873065,2020-07-17,2,42.0
55079100200,55079120502,-87.99137992566246,43.01460892403096,-87.96510992081555,42.95304728304586,2020-07-17,1,21.0
55079100200,55079187400,-87.99137992566246,43.01460892403096,-87.90767949876499,43.03217517915639,2020-07-17,4,85.0
55079100200,55079012500,-87.99137992566246,43.01460892403096,-87.97654888060033,43.037091021714275,2020-07-17,1,21.0
55079100200,55079186800,-87.99137992566246,43.01460892403096,-87.9506670108877,43.02815858561159,2020-07-17,1,21.0
55079100200,55079170200,-87.99137992566246,43.01460892403096,-87.87263683893734,42.92275381108851,2020-07-17,1,21.0
55079100200,55079091200,-87.99137992566246,43.01460892403096,-88.00388284004167,43.0467075980639,2020-07-17,4,85.0
55079100200,55079100500,-87.99137992566246,43.01460892403096,-88.02674691869541,43.01326660162138,2020-07-17,3,63.0
55079100200,55079100600,-87.99137992566246,43.01460892403096,-88.02237498004419,43.02035162464835,2020-07-17,3,63.0
55079100200,55079020100,-87.99137992566246,43.01460892403096,-87.94099671150566,42.988482506396224,2020-07-17,3,63.0
55079100200,55079005000,-87.99137992566246,43.01460892403096,-87.98327608357046,43.07665137069942,2020-07-17,1,21.0
55079100200,55079002800,-87.99137992566246,43.01460892403096,-87.97141961541004,43.10830621321033,2020-07-17,1,21.0
55079100200,55079101100,-87.99137992566246,43.01460892403096,-88.04276904850849,42.99420752845147,2020-07-17,2,42.0
55079100200,55079013600,-87.99137992566246,43.01460892403096,-87.9527511611333,43.04369545920421,2020-07-17,1,21.0
55079100200,55079140100,-87.99137992566246,43.01460892403096,-88.0188613886232,42.93745223479677,2020-07-17,2,42.0
55079100200,55079140201,-87.99137992566246,43.01460892403096,-87.99911426080601,42.93902100763907,2020-07-17,2,42.0
55079100200,55079180100,-87.99137992566246,43.01460892403096,-87.84722355247969,42.95102171952154,2020-07-17,1,21.0
55079100200,55079186500,-87.99137992566246,43.01460892403096,-87.9130303085029,43.02319729476483,2020-07-17,1,21.0
55079100200,55079016800,-87.99137992566246,43.01460892403096,-87.92935001478907,43.01036042537408,2020-07-17,1,21.0
55079100200,55079120101,-87.99137992566246,43.01460892403096,-88.04814010007517,42.95916305909443,2020-07-17,1,21.0
55079100200,55079091100,-87.99137992566246,43.01460892403096,-88.00381885772617,43.05493775558714,2020-07-17,1,21.0
55079100200,55079101400,-87.99137992566246,43.01460892403096,-88.02735540531337,43.00631524274058,2020-07-17,3,63.0
55079100200,55079003600,-87.99137992566246,43.01460892403096,-87.98321131530031,43.092736225323044,2020-07-17,1,21.0
55079100200,55079100400,-87.99137992566246,43.01460892403096,-88.01166560297426,43.0170103539625,2020-07-17,7,149.0
55079100200,55079021600,-87.99137992566246,43.01460892403096,-87.92488475274558,42.952251222261935,2020-07-17,6,127.0
55079100200,55079016100,-87.99137992566246,43.01460892403096,-87.95946595975387,43.016089910899275,2020-07-17,1,21.0
55079100200,55079021300,-87.99137992566246,43.01460892403096,-87.93877469638159,42.970224160413096,2020-07-17,2,42.0
55079100200,55079120102,-87.99137992566246,43.01460892403096,-88.04966546230908,42.97409794368699,2020-07-17,1,21.0
55079100200,55079130100,-87.99137992566246,43.01460892403096,-88.04407902007586,42.942752065148895,2020-07-17,1,21.0
55079100200,55079019600,-87.99137992566246,43.01460892403096,-88.00769668957767,42.984657216409644,2020-07-17,2,42.0
55079100200,55079101800,-87.99137992566246,43.01460892403096,-88.00969812606968,42.99373426381014,2020-07-17,2,42.0
55079100200,55079015800,-87.99137992566246,43.01460892403096,-87.93761636287321,43.021659379009066,2020-07-17,1,21.0
55079100200,55079019500,-87.99137992566246,43.01460892403096,-88.02769031152603,42.97732706705707,2020-07-17,2,42.0
55079100200,55079007100,-87.99137992566246,43.01460892403096,-87.90149576859913,43.07383574480911,2020-07-17,1,21.0
55079100200,55079007300,-87.99137992566246,43.01460892403096,-87.88807891595606,43.0779148594549,2020-07-17,2,42.0
55079100200,55079080200,-87.99137992566246,43.01460892403096,-87.8877423232882,43.0942616397457,2020-07-17,2,42.0
55079100200,55079016300,-87.99137992566246,43.01460892403096,-87.93764055272034,43.01572710315665,2020-07-17,3,63.0
55079100200,55079019900,-87.99137992566246,43.01460892403096,-87.98235255712866,42.973172118392476,2020-07-17,1,21.0
55079100200,55079101500,-87.99137992566246,43.01460892403096,-88.00747595996755,43.007126720391405,2020-07-17,2,42.0
55079100200,55079101700,-87.99137992566246,43.01460892403096,-88.00697190300957,43.00173437379505,2020-07-17,3,63.0
55079100200,55079020400,-87.99137992566246,43.01460892403096,-87.9300852632457,42.98834002972675,2020-07-17,1,21.0
55079100200,55079010700,-87.99137992566246,43.01460892403096,-87.90095083433016,43.0597678010215,2020-07-17,1,21.0
55079100200,55079100200,-87.99137992566246,43.01460892403096,-87.99137992566246,43.01460892403096,2020-07-17,168,3579.0
55079100200,55079012600,-87.99137992566246,43.01460892403096,-87.99443577770006,43.034032251200934,2020-07-17,1,21.0
55079100200,55079120202,-87.99137992566246,43.01460892403096,-87.99868084532402,42.965848843600455,2020-07-17,2,42.0
55079100200,55079018200,-87.99137992566246,43.01460892403096,-87.87369831321716,42.99249911585218,2020-07-17,2,42.0
55079100200,55079018500,-87.99137992566246,43.01460892403096,-87.91439743752404,42.98441904059949,2020-07-17,1,21.0
55079100200,55079012700,-87.99137992566246,43.01460892403096,-88.0122777504643,43.029662330242175,2020-07-17,1,21.0
55079100200,55079019700,-87.99137992566246,43.01460892403096,-88.00741820523533,42.97570820507905,2020-07-17,1,21.0
55079100200,55079016400,-87.99137992566246,43.01460892403096,-87.92777599229481,43.01665943799343,2020-07-17,1,21.0
55079100200,55079018300,-87.99137992566246,43.01460892403096,-87.89285805580873,42.991354183119796,2020-07-17,2,42.0
55079100200,55079016500,-87.99137992566246,43.01460892403096,-87.91153110922029,43.01579142211555,2020-07-17,3,63.0
55079100200,55079018700,-87.99137992566246,43.01460892403096,-87.92991431934564,42.995583237143,2020-07-17,1,21.0
55079100200,55079186400,-87.99137992566246,43.01460892403096,-87.93038892981184,43.03695266796131,2020-07-17,1,21.0
55079100200,55079019300,-87.99137992566246,43.01460892403096,-87.99612754588766,42.99498021323571,2020-07-17,1,21.0
55079100200,55079020600,-87.99137992566246,43.01460892403096,-87.90444286867323,42.9810337820488,2020-07-17,1,21.0
55079100200,55079100300,-87.99137992566246,43.01460892403096,-88.00316709835943,43.017354422985534,2020-07-17,3,63.0
55079100200,55079101200,-87.99137992566246,43.01460892403096,-88.02772831407549,42.99180235090393,2020-07-17,1,21.0
55079100200,55079185600,-87.99137992566246,43.01460892403096,-87.91469071944607,43.06026722158336,2020-07-17,1,21.0
55079100200,55079012900,-87.99137992566246,43.01460892403096,-87.99989477924994,43.028140622580246,2020-07-17,4,85.0
55079100200,55079016900,-87.99137992566246,43.01460892403096,-87.93770785693083,43.00951913559766,2020-07-17,2,42.0
55079100200,55079002500,-87.99137992566246,43.01460892403096,-87.96218045466739,43.10795733493045,2020-07-17,1,21.0
55079100200,55079013000,-87.99137992566246,43.01460892403096,-87.9876687698922,43.02770173765977,2020-07-17,1,21.0
55079003200,55079020000,-88.00111189801154,43.10115852758208,-87.95273620994368,42.98405311376188,2020-07-17,2,40.0
55079003200,55079002100,-88.00111189801154,43.10115852758208,-87.95315716160212,43.115529640428136,2020-07-17,1,20.0
55079003200,55079002400,-88.00111189801154,43.10115852758208,-87.95188617843814,43.106404380820805,2020-07-17,3,60.0
55079003200,55079060200,-88.00111189801154,43.10115852758208,-87.9245165328896,43.11556508690733,2020-07-17,2,40.0
55079003200,55079004400,-88.00111189801154,43.10115852758208,-87.90608569163814,43.089298213737145,2020-07-17,1,20.0
55079003200,55079012800,-88.00111189801154,43.10115852758208,-88.03145321223326,43.03059221584991,2020-07-17,2,40.0
55079003200,55079016200,-88.00111189801154,43.10115852758208,-87.94745090497267,43.01660575920564,2020-07-17,1,20.0
55079003200,55079000102,-88.00111189801154,43.10115852758208,-88.01167859828367,43.164645145767146,2020-07-17,2,40.0
55079003200,55079000202,-88.00111189801154,43.10115852758208,-88.04132965001602,43.160382512849615,2020-07-17,3,60.0
55079003200,55079110100,-88.00111189801154,43.10115852758208,-87.9710022364233,43.012448953036525,2020-07-17,4,80.0
55079003200,55079000600,-88.00111189801154,43.10115852758208,-88.00190569680801,43.14010292722225,2020-07-17,4,80.0
55079003200,55079050101,-88.00111189801154,43.10115852758208,-87.98494662348081,43.17683059907653,2020-07-17,1,20.0
55079003200,55079090300,-88.00111189801154,43.10115852758208,-88.0515779905257,43.06739040507833,2020-07-17,3,60.0
55079003200,55079186300,-88.00111189801154,43.10115852758208,-87.91799927397663,43.040616743150025,2020-07-17,2,40.0
55079003200,55079021700,-88.00111189801154,43.10115852758208,-87.91312462574102,42.94052513723052,2020-07-17,1,20.0
55079003200,55079090200,-88.00111189801154,43.10115852758208,-88.05200796218348,43.081902180003375,2020-07-17,2,40.0
55079003200,55079090900,-88.00111189801154,43.10115852758208,-88.00270912368009,43.06124682618238,2020-07-17,2,40.0
55079003200,55079000501,-88.00111189801154,43.10115852758208,-88.04340002069712,43.115390222488664,2020-07-17,3,60.0
55079003200,55079003500,-88.00111189801154,43.10115852758208,-87.99830093777771,43.09359369867719,2020-07-17,7,140.0
55079003200,55079004800,-88.00111189801154,43.10115852758208,-87.96231596301399,43.077035360461494,2020-07-17,2,40.0
55079003200,55079009500,-88.00111189801154,43.10115852758208,-87.97530476217976,43.0530114064315,2020-07-17,1,20.0
55079003200,55079003200,-88.00111189801154,43.10115852758208,-88.00111189801154,43.10115852758208,2020-07-17,130,2616.0
55079003200,55079000302,-88.00111189801154,43.10115852758208,-88.04649688617519,43.13922972061493,2020-07-17,1,20.0
55079003200,55079185300,-88.00111189801154,43.10115852758208,-88.04265402690729,43.049880154873065,2020-07-17,3,60.0
55079003200,55079187400,-88.00111189801154,43.10115852758208,-87.90767949876499,43.03217517915639,2020-07-17,2,40.0
55079003200,55079150304,-88.00111189801154,43.10115852758208,-88.02760163837803,42.91519132559998,2020-07-17,1,20.0
55079003200,55079000800,-88.00111189801154,43.10115852758208,-87.97372753660457,43.14064967469203,2020-07-17,2,40.0
55079003200,55079000400,-88.00111189801154,43.10115852758208,-88.05554472050937,43.110954423820296,2020-07-17,2,40.0
55079003200,55079000502,-88.00111189801154,43.10115852758208,-88.03128731150349,43.12480634966938,2020-07-17,2,40.0
55079003200,55079187200,-88.00111189801154,43.10115852758208,-88.00769048889484,42.863813659193866,2020-07-17,1,20.0
55079003200,55079006000,-88.00111189801154,43.10115852758208,-87.97554005335066,43.067947929210746,2020-07-17,1,20.0
55079003200,55079091200,-88.00111189801154,43.10115852758208,-88.00388284004167,43.0467075980639,2020-07-17,2,40.0
55079003200,55079005000,-88.00111189801154,43.10115852758208,-87.98327608357046,43.07665137069942,2020-07-17,1,20.0
55079003200,55079002800,-88.00111189801154,43.10115852758208,-87.97141961541004,43.10830621321033,2020-07-17,1,20.0
55079003200,55079014600,-88.00111189801154,43.10115852758208,-87.93032605572249,43.04237842637439,2020-07-17,1,20.0
55079003200,55079100900,-88.00111189801154,43.10115852758208,-88.05216898532913,43.00959788353506,2020-07-17,1,20.0
55079003200,55079186500,-88.00111189801154,43.10115852758208,-87.9130303085029,43.02319729476483,2020-07-17,1,20.0
55079003200,55079003300,-88.00111189801154,43.10115852758208,-88.0173066794685,43.1010408446094,2020-07-17,4,80.0
55079003200,55079007500,-88.00111189801154,43.10115852758208,-87.87772470520909,43.071061371506396,2020-07-17,1,20.0
55079003200,55079003600,-88.00111189801154,43.10115852758208,-87.98321131530031,43.092736225323044,2020-07-17,4,80.0
55079003200,55079003800,-88.00111189801154,43.10115852758208,-87.97215356169055,43.086187842345545,2020-07-17,4,80.0
55079003200,55079014400,-88.00111189801154,43.10115852758208,-87.90784049253895,43.042413401572134,2020-07-17,2,40.0
55079003200,55079001800,-88.00111189801154,43.10115852758208,-87.99853790291819,43.115847306484916,2020-07-17,2,40.0
55079003200,55079003400,-88.00111189801154,43.10115852758208,-88.02444287795417,43.0934576342605,2020-07-17,3,60.0
55079003200,55079005800,-88.00111189801154,43.10115852758208,-87.99994620357029,43.072303413103626,2020-07-17,1,20.0
55079003200,55079002900,-88.00111189801154,43.10115852758208,-87.98131890013833,43.108341188298006,2020-07-17,1,20.0
55079003200,55079120102,-88.00111189801154,43.10115852758208,-88.04966546230908,42.97409794368699,2020-07-17,1,20.0
55079003200,55079130100,-88.00111189801154,43.10115852758208,-88.04407902007586,42.942752065148895,2020-07-17,1,20.0
55079003200,55079050102,-88.00111189801154,43.10115852758208,-87.96743569232115,43.172443064752215,2020-07-17,1,20.0
55079003200,55079080200,-88.00111189801154,43.10115852758208,-87.8877423232882,43.0942616397457,2020-07-17,1,20.0
55079003200,55079000700,-88.00111189801154,43.10115852758208,-87.99009583376943,43.15588909293765,2020-07-17,1,20.0
55079003200,55079005700,-88.00111189801154,43.10115852758208,-88.01309831915184,43.07138814037072,2020-07-17,1,20.0
55079003200,55079003100,-88.00111189801154,43.10115852758208,-87.98607018194353,43.10091760946077,2020-07-17,6,120.0
55079003200,55079005200,-88.00111189801154,43.10115852758208,-88.0124256780363,43.086227920709504,2020-07-17,1,20.0
55079003200,55079005900,-88.00111189801154,43.10115852758208,-87.98523579862835,43.06821108392844,2020-07-17,3,60.0
55079003200,55079000900,-88.00111189801154,43.10115852758208,-87.95566887882444,43.14970170326806,2020-07-17,1,20.0
55079003200,55079001300,-88.00111189801154,43.10115852758208,-87.99843350448002,43.126783535933505,2020-07-17,3,60.0
55079003200,55079001700,-88.00111189801154,43.10115852758208,-88.01621221830194,43.10855887721336,2020-07-17,3,60.0
55079003200,55079004200,-88.00111189801154,43.10115852758208,-87.94544782159862,43.09516547779425,2020-07-17,2,40.0
55079003200,55079186600,-88.00111189801154,43.10115852758208,-87.91355022125023,43.001384465822476,2020-07-17,3,60.0
55079003200,55079002000,-88.00111189801154,43.10115852758208,-87.96815137233186,43.115621500302275,2020-07-17,2,40.0
55079003200,55079000201,-88.00111189801154,43.10115852758208,-88.0472441211064,43.1799495757708,2020-07-17,2,40.0
55079003200,55079019700,-88.00111189801154,43.10115852758208,-88.00741820523533,42.97570820507905,2020-07-17,1,20.0
55079003200,55079002600,-88.00111189801154,43.10115852758208,-87.96192834607115,43.10067420371696,2020-07-17,1,20.0
55079003200,55079000304,-88.00111189801154,43.10115852758208,-88.02644618111368,43.14364069729464,2020-07-17,2,40.0
55079003200,55079001900,-88.00111189801154,43.10115852758208,-87.98367415791445,43.115686316787006,2020-07-17,2,40.0
55079003200,55079001100,-88.00111189801154,43.10115852758208,-87.96901390366762,43.127689901740844,2020-07-17,1,20.0
55079003200,55079009600,-88.00111189801154,43.10115852758208,-87.96486502955395,43.05277336645368,2020-07-17,1,20.0
55079003200,55079101300,-88.00111189801154,43.10115852758208,-88.02770018483265,42.99907770295741,2020-07-17,1,20.0
55079003200,55079008900,-88.00111189801154,43.10115852758208,-87.95337828163817,43.06706338271535,2020-07-17,2,40.0
55079003200,55079100300,-88.00111189801154,43.10115852758208,-88.00316709835943,43.017354422985534,2020-07-17,2,40.0
55079003200,55079005100,-88.00111189801154,43.10115852758208,-87.99757698420609,43.08261869423604,2020-07-17,5,100.0
55079003200,55079004900,-88.00111189801154,43.10115852758208,-87.97231517837423,43.077061406485264,2020-07-17,1,20.0
55079003200,55079006100,-88.00111189801154,43.10115852758208,-87.96847508739953,43.06791249267312,2020-07-17,1,20.0
55079003200,55079000303,-88.00111189801154,43.10115852758208,-88.04588241201564,43.12968529312476,2020-07-17,1,20.0
55079003200,55079001000,-88.00111189801154,43.10115852758208,-87.95348314468296,43.12464896388482,2020-07-17,1,20.0
55079003200,55079003000,-88.00111189801154,43.10115852758208,-87.99619059962126,43.10851035065769,2020-07-17,1,20.0
55079003200,55079006500,-88.00111189801154,43.10115852758208,-87.94229465456391,43.0797331466399,2020-07-17,1,20.0
55079003200,55079008800,-88.00111189801154,43.10115852758208,-87.94617084834631,43.06788862375971,2020-07-17,2,40.0
55079003200,55079015900,-88.00111189801154,43.10115852758208,-87.9473669417017,43.02159668337006,2020-07-17,2,40.0
55079001000,55079002100,-87.95348314468296,43.12464896388482,-87.95315716160212,43.115529640428136,2020-07-17,6,111.0
55079001000,55079002400,-87.95348314468296,43.12464896388482,-87.95188617843814,43.106404380820805,2020-07-17,6,111.0
55079001000,55079004300,-87.95348314468296,43.12464896388482,-87.93220867621264,43.094799127568905,2020-07-17,3,55.0
55079001000,55079060200,-87.95348314468296,43.12464896388482,-87.9245165328896,43.11556508690733,2020-07-17,11,204.0
55079001000,55079004400,-87.95348314468296,43.12464896388482,-87.90608569163814,43.089298213737145,2020-07-17,1,18.0
55079001000,55079004500,-87.95348314468296,43.12464896388482,-87.92226909278084,43.08550885272536,2020-07-17,1,18.0
55079001000,55079015700,-87.95348314468296,43.12464896388482,-87.92777138656925,43.021663598322064,2020-07-17,1,18.0
55079001000,55079000101,-87.95348314468296,43.12464896388482,-88.00922083481396,43.18510784936368,2020-07-17,2,37.0
55079001000,55079000202,-87.95348314468296,43.12464896388482,-88.04132965001602,43.160382512849615,2020-07-17,1,18.0
55079001000,55079011200,-87.95348314468296,43.12464896388482,-87.89756439120579,43.055476240018415,2020-07-17,2,37.0
55079001000,55079110100,-87.95348314468296,43.12464896388482,-87.9710022364233,43.012448953036525,2020-07-17,1,18.0
55079001000,55079000600,-87.95348314468296,43.12464896388482,-88.00190569680801,43.14010292722225,2020-07-17,2,37.0
55079001000,55079050101,-87.95348314468296,43.12464896388482,-87.98494662348081,43.17683059907653,2020-07-17,3,55.0
55079001000,55079090300,-87.95348314468296,43.12464896388482,-88.0515779905257,43.06739040507833,2020-07-17,2,37.0
55079001000,55079101600,-87.95348314468296,43.12464896388482,-87.98881839806968,43.003113634057684,2020-07-17,1,18.0
55079001000,55079186300,-87.95348314468296,43.12464896388482,-87.91799927397663,43.040616743150025,2020-07-17,2,37.0
55079001000,55079019200,-87.95348314468296,43.12464896388482,-87.9858350139744,42.99282711086924,2020-07-17,1,18.0
55079001000,55079000501,-87.95348314468296,43.12464896388482,-88.04340002069712,43.115390222488664,2020-07-17,2,37.0
55079001000,55079001200,-87.95348314468296,43.12464896388482,-87.98620080987179,43.12617611256525,2020-07-17,2,37.0
55079001000,55079002700,-87.95348314468296,43.12464896388482,-87.97176690626681,43.100825271475365,2020-07-17,2,37.0
55079001000,55079003500,-87.95348314468296,43.12464896388482,-87.99830093777771,43.09359369867719,2020-07-17,3,55.0
55079001000,55079004800,-87.95348314468296,43.12464896388482,-87.96231596301399,43.077035360461494,2020-07-17,1,18.0
55079001000,55079186000,-87.95348314468296,43.12464896388482,-87.92039854147795,43.053956957431964,2020-07-17,1,18.0
55079001000,55079003200,-87.95348314468296,43.12464896388482,-88.00111189801154,43.10115852758208,2020-07-17,1,18.0
55079001000,55079005300,-87.95348314468296,43.12464896388482,-88.01242727702714,43.07892288175221,2020-07-17,1,18.0
55079001000,55079060101,-87.95348314468296,43.12464896388482,-87.92535691568614,43.13950788268824,2020-07-17,3,55.0
55079001000,55079185500,-87.95348314468296,43.12464896388482,-87.92624880733425,43.0601763240656,2020-07-17,1,18.0
55079001000,55079014700,-87.95348314468296,43.12464896388482,-87.93551340137516,43.042200823908786,2020-07-17,1,18.0
55079001000,55079187400,-87.95348314468296,43.12464896388482,-87.90767949876499,43.03217517915639,2020-07-17,2,37.0
55079001000,55079150304,-87.95348314468296,43.12464896388482,-88.02760163837803,42.91519132559998,2020-07-17,1,18.0
55079001000,55079000800,-87.95348314468296,43.12464896388482,-87.97372753660457,43.14064967469203,2020-07-17,1,18.0
55079001000,55079012500,-87.95348314468296,43.12464896388482,-87.97654888060033,43.037091021714275,2020-07-17,1,18.0
55079001000,55079004600,-87.95348314468296,43.12464896388482,-87.9321086251029,43.08569057130924,2020-07-17,1,18.0
55079001000,55079005400,-87.95348314468296,43.12464896388482,-88.02259608100492,43.0824437803151,2020-07-17,1,18.0
55079001000,55079006200,-87.95348314468296,43.12464896388482,-87.96097127315564,43.067902782244275,2020-07-17,3,55.0
55079001000,55079186800,-87.95348314468296,43.12464896388482,-87.9506670108877,43.02815858561159,2020-07-17,1,18.0
55079001000,55079080100,-87.95348314468296,43.12464896388482,-87.89773689723896,43.0955518884228,2020-07-17,1,18.0
55079001000,55079006000,-87.95348314468296,43.12464896388482,-87.97554005335066,43.067947929210746,2020-07-17,1,18.0
55079001000,55079091200,-87.95348314468296,43.12464896388482,-88.00388284004167,43.0467075980639,2020-07-17,2,37.0
55079001000,55079160202,-87.95348314468296,43.12464896388482,-87.87217546542965,42.881379330302295,2020-07-17,1,18.0
55079001000,55079002800,-87.95348314468296,43.12464896388482,-87.97141961541004,43.10830621321033,2020-07-17,1,18.0
55079001000,55079006800,-87.95348314468296,43.12464896388482,-87.92500216567623,43.079683301494654,2020-07-17,1,18.0
55079001000,55079014600,-87.95348314468296,43.12464896388482,-87.93032605572249,43.04237842637439,2020-07-17,1,18.0
55079001000,55079013600,-87.95348314468296,43.12464896388482,-87.9527511611333,43.04369545920421,2020-07-17,1,18.0
55079001000,55079003300,-87.95348314468296,43.12464896388482,-88.0173066794685,43.1010408446094,2020-07-17,2,37.0
55079001000,55079008500,-87.95348314468296,43.12464896388482,-87.9298714910033,43.06776123229879,2020-07-17,1,18.0
55079001000,55079007700,-87.95348314468296,43.12464896388482,-87.88849935823362,43.06389053422122,2020-07-17,1,18.0
55079001000,55079003600,-87.95348314468296,43.12464896388482,-87.98321131530031,43.092736225323044,2020-07-17,3,55.0
55079001000,55079014400,-87.95348314468296,43.12464896388482,-87.90784049253895,43.042413401572134,2020-07-17,2,37.0
55079001000,55079021600,-87.95348314468296,43.12464896388482,-87.92488475274558,42.952251222261935,2020-07-17,1,18.0
55079001000,55079001800,-87.95348314468296,43.12464896388482,-87.99853790291819,43.115847306484916,2020-07-17,2,37.0
55079001000,55079005800,-87.95348314468296,43.12464896388482,-87.99994620357029,43.072303413103626,2020-07-17,2,37.0
55079001000,55079035200,-87.95348314468296,43.12464896388482,-87.9070718018067,43.16012040860922,2020-07-17,4,74.0
55079001000,55079016100,-87.95348314468296,43.12464896388482,-87.95946595975387,43.016089910899275,2020-07-17,1,18.0
55079001000,55079002900,-87.95348314468296,43.12464896388482,-87.98131890013833,43.108341188298006,2020-07-17,1,18.0
55079001000,55079130100,-87.95348314468296,43.12464896388482,-88.04407902007586,42.942752065148895,2020-07-17,1,18.0
55079001000,55079014100,-87.95348314468296,43.12464896388482,-87.92097269793881,43.04863570292668,2020-07-17,1,18.0
55079001000,55079150301,-87.95348314468296,43.12464896388482,-88.05345903025625,42.89781994777656,2020-07-17,1,18.0
55079001000,55079050102,-87.95348314468296,43.12464896388482,-87.96743569232115,43.172443064752215,2020-07-17,3,55.0
55079001000,55079180300,-87.95348314468296,43.12464896388482,-87.87005593266791,42.951885652862586,2020-07-17,2,37.0
55079001000,55079007900,-87.95348314468296,43.12464896388482,-87.89683936352995,43.06599950452746,2020-07-17,1,18.0
55079001000,55079006300,-87.95348314468296,43.12464896388482,-87.95229119818997,43.07635281761954,2020-07-17,1,18.0
55079001000,55079080200,-87.95348314468296,43.12464896388482,-87.8877423232882,43.0942616397457,2020-07-17,1,18.0
55079001000,55079000700,-87.95348314468296,43.12464896388482,-87.99009583376943,43.15588909293765,2020-07-17,2,37.0
55079001000,55079101500,-87.95348314468296,43.12464896388482,-88.00747595996755,43.007126720391405,2020-07-17,1,18.0
55079001000,55079010700,-87.95348314468296,43.12464896388482,-87.90095083433016,43.0597678010215,2020-07-17,1,18.0
55079001000,55079009800,-87.95348314468296,43.12464896388482,-87.95409571434068,43.059778012269526,2020-07-17,1,18.0
55079001000,55079000900,-87.95348314468296,43.12464896388482,-87.95566887882444,43.14970170326806,2020-07-17,4,74.0
55079001000,55079001700,-87.95348314468296,43.12464896388482,-88.01621221830194,43.10855887721336,2020-07-17,2,37.0
55079001000,55079004200,-87.95348314468296,43.12464896388482,-87.94544782159862,43.09516547779425,2020-07-17,2,37.0
55079001000,55079186600,-87.95348314468296,43.12464896388482,-87.91355022125023,43.001384465822476,2020-07-17,2,37.0
55079001000,55079012300,-87.95348314468296,43.12464896388482,-87.96196748080853,43.043599093031496,2020-07-17,1,18.0
55079001000,55079001500,-87.95348314468296,43.12464896388482,-88.01520145334699,43.123754077777434,2020-07-17,1,18.0
55079001000,55079002000,-87.95348314468296,43.12464896388482,-87.96815137233186,43.115621500302275,2020-07-17,1,18.0
55079001000,55079000201,-87.95348314468296,43.12464896388482,-88.0472441211064,43.1799495757708,2020-07-17,2,37.0
55079001000,55079019800,-87.95348314468296,43.12464896388482,-87.98973307517815,42.982078809345225,2020-07-17,2,37.0
55079001000,55079002600,-87.95348314468296,43.12464896388482,-87.96192834607115,43.10067420371696,2020-07-17,1,18.0
55079001000,55079009000,-87.95348314468296,43.12464896388482,-87.9610837883489,43.060355868415826,2020-07-17,1,18.0
55079001000,55079009100,-87.95348314468296,43.12464896388482,-87.96852806703085,43.060675408064526,2020-07-17,2,37.0
55079001000,55079001900,-87.95348314468296,43.12464896388482,-87.98367415791445,43.115686316787006,2020-07-17,6,111.0
55079001000,55079003700,-87.95348314468296,43.12464896388482,-87.98336380852676,43.08546039091554,2020-07-17,1,18.0
55079001000,55079001100,-87.95348314468296,43.12464896388482,-87.96901390366762,43.127689901740844,2020-07-17,4,74.0
55079001000,55079009600,-87.95348314468296,43.12464896388482,-87.96486502955395,43.05277336645368,2020-07-17,1,18.0
55079001000,55079004100,-87.95348314468296,43.12464896388482,-87.95681147526382,43.0940907627305,2020-07-17,3,55.0
55079001000,55079013400,-87.95348314468296,43.12464896388482,-87.95356038604784,43.03496530197635,2020-07-17,1,18.0
55079001000,55079186900,-87.95348314468296,43.12464896388482,-87.88804149673794,43.05226526687869,2020-07-17,1,18.0
55079001000,55079014800,-87.95348314468296,43.12464896388482,-87.9402035907502,43.042125624825495,2020-07-17,1,18.0
55079001000,55079060102,-87.95348314468296,43.12464896388482,-87.93974960524739,43.148654535590595,2020-07-17,2,37.0
55079001000,55079004900,-87.95348314468296,43.12464896388482,-87.97231517837423,43.077061406485264,2020-07-17,1,18.0
55079001000,55079008000,-87.95348314468296,43.12464896388482,-87.90282982859381,43.067480284048756,2020-07-17,1,18.0
55079001000,55079186100,-87.95348314468296,43.12464896388482,-87.94279275484007,43.048652729679134,2020-07-17,2,37.0
55079001000,55079013300,-87.95348314468296,43.12464896388482,-87.96206431187025,43.03483590901066,2020-07-17,1,18.0
55079001000,55079002500,-87.95348314468296,43.12464896388482,-87.96218045466739,43.10795733493045,2020-07-17,1,18.0
55079001000,55079001000,-87.95348314468296,43.12464896388482,-87.95348314468296,43.12464896388482,2020-07-17,138,2560.0
55079001000,55079002200,-87.95348314468296,43.12464896388482,-87.9335870089048,43.11469059411332,2020-07-17,1,18.0
55079001000,55079009900,-87.95348314468296,43.12464896388482,-87.94630275235495,43.060274421469344,2020-07-17,1,18.0
55079001000,55079003000,-87.95348314468296,43.12464896388482,-87.99619059962126,43.10851035065769,2020-07-17,1,18.0
55079001000,55079008600,-87.95348314468296,43.12464896388482,-87.93517868399437,43.06762170689756,2020-07-17,1,18.0
55079001000,55079006900,-87.95348314468296,43.12464896388482,-87.91078185483303,43.07979537793229,2020-07-17,1,18.0
55079001000,55079013500,-87.95348314468296,43.12464896388482,-87.9526122313311,43.040147622140005,2020-07-17,1,18.0
55079001900,55079002100,-87.98367415791445,43.115686316787006,-87.95315716160212,43.115529640428136,2020-07-17,1,8.0
55079001900,55079002400,-87.98367415791445,43.115686316787006,-87.95188617843814,43.106404380820805,2020-07-17,1,8.0
55079001900,55079004300,-87.98367415791445,43.115686316787006,-87.93220867621264,43.094799127568905,2020-07-17,3,25.0
55079001900,55079060200,-87.98367415791445,43.115686316787006,-87.9245165328896,43.11556508690733,2020-07-17,6,50.0
55079001900,55079004400,-87.98367415791445,43.115686316787006,-87.90608569163814,43.089298213737145,2020-07-17,5,42.0
55079001900,55079004500,-87.98367415791445,43.115686316787006,-87.92226909278084,43.08550885272536,2020-07-17,1,8.0
55079001900,55079000101,-87.98367415791445,43.115686316787006,-88.00922083481396,43.18510784936368,2020-07-17,2,16.0
55079001900,55079000102,-87.98367415791445,43.115686316787006,-88.01167859828367,43.164645145767146,2020-07-17,2,16.0
55079001900,55079000202,-87.98367415791445,43.115686316787006,-88.04132965001602,43.160382512849615,2020-07-17,3,25.0
55079001900,55079002300,-87.98367415791445,43.115686316787006,-87.93621856893152,43.105985427841645,2020-07-17,2,16.0
55079001900,55079010800,-87.98367415791445,43.115686316787006,-87.88986181293924,43.05733829509928,2020-07-17,1,8.0
55079001900,55079110100,-87.98367415791445,43.115686316787006,-87.9710022364233,43.012448953036525,2020-07-17,1,8.0
55079001900,55079101000,-87.98367415791445,43.115686316787006,-88.05764456171738,42.99173938525954,2020-07-17,1,8.0
55079001900,55079000600,-87.98367415791445,43.115686316787006,-88.00190569680801,43.14010292722225,2020-07-17,2,16.0
55079001900,55079050101,-87.98367415791445,43.115686316787006,-87.98494662348081,43.17683059907653,2020-07-17,2,16.0
55079001900,55079090300,-87.98367415791445,43.115686316787006,-88.0515779905257,43.06739040507833,2020-07-17,7,59.0
55079001900,55079186300,-87.98367415791445,43.115686316787006,-87.91799927397663,43.040616743150025,2020-07-17,2,16.0
55079001900,55079019200,-87.98367415791445,43.115686316787006,-87.9858350139744,42.99282711086924,2020-07-17,1,8.0
55079001900,55079090100,-87.98367415791445,43.115686316787006,-88.04837730790923,43.0973204568905,2020-07-17,2,16.0
55079001900,55079090200,-87.98367415791445,43.115686316787006,-88.05200796218348,43.081902180003375,2020-07-17,3,25.0
55079001900,55079090900,-87.98367415791445,43.115686316787006,-88.00270912368009,43.06124682618238,2020-07-17,1,8.0
55079001900,55079120203,-87.98367415791445,43.115686316787006,-88.00776394431053,42.95694649923871,2020-07-17,1,8.0
55079001900,55079000501,-87.98367415791445,43.115686316787006,-88.04340002069712,43.115390222488664,2020-07-17,14,118.0
55079001900,55079001200,-87.98367415791445,43.115686316787006,-87.98620080987179,43.12617611256525,2020-07-17,6,50.0
55079001900,55079002700,-87.98367415791445,43.115686316787006,-87.97176690626681,43.100825271475365,2020-07-17,1,8.0
55079001900,55079003500,-87.98367415791445,43.115686316787006,-87.99830093777771,43.09359369867719,2020-07-17,7,59.0
55079001900,55079004800,-87.98367415791445,43.115686316787006,-87.96231596301399,43.077035360461494,2020-07-17,3,25.0
55079001900,55079185900,-87.98367415791445,43.115686316787006,-87.93229166080955,43.05383765471328,2020-07-17,1,8.0
55079001900,55079186000,-87.98367415791445,43.115686316787006,-87.92039854147795,43.053956957431964,2020-07-17,2,16.0
55079001900,55079003200,-87.98367415791445,43.115686316787006,-88.00111189801154,43.10115852758208,2020-07-17,2,16.0
55079001900,55079005300,-87.98367415791445,43.115686316787006,-88.01242727702714,43.07892288175221,2020-07-17,1,8.0
55079001900,55079021400,-87.98367415791445,43.115686316787006,-87.93891709359613,42.96295890378409,2020-07-17,1,8.0
55079001900,55079000302,-87.98367415791445,43.115686316787006,-88.04649688617519,43.13922972061493,2020-07-17,1,8.0
55079001900,55079090600,-87.98367415791445,43.115686316787006,-88.05435154566402,43.03795832032663,2020-07-17,1,8.0
55079001900,55079150304,-87.98367415791445,43.115686316787006,-88.02760163837803,42.91519132559998,2020-07-17,2,16.0
55079001900,55079000800,-87.98367415791445,43.115686316787006,-87.97372753660457,43.14064967469203,2020-07-17,2,16.0
55079001900,55079130200,-87.98367415791445,43.115686316787006,-88.05891051157585,42.93732261654573,2020-07-17,1,8.0
55079001900,55079004000,-87.98367415791445,43.115686316787006,-87.97205846198321,43.09342306765945,2020-07-17,1,8.0
55079001900,55079004600,-87.98367415791445,43.115686316787006,-87.9321086251029,43.08569057130924,2020-07-17,1,8.0
55079001900,55079005400,-87.98367415791445,43.115686316787006,-88.02259608100492,43.0824437803151,2020-07-17,4,33.0
55079001900,55079000400,-87.98367415791445,43.115686316787006,-88.05554472050937,43.110954423820296,2020-07-17,8,67.0
55079001900,55079000502,-87.98367415791445,43.115686316787006,-88.03128731150349,43.12480634966938,2020-07-17,6,50.0
55079001900,55079006200,-87.98367415791445,43.115686316787006,-87.96097127315564,43.067902782244275,2020-07-17,3,25.0
55079001900,55079186800,-87.98367415791445,43.115686316787006,-87.9506670108877,43.02815858561159,2020-07-17,1,8.0
55079001900,55079080100,-87.98367415791445,43.115686316787006,-87.89773689723896,43.0955518884228,2020-07-17,1,8.0
55079001900,55079006000,-87.98367415791445,43.115686316787006,-87.97554005335066,43.067947929210746,2020-07-17,3,25.0
55079001900,55079160203,-87.98367415791445,43.115686316787006,-87.91638950191752,42.89402789790319,2020-07-17,1,8.0
55079001900,55079020100,-87.98367415791445,43.115686316787006,-87.94099671150566,42.988482506396224,2020-07-17,3,25.0
55079001900,55079005000,-87.98367415791445,43.115686316787006,-87.98327608357046,43.07665137069942,2020-07-17,3,25.0
55079001900,55079001400,-87.98367415791445,43.115686316787006,-88.01656972395298,43.130900969315825,2020-07-17,1,8.0
55079001900,55079002800,-87.98367415791445,43.115686316787006,-87.97141961541004,43.10830621321033,2020-07-17,2,16.0
55079001900,55079007000,-87.98367415791445,43.115686316787006,-87.91122456687498,43.07424564740019,2020-07-17,1,8.0
55079001900,55079140202,-87.98367415791445,43.115686316787006,-87.981557716435,42.93443757238657,2020-07-17,1,8.0
55079001900,55079186500,-87.98367415791445,43.115686316787006,-87.9130303085029,43.02319729476483,2020-07-17,1,8.0
55079001900,55079003300,-87.98367415791445,43.115686316787006,-88.0173066794685,43.1010408446094,2020-07-17,8,67.0
55079001900,55079001600,-87.98367415791445,43.115686316787006,-88.01599665750028,43.11588641903863,2020-07-17,5,42.0
55079001900,55079070100,-87.98367415791445,43.115686316787006,-87.9076583493148,43.12063010988105,2020-07-17,1,8.0
55079001900,55079003600,-87.98367415791445,43.115686316787006,-87.98321131530031,43.092736225323044,2020-07-17,11,93.0
55079001900,55079003800,-87.98367415791445,43.115686316787006,-87.97215356169055,43.086187842345545,2020-07-17,4,33.0
55079001900,55079014400,-87.98367415791445,43.115686316787006,-87.90784049253895,43.042413401572134,2020-07-17,4,33.0
55079001900,55079018000,-87.98367415791445,43.115686316787006,-87.8945288084346,43.01098558683315,2020-07-17,1,8.0
55079001900,55079070200,-87.98367415791445,43.115686316787006,-87.8919112738197,43.1133970416122,2020-07-17,1,8.0
55079001900,55079001800,-87.98367415791445,43.115686316787006,-87.99853790291819,43.115847306484916,2020-07-17,9,76.0
55079001900,55079003400,-87.98367415791445,43.115686316787006,-88.02444287795417,43.0934576342605,2020-07-17,5,42.0
55079001900,55079005500,-87.98367415791445,43.115686316787006,-88.03284541742188,43.08237006688624,2020-07-17,1,8.0
55079001900,55079005800,-87.98367415791445,43.115686316787006,-87.99994620357029,43.072303413103626,2020-07-17,1,8.0
55079001900,55079035200,-87.98367415791445,43.115686316787006,-87.9070718018067,43.16012040860922,2020-07-17,1,8.0
55079001900,55079016100,-87.98367415791445,43.115686316787006,-87.95946595975387,43.016089910899275,2020-07-17,1,8.0
55079001900,55079002900,-87.98367415791445,43.115686316787006,-87.98131890013833,43.108341188298006,2020-07-17,4,33.0
55079001900,55079130100,-87.98367415791445,43.115686316787006,-88.04407902007586,42.942752065148895,2020-07-17,1,8.0
55079001900,55079150301,-87.98367415791445,43.115686316787006,-88.05345903025625,42.89781994777656,2020-07-17,1,8.0
55079001900,55079050102,-87.98367415791445,43.115686316787006,-87.96743569232115,43.172443064752215,2020-07-17,2,16.0
55079001900,55079019500,-87.98367415791445,43.115686316787006,-88.02769031152603,42.97732706705707,2020-07-17,1,8.0
55079001900,55079000700,-87.98367415791445,43.115686316787006,-87.99009583376943,43.15588909293765,2020-07-17,7,59.0
55079001900,55079100200,-87.98367415791445,43.115686316787006,-87.99137992566246,43.01460892403096,2020-07-17,1,8.0
55079001900,55079003100,-87.98367415791445,43.115686316787006,-87.98607018194353,43.10091760946077,2020-07-17,2,16.0
55079001900,55079005900,-87.98367415791445,43.115686316787006,-87.98523579862835,43.06821108392844,2020-07-17,3,25.0
55079001900,55079006600,-87.98367415791445,43.115686316787006,-87.93135214789555,43.075399167305534,2020-07-17,1,8.0
55079001900,55079007600,-87.98367415791445,43.115686316787006,-87.87859580944733,43.06399812725538,2020-07-17,1,8.0
55079001900,55079000900,-87.98367415791445,43.115686316787006,-87.95566887882444,43.14970170326806,2020-07-17,1,8.0
55079001900,55079001300,-87.98367415791445,43.115686316787006,-87.99843350448002,43.126783535933505,2020-07-17,3,25.0
55079001900,55079001700,-87.98367415791445,43.115686316787006,-88.01621221830194,43.10855887721336,2020-07-17,4,33.0
55079001900,55079017400,-87.98367415791445,43.115686316787006,-87.9382983850757,43.00476614107047,2020-07-17,1,8.0
55079001900,55079004200,-87.98367415791445,43.115686316787006,-87.94544782159862,43.09516547779425,2020-07-17,1,8.0
55079001900,55079001500,-87.98367415791445,43.115686316787006,-88.01520145334699,43.123754077777434,2020-07-17,3,25.0
55079001900,55079002000,-87.98367415791445,43.115686316787006,-87.96815137233186,43.115621500302275,2020-07-17,2,16.0
55079001900,55079003900,-87.98367415791445,43.115686316787006,-87.96215160813261,43.086172227530916,2020-07-17,1,8.0
55079001900,55079021500,-87.98367415791445,43.115686316787006,-87.94398245259515,42.952098604888974,2020-07-17,1,8.0
55079001900,55079009000,-87.98367415791445,43.115686316787006,-87.9610837883489,43.060355868415826,2020-07-17,1,8.0
55079001900,55079009100,-87.98367415791445,43.115686316787006,-87.96852806703085,43.060675408064526,2020-07-17,1,8.0
55079001900,55079000304,-87.98367415791445,43.115686316787006,-88.02644618111368,43.14364069729464,2020-07-17,3,25.0
55079001900,55079001900,-87.98367415791445,43.115686316787006,-87.98367415791445,43.115686316787006,2020-07-17,267,2262.0
55079001900,55079003700,-87.98367415791445,43.115686316787006,-87.98336380852676,43.08546039091554,2020-07-17,5,42.0
55079001900,55079001100,-87.98367415791445,43.115686316787006,-87.96901390366762,43.127689901740844,2020-07-17,1,8.0
55079001900,55079009600,-87.98367415791445,43.115686316787006,-87.96486502955395,43.05277336645368,2020-07-17,2,16.0
55079001900,55079019300,-87.98367415791445,43.115686316787006,-87.99612754588766,42.99498021323571,2020-07-17,1,8.0
55079001900,55079011100,-87.98367415791445,43.115686316787006,-87.90155963599153,43.04933924860895,2020-07-17,1,8.0
55079001900,55079008900,-87.98367415791445,43.115686316787006,-87.95337828163817,43.06706338271535,2020-07-17,1,8.0
55079001900,55079186900,-87.98367415791445,43.115686316787006,-87.88804149673794,43.05226526687869,2020-07-17,2,16.0
55079001900,55079185600,-87.98367415791445,43.115686316787006,-87.91469071944607,43.06026722158336,2020-07-17,1,8.0
55079001900,55079005100,-87.98367415791445,43.115686316787006,-87.99757698420609,43.08261869423604,2020-07-17,3,25.0
55079001900,55079004900,-87.98367415791445,43.115686316787006,-87.97231517837423,43.077061406485264,2020-07-17,2,16.0
55079001900,55079012900,-87.98367415791445,43.115686316787006,-87.99989477924994,43.028140622580246,2020-07-17,1,8.0
55079001900,55079002500,-87.98367415791445,43.115686316787006,-87.96218045466739,43.10795733493045,2020-07-17,1,8.0
55079001900,55079000303,-87.98367415791445,43.115686316787006,-88.04588241201564,43.12968529312476,2020-07-17,1,8.0
55079001900,55079001000,-87.98367415791445,43.115686316787006,-87.95348314468296,43.12464896388482,2020-07-17,3,25.0
55079001900,55079008400,-87.98367415791445,43.115686316787006,-87.92332577697063,43.067583013115005,2020-07-17,1,8.0
55079001900,55079002200,-87.98367415791445,43.115686316787006,-87.9335870089048,43.11469059411332,2020-07-17,1,8.0
55079001900,55079003000,-87.98367415791445,43.115686316787006,-87.99619059962126,43.10851035065769,2020-07-17,6,50.0
55079001900,55079185400,-87.98367415791445,43.115686316787006,-87.93768935592728,43.06023552955454,2020-07-17,1,8.0
55079001900,55079008800,-87.98367415791445,43.115686316787006,-87.94617084834631,43.06788862375971,2020-07-17,1,8.0
55079001900,55079006900,-87.98367415791445,43.115686316787006,-87.91078185483303,43.07979537793229,2020-07-17,1,8.0
55079001900,55079013500,-87.98367415791445,43.115686316787006,-87.9526122313311,43.040147622140005,2020-07-17,1,8.0
55079001900,55079008700,-87.98367415791445,43.115686316787006,-87.93997122125838,43.06781436915486,2020-07-17,1,8.0
55079018300,55079020000,-87.89285805580873,42.991354183119796,-87.95273620994368,42.98405311376188,2020-07-17,1,30.0
55079018300,55079019000,-87.89285805580873,42.991354183119796,-87.967877289968,42.995496154489715,2020-07-17,1,30.0
55079018300,55079100100,-87.89285805580873,42.991354183119796,-87.98598444052216,43.01659648927991,2020-07-17,1,30.0
55079018300,55079110100,-87.89285805580873,42.991354183119796,-87.9710022364233,43.012448953036525,2020-07-17,2,61.0
55079018300,55079018100,-87.89285805580873,42.991354183119796,-87.88469234682039,42.998709042311724,2020-07-17,2,61.0
55079018300,55079160100,-87.89285805580873,42.991354183119796,-87.91471599062149,42.91513941042769,2020-07-17,1,30.0
55079018300,55079186300,-87.89285805580873,42.991354183119796,-87.91799927397663,43.040616743150025,2020-07-17,1,30.0
55079018300,55079021700,-87.89285805580873,42.991354183119796,-87.91312462574102,42.94052513723052,2020-07-17,2,61.0
55079018300,55079120501,-87.89285805580873,42.991354183119796,-87.96680035551529,42.94072396992586,2020-07-17,1,30.0
55079018300,55079019100,-87.89285805580873,42.991354183119796,-87.96549351619066,42.982165146288615,2020-07-17,1,30.0
55079018300,55079120203,-87.89285805580873,42.991354183119796,-88.00776394431053,42.95694649923871,2020-07-17,3,91.0
55079018300,55079170500,-87.89285805580873,42.991354183119796,-87.85764758199707,42.897602993060175,2020-07-17,1,30.0
55079018300,55079018400,-87.89285805580873,42.991354183119796,-87.90417459790928,42.9917062933768,2020-07-17,3,91.0
55079018300,55079160300,-87.89285805580873,42.991354183119796,-87.8893867076047,42.856940087232964,2020-07-17,1,30.0
55079018300,55079019400,-87.89285805580873,42.991354183119796,-88.02755647500341,42.984577749923744,2020-07-17,1,30.0
55079018300,55079021400,-87.89285805580873,42.991354183119796,-87.93891709359613,42.96295890378409,2020-07-17,1,30.0
55079018300,55079090600,-87.89285805580873,42.991354183119796,-88.05435154566402,43.03795832032663,2020-07-17,2,61.0
55079018300,55079020800,-87.89285805580873,42.991354183119796,-87.87636299879055,42.985307292991365,2020-07-17,3,91.0
55079018300,55079187400,-87.89285805580873,42.991354183119796,-87.90767949876499,43.03217517915639,2020-07-17,1,30.0
55079018300,55079150304,-87.89285805580873,42.991354183119796,-88.02760163837803,42.91519132559998,2020-07-17,1,30.0
55079018300,55079160204,-87.89285805580873,42.991354183119796,-87.9317944903397,42.879700165258704,2020-07-17,1,30.0
55079018300,55079080100,-87.89285805580873,42.991354183119796,-87.89773689723896,43.0955518884228,2020-07-17,2,61.0
55079018300,55079160203,-87.89285805580873,42.991354183119796,-87.91638950191752,42.89402789790319,2020-07-17,2,61.0
55079018300,55079091200,-87.89285805580873,42.991354183119796,-88.00388284004167,43.0467075980639,2020-07-17,1,30.0
55079018300,55079100900,-87.89285805580873,42.991354183119796,-88.05216898532913,43.00959788353506,2020-07-17,1,30.0
55079018300,55079101100,-87.89285805580873,42.991354183119796,-88.04276904850849,42.99420752845147,2020-07-17,1,30.0
55079018300,55079140201,-87.89285805580873,42.991354183119796,-87.99911426080601,42.93902100763907,2020-07-17,1,30.0
55079018300,55079017900,-87.89285805580873,42.991354183119796,-87.90503327479618,42.998772533253295,2020-07-17,1,30.0
55079018300,55079186500,-87.89285805580873,42.991354183119796,-87.9130303085029,43.02319729476483,2020-07-17,1,30.0
55079018300,55079014400,-87.89285805580873,42.991354183119796,-87.90784049253895,43.042413401572134,2020-07-17,1,30.0
55079018300,55079018000,-87.89285805580873,42.991354183119796,-87.8945288084346,43.01098558683315,2020-07-17,3,91.0
55079018300,55079150100,-87.89285805580873,42.991354183119796,-87.97759713310646,42.91424119290261,2020-07-17,2,61.0
55079018300,55079021600,-87.89285805580873,42.991354183119796,-87.92488475274558,42.952251222261935,2020-07-17,1,30.0
55079018300,55079016600,-87.89285805580873,42.991354183119796,-87.9139279223807,43.010028166006215,2020-07-17,1,30.0
55079018300,55079150301,-87.89285805580873,42.991354183119796,-88.05345903025625,42.89781994777656,2020-07-17,1,30.0
55079018300,55079020700,-87.89285805580873,42.991354183119796,-87.89282968229121,42.980391637955094,2020-07-17,3,91.0
55079018300,55079185100,-87.89285805580873,42.991354183119796,-87.86132764015301,42.9760744263621,2020-07-17,1,30.0
55079018300,55079019900,-87.89285805580873,42.991354183119796,-87.98235255712866,42.973172118392476,2020-07-17,1,30.0
55079018300,55079020400,-87.89285805580873,42.991354183119796,-87.9300852632457,42.98834002972675,2020-07-17,1,30.0
55079018300,55079018200,-87.89285805580873,42.991354183119796,-87.87369831321716,42.99249911585218,2020-07-17,6,183.0
55079018300,55079018500,-87.89285805580873,42.991354183119796,-87.91439743752404,42.98441904059949,2020-07-17,4,122.0
55079018300,55079019700,-87.89285805580873,42.991354183119796,-88.00741820523533,42.97570820507905,2020-07-17,2,61.0
55079018300,55079018300,-87.89285805580873,42.991354183119796,-87.89285805580873,42.991354183119796,2020-07-17,60,1838.0
55079018300,55079014300,-87.89285805580873,42.991354183119796,-87.90101539256612,43.042731429373134,2020-07-17,1,30.0
55079018300,55079020600,-87.89285805580873,42.991354183119796,-87.90444286867323,42.9810337820488,2020-07-17,1,30.0
55079018300,55079011100,-87.89285805580873,42.991354183119796,-87.90155963599153,43.04933924860895,2020-07-17,1,30.0
55079018300,55079100300,-87.89285805580873,42.991354183119796,-88.00316709835943,43.017354422985534,2020-07-17,1,30.0
55079018300,55079101200,-87.89285805580873,42.991354183119796,-88.02772831407549,42.99180235090393,2020-07-17,1,30.0
55079018300,55079170600,-87.89285805580873,42.991354183119796,-87.86320935056827,42.907724102777856,2020-07-17,4,122.0
55079018300,55079185200,-87.89285805580873,42.991354183119796,-87.88193798921913,42.967674094622936,2020-07-17,2,61.0
55079018300,55079012900,-87.89285805580873,42.991354183119796,-87.99989477924994,43.028140622580246,2020-07-17,1,30.0
55079018300,55079170400,-87.89285805580873,42.991354183119796,-87.8734267877277,42.89848248246609,2020-07-17,1,30.0
55079018300,55079021100,-87.89285805580873,42.991354183119796,-87.91444199314573,42.970152010378044,2020-07-17,1,30.0
55079019500,55079020000,-88.02769031152603,42.97732706705707,-87.95273620994368,42.98405311376188,2020-07-17,2,39.0
55079019500,55079004300,-88.02769031152603,42.97732706705707,-87.93220867621264,43.094799127568905,2020-07-17,1,19.0
55079019500,55079019000,-88.02769031152603,42.97732706705707,-87.967877289968,42.995496154489715,2020-07-17,3,58.0
55079019500,55079000202,-88.02769031152603,42.97732706705707,-88.04132965001602,43.160382512849615,2020-07-17,1,19.0
55079019500,55079011200,-88.02769031152603,42.97732706705707,-87.89756439120579,43.055476240018415,2020-07-17,1,19.0
55079019500,55079110100,-88.02769031152603,42.97732706705707,-87.9710022364233,43.012448953036525,2020-07-17,4,78.0
55079019500,55079101000,-88.02769031152603,42.97732706705707,-88.05764456171738,42.99173938525954,2020-07-17,13,255.0
55079019500,55079160100,-88.02769031152603,42.97732706705707,-87.91471599062149,42.91513941042769,2020-07-17,6,117.0
55079019500,55079012400,-88.02769031152603,42.97732706705707,-87.97680856828566,43.04580144948212,2020-07-17,1,19.0
55079019500,55079090200,-88.02769031152603,42.97732706705707,-88.05200796218348,43.081902180003375,2020-07-17,1,19.0
55079019500,55079120203,-88.02769031152603,42.97732706705707,-88.00776394431053,42.95694649923871,2020-07-17,7,137.0
55079019500,55079160300,-88.02769031152603,42.97732706705707,-87.8893867076047,42.856940087232964,2020-07-17,3,58.0
55079019500,55079019400,-88.02769031152603,42.97732706705707,-88.02755647500341,42.984577749923744,2020-07-17,5,98.0
55079019500,55079000501,-88.02769031152603,42.97732706705707,-88.04340002069712,43.115390222488664,2020-07-17,1,19.0
55079019500,55079003500,-88.02769031152603,42.97732706705707,-87.99830093777771,43.09359369867719,2020-07-17,1,19.0
55079019500,55079021400,-88.02769031152603,42.97732706705707,-87.93891709359613,42.96295890378409,2020-07-17,1,19.0
55079019500,55079090600,-88.02769031152603,42.97732706705707,-88.05435154566402,43.03795832032663,2020-07-17,1,19.0
55079019500,55079080300,-88.02769031152603,42.97732706705707,-87.87475616434764,43.089996653126924,2020-07-17,1,19.0
55079019500,55079185300,-88.02769031152603,42.97732706705707,-88.04265402690729,43.049880154873065,2020-07-17,2,39.0
55079019500,55079120502,-88.02769031152603,42.97732706705707,-87.96510992081555,42.95304728304586,2020-07-17,1,19.0
55079019500,55079187400,-88.02769031152603,42.97732706705707,-87.90767949876499,43.03217517915639,2020-07-17,3,58.0
55079019500,55079150304,-88.02769031152603,42.97732706705707,-88.02760163837803,42.91519132559998,2020-07-17,1,19.0
55079019500,55079130200,-88.02769031152603,42.97732706705707,-88.05891051157585,42.93732261654573,2020-07-17,1,19.0
55079019500,55079186800,-88.02769031152603,42.97732706705707,-87.9506670108877,43.02815858561159,2020-07-17,3,58.0
55079019500,55079187200,-88.02769031152603,42.97732706705707,-88.00769048889484,42.863813659193866,2020-07-17,3,58.0
55079019500,55079160203,-88.02769031152603,42.97732706705707,-87.91638950191752,42.89402789790319,2020-07-17,4,78.0
55079019500,55079100600,-88.02769031152603,42.97732706705707,-88.02237498004419,43.02035162464835,2020-07-17,2,39.0
55079019500,55079180400,-88.02769031152603,42.97732706705707,-87.85633588550823,42.93709205888796,2020-07-17,3,58.0
55079019500,55079005000,-88.02769031152603,42.97732706705707,-87.98327608357046,43.07665137069942,2020-07-17,1,19.0
55079019500,55079014600,-88.02769031152603,42.97732706705707,-87.93032605572249,43.04237842637439,2020-07-17,1,19.0
55079019500,55079100900,-88.02769031152603,42.97732706705707,-88.05216898532913,43.00959788353506,2020-07-17,2,39.0
55079019500,55079101100,-88.02769031152603,42.97732706705707,-88.04276904850849,42.99420752845147,2020-07-17,6,117.0
55079019500,55079140100,-88.02769031152603,42.97732706705707,-88.0188613886232,42.93745223479677,2020-07-17,5,98.0
55079019500,55079140201,-88.02769031152603,42.97732706705707,-87.99911426080601,42.93902100763907,2020-07-17,1,19.0
55079019500,55079016800,-88.02769031152603,42.97732706705707,-87.92935001478907,43.01036042537408,2020-07-17,1,19.0
55079019500,55079120101,-88.02769031152603,42.97732706705707,-88.04814010007517,42.95916305909443,2020-07-17,11,215.0
55079019500,55079003600,-88.02769031152603,42.97732706705707,-87.98321131530031,43.092736225323044,2020-07-17,1,19.0
55079019500,55079014400,-88.02769031152603,42.97732706705707,-87.90784049253895,43.042413401572134,2020-07-17,1,19.0
55079019500,55079170700,-88.02769031152603,42.97732706705707,-87.84797376219025,42.90256149755693,2020-07-17,3,58.0
55079019500,55079150100,-88.02769031152603,42.97732706705707,-87.97759713310646,42.91424119290261,2020-07-17,1,19.0
55079019500,55079021600,-88.02769031152603,42.97732706705707,-87.92488475274558,42.952251222261935,2020-07-17,1,19.0
55079019500,55079016100,-88.02769031152603,42.97732706705707,-87.95946595975387,43.016089910899275,2020-07-17,2,39.0
55079019500,55079021300,-88.02769031152603,42.97732706705707,-87.93877469638159,42.970224160413096,2020-07-17,1,19.0
55079019500,55079130100,-88.02769031152603,42.97732706705707,-88.04407902007586,42.942752065148895,2020-07-17,4,78.0
55079019500,55079019600,-88.02769031152603,42.97732706705707,-88.00769668957767,42.984657216409644,2020-07-17,2,39.0
55079019500,55079101800,-88.02769031152603,42.97732706705707,-88.00969812606968,42.99373426381014,2020-07-17,2,39.0
55079019500,55079150301,-88.02769031152603,42.97732706705707,-88.05345903025625,42.89781994777656,2020-07-17,1,19.0
55079019500,55079100800,-88.02769031152603,42.97732706705707,-88.05710943935104,43.023654444193184,2020-07-17,1,19.0
55079019500,55079120201,-88.02769031152603,42.97732706705707,-88.01868214174351,42.96737507435749,2020-07-17,5,98.0
55079019500,55079019500,-88.02769031152603,42.97732706705707,-88.02769031152603,42.97732706705707,2020-07-17,156,3061.0
55079019500,55079020700,-88.02769031152603,42.97732706705707,-87.89282968229121,42.980391637955094,2020-07-17,1,19.0
55079019500,55079185100,-88.02769031152603,42.97732706705707,-87.86132764015301,42.9760744263621,2020-07-17,1,19.0
55079019500,55079019900,-88.02769031152603,42.97732706705707,-87.98235255712866,42.973172118392476,2020-07-17,3,58.0
55079019500,55079005200,-88.02769031152603,42.97732706705707,-88.0124256780363,43.086227920709504,2020-07-17,1,19.0
55079019500,55079000900,-88.02769031152603,42.97732706705707,-87.95566887882444,43.14970170326806,2020-07-17,1,19.0
55079019500,55079020300,-88.02769031152603,42.97732706705707,-87.92658964497383,42.979242665655576,2020-07-17,1,19.0
55079019500,55079016700,-88.02769031152603,42.97732706705707,-87.92209519609614,43.010301162214034,2020-07-17,1,19.0
55079019500,55079004200,-88.02769031152603,42.97732706705707,-87.94544782159862,43.09516547779425,2020-07-17,1,19.0
55079019500,55079120202,-88.02769031152603,42.97732706705707,-87.99868084532402,42.965848843600455,2020-07-17,3,58.0
55079019500,55079011000,-88.02769031152603,42.97732706705707,-87.89727240641399,43.050053518943756,2020-07-17,1,19.0
55079019500,55079016000,-88.02769031152603,42.97732706705707,-87.95725941865898,43.02137414837421,2020-07-17,1,19.0
55079019500,55079150303,-88.02769031152603,42.97732706705707,-88.02312771344377,42.88960646488504,2020-07-17,2,39.0
55079019500,55079019700,-88.02769031152603,42.97732706705707,-88.00741820523533,42.97570820507905,2020-07-17,5,98.0
55079019500,55079019800,-88.02769031152603,42.97732706705707,-87.98973307517815,42.982078809345225,2020-07-17,2,39.0
55079019500,55079014300,-88.02769031152603,42.97732706705707,-87.90101539256612,43.042731429373134,2020-07-17,1,19.0
55079019500,55079019300,-88.02769031152603,42.97732706705707,-87.99612754588766,42.99498021323571,2020-07-17,1,19.0
55079019500,55079020600,-88.02769031152603,42.97732706705707,-87.90444286867323,42.9810337820488,2020-07-17,1,19.0
55079019500,55079101300,-88.02769031152603,42.97732706705707,-88.02770018483265,42.99907770295741,2020-07-17,2,39.0
55079019500,55079004100,-88.02769031152603,42.97732706705707,-87.95681147526382,43.0940907627305,2020-07-17,2,39.0
55079019500,55079101200,-88.02769031152603,42.97732706705707,-88.02772831407549,42.99180235090393,2020-07-17,6,117.0
55079019500,55079170300,-88.02769031152603,42.97732706705707,-87.87538996197884,42.9095536521384,2020-07-17,1,19.0
55079019500,55079120300,-88.02769031152603,42.97732706705707,-87.97376432533524,42.98091406493879,2020-07-17,1,19.0
55079019500,55079170400,-88.02769031152603,42.97732706705707,-87.8734267877277,42.89848248246609,2020-07-17,2,39.0
55079019500,55079013000,-88.02769031152603,42.97732706705707,-87.9876687698922,43.02770173765977,2020-07-17,1,19.0
55079020200,55079020000,-87.94112496275925,42.977527635995024,-87.95273620994368,42.98405311376188,2020-07-17,5,110.0
55079020200,55079004300,-87.94112496275925,42.977527635995024,-87.93220867621264,43.094799127568905,2020-07-17,2,44.0
55079020200,55079060200,-87.94112496275925,42.977527635995024,-87.9245165328896,43.11556508690733,2020-07-17,1,22.0
55079020200,55079019000,-87.94112496275925,42.977527635995024,-87.967877289968,42.995496154489715,2020-07-17,1,22.0
55079020200,55079100700,-87.94112496275925,42.977527635995024,-88.03788629567484,43.0213025080197,2020-07-17,2,44.0
55079020200,55079002300,-87.94112496275925,42.977527635995024,-87.93621856893152,43.105985427841645,2020-07-17,1,22.0
55079020200,55079110100,-87.94112496275925,42.977527635995024,-87.9710022364233,43.012448953036525,2020-07-17,3,66.0
55079020200,55079021200,-87.94112496275925,42.977527635995024,-87.92101040508955,42.965284697357816,2020-07-17,5,110.0
55079020200,55079018100,-87.94112496275925,42.977527635995024,-87.88469234682039,42.998709042311724,2020-07-17,2,44.0
55079020200,55079160100,-87.94112496275925,42.977527635995024,-87.91471599062149,42.91513941042769,2020-07-17,2,44.0
55079020200,55079101600,-87.94112496275925,42.977527635995024,-87.98881839806968,43.003113634057684,2020-07-17,1,22.0
55079020200,55079186300,-87.94112496275925,42.977527635995024,-87.91799927397663,43.040616743150025,2020-07-17,2,44.0
55079020200,55079021700,-87.94112496275925,42.977527635995024,-87.91312462574102,42.94052513723052,2020-07-17,1,22.0
55079020200,55079120501,-87.94112496275925,42.977527635995024,-87.96680035551529,42.94072396992586,2020-07-17,1,22.0
55079020200,55079120400,-87.94112496275925,42.977527635995024,-87.96548496050795,42.96670427425607,2020-07-17,3,66.0
55079020200,55079120203,-87.94112496275925,42.977527635995024,-88.00776394431053,42.95694649923871,2020-07-17,5,110.0
55079020200,55079018400,-87.94112496275925,42.977527635995024,-87.90417459790928,42.9917062933768,2020-07-17,2,44.0
55079020200,55079187300,-87.94112496275925,42.977527635995024,-87.9656302556773,42.887159701718595,2020-07-17,1,22.0
55079020200,55079017300,-87.94112496275925,42.977527635995024,-87.94877202549131,43.0036525046766,2020-07-17,1,22.0
55079020200,55079021400,-87.94112496275925,42.977527635995024,-87.93891709359613,42.96295890378409,2020-07-17,1,22.0
55079020200,55079060101,-87.94112496275925,42.977527635995024,-87.92535691568614,43.13950788268824,2020-07-17,1,22.0
55079020200,55079185300,-87.94112496275925,42.977527635995024,-88.04265402690729,43.049880154873065,2020-07-17,2,44.0
55079020200,55079180500,-87.94112496275925,42.977527635995024,-87.87471526249948,42.93725893299447,2020-07-17,1,22.0
55079020200,55079160204,-87.94112496275925,42.977527635995024,-87.9317944903397,42.879700165258704,2020-07-17,3,66.0
55079020200,55079186800,-87.94112496275925,42.977527635995024,-87.9506670108877,43.02815858561159,2020-07-17,2,44.0
55079020200,55079187200,-87.94112496275925,42.977527635995024,-88.00769048889484,42.863813659193866,2020-07-17,1,22.0
55079020200,55079160203,-87.94112496275925,42.977527635995024,-87.91638950191752,42.89402789790319,2020-07-17,2,44.0
55079020200,55079170200,-87.94112496275925,42.977527635995024,-87.87263683893734,42.92275381108851,2020-07-17,2,44.0
55079020200,55079091200,-87.94112496275925,42.977527635995024,-88.00388284004167,43.0467075980639,2020-07-17,1,22.0
55079020200,55079020100,-87.94112496275925,42.977527635995024,-87.94099671150566,42.988482506396224,2020-07-17,4,88.0
55079020200,55079160202,-87.94112496275925,42.977527635995024,-87.87217546542965,42.881379330302295,2020-07-17,1,22.0
55079020200,55079100900,-87.94112496275925,42.977527635995024,-88.05216898532913,43.00959788353506,2020-07-17,1,22.0
55079020200,55079101100,-87.94112496275925,42.977527635995024,-88.04276904850849,42.99420752845147,2020-07-17,2,44.0
55079020200,55079140100,-87.94112496275925,42.977527635995024,-88.0188613886232,42.93745223479677,2020-07-17,2,44.0
55079020200,55079140201,-87.94112496275925,42.977527635995024,-87.99911426080601,42.93902100763907,2020-07-17,5,110.0
55079020200,55079140202,-87.94112496275925,42.977527635995024,-87.981557716435,42.93443757238657,2020-07-17,1,22.0
55079020200,55079186500,-87.94112496275925,42.977527635995024,-87.9130303085029,43.02319729476483,2020-07-17,1,22.0
55079020200,55079120101,-87.94112496275925,42.977527635995024,-88.04814010007517,42.95916305909443,2020-07-17,1,22.0
55079020200,55079011300,-87.94112496275925,42.977527635995024,-87.90713298111844,43.04890661506502,2020-07-17,1,22.0
55079020200,55079014400,-87.94112496275925,42.977527635995024,-87.90784049253895,43.042413401572134,2020-07-17,1,22.0
55079020200,55079170700,-87.94112496275925,42.977527635995024,-87.84797376219025,42.90256149755693,2020-07-17,1,22.0
55079020200,55079018000,-87.94112496275925,42.977527635995024,-87.8945288084346,43.01098558683315,2020-07-17,1,22.0
55079020200,55079150100,-87.94112496275925,42.977527635995024,-87.97759713310646,42.91424119290261,2020-07-17,6,132.0
55079020200,55079021600,-87.94112496275925,42.977527635995024,-87.92488475274558,42.952251222261935,2020-07-17,7,154.0
55079020200,55079021300,-87.94112496275925,42.977527635995024,-87.93877469638159,42.970224160413096,2020-07-17,7,154.0
55079020200,55079019600,-87.94112496275925,42.977527635995024,-88.00769668957767,42.984657216409644,2020-07-17,1,22.0
55079020200,55079150301,-87.94112496275925,42.977527635995024,-88.05345903025625,42.89781994777656,2020-07-17,1,22.0
55079020200,55079100800,-87.94112496275925,42.977527635995024,-88.05710943935104,43.023654444193184,2020-07-17,1,22.0
55079020200,55079016300,-87.94112496275925,42.977527635995024,-87.93764055272034,43.01572710315665,2020-07-17,1,22.0
55079020200,55079019900,-87.94112496275925,42.977527635995024,-87.98235255712866,42.973172118392476,2020-07-17,1,22.0
55079020200,55079101700,-87.94112496275925,42.977527635995024,-88.00697190300957,43.00173437379505,2020-07-17,1,22.0
55079020200,55079020400,-87.94112496275925,42.977527635995024,-87.9300852632457,42.98834002972675,2020-07-17,3,66.0
55079020200,55079100200,-87.94112496275925,42.977527635995024,-87.99137992566246,43.01460892403096,2020-07-17,1,22.0
55079020200,55079017500,-87.94112496275925,42.977527635995024,-87.92965116916102,43.00287441605045,2020-07-17,2,44.0
55079020200,55079012600,-87.94112496275925,42.977527635995024,-87.99443577770006,43.034032251200934,2020-07-17,1,22.0
55079020200,55079005900,-87.94112496275925,42.977527635995024,-87.98523579862835,43.06821108392844,2020-07-17,1,22.0
55079020200,55079007600,-87.94112496275925,42.977527635995024,-87.87859580944733,43.06399812725538,2020-07-17,3,66.0
55079020200,55079020300,-87.94112496275925,42.977527635995024,-87.92658964497383,42.979242665655576,2020-07-17,7,154.0
55079020200,55079020900,-87.94112496275925,42.977527635995024,-87.90186271433869,42.97013349358029,2020-07-17,1,22.0
55079020200,55079016700,-87.94112496275925,42.977527635995024,-87.92209519609614,43.010301162214034,2020-07-17,1,22.0
55079020200,55079018800,-87.94112496275925,42.977527635995024,-87.94058386370827,42.99929639057026,2020-07-17,2,44.0
55079020200,55079018200,-87.94112496275925,42.977527635995024,-87.87369831321716,42.99249911585218,2020-07-17,1,22.0
55079020200,55079004700,-87.94112496275925,42.977527635995024,-87.94760565609727,43.08576787197636,2020-07-17,1,22.0
55079020200,55079018500,-87.94112496275925,42.977527635995024,-87.91439743752404,42.98441904059949,2020-07-17,1,22.0
55079020200,55079021500,-87.94112496275925,42.977527635995024,-87.94398245259515,42.952098604888974,2020-07-17,6,132.0
55079020200,55079020200,-87.94112496275925,42.977527635995024,-87.94112496275925,42.977527635995024,2020-07-17,126,2784.0
55079020200,55079018600,-87.94112496275925,42.977527635995024,-87.92255649026754,42.995575414800356,2020-07-17,1,22.0
55079020200,55079019800,-87.94112496275925,42.977527635995024,-87.98973307517815,42.982078809345225,2020-07-17,2,44.0
55079020200,55079016400,-87.94112496275925,42.977527635995024,-87.92777599229481,43.01665943799343,2020-07-17,1,22.0
55079020200,55079016500,-87.94112496275925,42.977527635995024,-87.91153110922029,43.01579142211555,2020-07-17,1,22.0
55079020200,55079017600,-87.94112496275925,42.977527635995024,-87.92236059293215,43.00280872383964,2020-07-17,2,44.0
55079020200,55079180200,-87.94112496275925,42.977527635995024,-87.85506992096182,42.95465467367753,2020-07-17,2,44.0
55079020200,55079090700,-87.94112496275925,42.977527635995024,-88.02545440842808,43.059193901469925,2020-07-17,1,22.0
55079020200,55079012900,-87.94112496275925,42.977527635995024,-87.99989477924994,43.028140622580246,2020-07-17,1,22.0
55079020200,55079120300,-87.94112496275925,42.977527635995024,-87.97376432533524,42.98091406493879,2020-07-17,1,22.0
55079020200,55079021100,-87.94112496275925,42.977527635995024,-87.91444199314573,42.970152010378044,2020-07-17,1,22.0
55079003000,55079002400,-87.99619059962126,43.10851035065769,-87.95188617843814,43.106404380820805,2020-07-17,1,21.0
55079003000,55079004300,-87.99619059962126,43.10851035065769,-87.93220867621264,43.094799127568905,2020-07-17,1,21.0
55079003000,55079060200,-87.99619059962126,43.10851035065769,-87.9245165328896,43.11556508690733,2020-07-17,5,107.0
55079003000,55079004500,-87.99619059962126,43.10851035065769,-87.92226909278084,43.08550885272536,2020-07-17,1,21.0
55079003000,55079019000,-87.99619059962126,43.10851035065769,-87.967877289968,42.995496154489715,2020-07-17,1,21.0
55079003000,55079100700,-87.99619059962126,43.10851035065769,-88.03788629567484,43.0213025080197,2020-07-17,1,21.0
55079003000,55079000101,-87.99619059962126,43.10851035065769,-88.00922083481396,43.18510784936368,2020-07-17,3,64.0
55079003000,55079000102,-87.99619059962126,43.10851035065769,-88.01167859828367,43.164645145767146,2020-07-17,4,85.0
55079003000,55079000202,-87.99619059962126,43.10851035065769,-88.04132965001602,43.160382512849615,2020-07-17,2,42.0
55079003000,55079011400,-87.99619059962126,43.10851035065769,-87.9106574898586,43.05269479350376,2020-07-17,3,64.0
55079003000,55079110100,-87.99619059962126,43.10851035065769,-87.9710022364233,43.012448953036525,2020-07-17,6,128.0
55079003000,55079101000,-87.99619059962126,43.10851035065769,-88.05764456171738,42.99173938525954,2020-07-17,2,42.0
55079003000,55079021200,-87.99619059962126,43.10851035065769,-87.92101040508955,42.965284697357816,2020-07-17,1,21.0
55079003000,55079000600,-87.99619059962126,43.10851035065769,-88.00190569680801,43.14010292722225,2020-07-17,5,107.0
55079003000,55079050101,-87.99619059962126,43.10851035065769,-87.98494662348081,43.17683059907653,2020-07-17,3,64.0
55079003000,55079090300,-87.99619059962126,43.10851035065769,-88.0515779905257,43.06739040507833,2020-07-17,8,171.0
55079003000,55079186300,-87.99619059962126,43.10851035065769,-87.91799927397663,43.040616743150025,2020-07-17,5,107.0
55079003000,55079012400,-87.99619059962126,43.10851035065769,-87.97680856828566,43.04580144948212,2020-07-17,1,21.0
55079003000,55079021700,-87.99619059962126,43.10851035065769,-87.91312462574102,42.94052513723052,2020-07-17,1,21.0
55079003000,55079090100,-87.99619059962126,43.10851035065769,-88.04837730790923,43.0973204568905,2020-07-17,2,42.0
55079003000,55079090200,-87.99619059962126,43.10851035065769,-88.05200796218348,43.081902180003375,2020-07-17,2,42.0
55079003000,55079090900,-87.99619059962126,43.10851035065769,-88.00270912368009,43.06124682618238,2020-07-17,2,42.0
55079003000,55079000501,-87.99619059962126,43.10851035065769,-88.04340002069712,43.115390222488664,2020-07-17,6,128.0
55079003000,55079001200,-87.99619059962126,43.10851035065769,-87.98620080987179,43.12617611256525,2020-07-17,4,85.0
55079003000,55079002700,-87.99619059962126,43.10851035065769,-87.97176690626681,43.100825271475365,2020-07-17,2,42.0
55079003000,55079003500,-87.99619059962126,43.10851035065769,-87.99830093777771,43.09359369867719,2020-07-17,4,85.0
55079003000,55079004800,-87.99619059962126,43.10851035065769,-87.96231596301399,43.077035360461494,2020-07-17,1,21.0
55079003000,55079185900,-87.99619059962126,43.10851035065769,-87.93229166080955,43.05383765471328,2020-07-17,1,21.0
55079003000,55079186000,-87.99619059962126,43.10851035065769,-87.92039854147795,43.053956957431964,2020-07-17,2,42.0
55079003000,55079003200,-87.99619059962126,43.10851035065769,-88.00111189801154,43.10115852758208,2020-07-17,5,107.0
55079003000,55079005300,-87.99619059962126,43.10851035065769,-88.01242727702714,43.07892288175221,2020-07-17,1,21.0
55079003000,55079060101,-87.99619059962126,43.10851035065769,-87.92535691568614,43.13950788268824,2020-07-17,3,64.0
55079003000,55079000302,-87.99619059962126,43.10851035065769,-88.04649688617519,43.13922972061493,2020-07-17,2,42.0
55079003000,55079090600,-87.99619059962126,43.10851035065769,-88.05435154566402,43.03795832032663,2020-07-17,3,64.0
55079003000,55079185300,-87.99619059962126,43.10851035065769,-88.04265402690729,43.049880154873065,2020-07-17,8,171.0
55079003000,55079187400,-87.99619059962126,43.10851035065769,-87.90767949876499,43.03217517915639,2020-07-17,1,21.0
55079003000,55079180500,-87.99619059962126,43.10851035065769,-87.87471526249948,42.93725893299447,2020-07-17,1,21.0
55079003000,55079000800,-87.99619059962126,43.10851035065769,-87.97372753660457,43.14064967469203,2020-07-17,1,21.0
55079003000,55079130200,-87.99619059962126,43.10851035065769,-88.05891051157585,42.93732261654573,2020-07-17,1,21.0
55079003000,55079004000,-87.99619059962126,43.10851035065769,-87.97205846198321,43.09342306765945,2020-07-17,1,21.0
55079003000,55079004600,-87.99619059962126,43.10851035065769,-87.9321086251029,43.08569057130924,2020-07-17,2,42.0
55079003000,55079000400,-87.99619059962126,43.10851035065769,-88.05554472050937,43.110954423820296,2020-07-17,1,21.0
55079003000,55079000502,-87.99619059962126,43.10851035065769,-88.03128731150349,43.12480634966938,2020-07-17,1,21.0
55079003000,55079187200,-87.99619059962126,43.10851035065769,-88.00769048889484,42.863813659193866,2020-07-17,2,42.0
55079003000,55079160203,-87.99619059962126,43.10851035065769,-87.91638950191752,42.89402789790319,2020-07-17,1,21.0
55079003000,55079091200,-87.99619059962126,43.10851035065769,-88.00388284004167,43.0467075980639,2020-07-17,4,85.0
55079003000,55079020100,-87.99619059962126,43.10851035065769,-87.94099671150566,42.988482506396224,2020-07-17,1,21.0
55079003000,55079180400,-87.99619059962126,43.10851035065769,-87.85633588550823,42.93709205888796,2020-07-17,1,21.0
55079003000,55079002800,-87.99619059962126,43.10851035065769,-87.97141961541004,43.10830621321033,2020-07-17,3,64.0
55079003000,55079006800,-87.99619059962126,43.10851035065769,-87.92500216567623,43.079683301494654,2020-07-17,1,21.0
55079003000,55079014600,-87.99619059962126,43.10851035065769,-87.93032605572249,43.04237842637439,2020-07-17,1,21.0
55079003000,55079100900,-87.99619059962126,43.10851035065769,-88.05216898532913,43.00959788353506,2020-07-17,2,42.0
55079003000,55079101100,-87.99619059962126,43.10851035065769,-88.04276904850849,42.99420752845147,2020-07-17,1,21.0
55079003000,55079140100,-87.99619059962126,43.10851035065769,-88.0188613886232,42.93745223479677,2020-07-17,1,21.0
55079003000,55079140201,-87.99619059962126,43.10851035065769,-87.99911426080601,42.93902100763907,2020-07-17,1,21.0
55079003000,55079091400,-87.99619059962126,43.10851035065769,-87.99383660813824,43.04031315098078,2020-07-17,1,21.0
55079003000,55079003300,-87.99619059962126,43.10851035065769,-88.0173066794685,43.1010408446094,2020-07-17,5,107.0
55079003000,55079001600,-87.99619059962126,43.10851035065769,-88.01599665750028,43.11588641903863,2020-07-17,3,64.0
55079003000,55079070100,-87.99619059962126,43.10851035065769,-87.9076583493148,43.12063010988105,2020-07-17,2,42.0
55079003000,55079003600,-87.99619059962126,43.10851035065769,-87.98321131530031,43.092736225323044,2020-07-17,10,214.0
55079003000,55079001800,-87.99619059962126,43.10851035065769,-87.99853790291819,43.115847306484916,2020-07-17,4,85.0
55079003000,55079003400,-87.99619059962126,43.10851035065769,-88.02444287795417,43.0934576342605,2020-07-17,1,21.0
55079003000,55079005500,-87.99619059962126,43.10851035065769,-88.03284541742188,43.08237006688624,2020-07-17,1,21.0
55079003000,55079005800,-87.99619059962126,43.10851035065769,-87.99994620357029,43.072303413103626,2020-07-17,4,85.0
55079003000,55079035200,-87.99619059962126,43.10851035065769,-87.9070718018067,43.16012040860922,2020-07-17,1,21.0
55079003000,55079002900,-87.99619059962126,43.10851035065769,-87.98131890013833,43.108341188298006,2020-07-17,7,150.0
55079003000,55079130100,-87.99619059962126,43.10851035065769,-88.04407902007586,42.942752065148895,2020-07-17,2,42.0
55079003000,55079014100,-87.99619059962126,43.10851035065769,-87.92097269793881,43.04863570292668,2020-07-17,3,64.0
55079003000,55079019600,-87.99619059962126,43.10851035065769,-88.00769668957767,42.984657216409644,2020-07-17,1,21.0
55079003000,55079100800,-87.99619059962126,43.10851035065769,-88.05710943935104,43.023654444193184,2020-07-17,2,42.0
55079003000,55079050102,-87.99619059962126,43.10851035065769,-87.96743569232115,43.172443064752215,2020-07-17,2,42.0
55079003000,55079180300,-87.99619059962126,43.10851035065769,-87.87005593266791,42.951885652862586,2020-07-17,1,21.0
55079003000,55079006300,-87.99619059962126,43.10851035065769,-87.95229119818997,43.07635281761954,2020-07-17,1,21.0
55079003000,55079000700,-87.99619059962126,43.10851035065769,-87.99009583376943,43.15588909293765,2020-07-17,2,42.0
55079003000,55079010700,-87.99619059962126,43.10851035065769,-87.90095083433016,43.0597678010215,2020-07-17,1,21.0
55079003000,55079017500,-87.99619059962126,43.10851035065769,-87.92965116916102,43.00287441605045,2020-07-17,1,21.0
55079003000,55079003100,-87.99619059962126,43.10851035065769,-87.98607018194353,43.10091760946077,2020-07-17,6,128.0
55079003000,55079005200,-87.99619059962126,43.10851035065769,-88.0124256780363,43.086227920709504,2020-07-17,2,42.0
55079003000,55079005900,-87.99619059962126,43.10851035065769,-87.98523579862835,43.06821108392844,2020-07-17,4,85.0
55079003000,55079009800,-87.99619059962126,43.10851035065769,-87.95409571434068,43.059778012269526,2020-07-17,1,21.0
55079003000,55079000900,-87.99619059962126,43.10851035065769,-87.95566887882444,43.14970170326806,2020-07-17,2,42.0
55079003000,55079001300,-87.99619059962126,43.10851035065769,-87.99843350448002,43.126783535933505,2020-07-17,3,64.0
55079003000,55079001700,-87.99619059962126,43.10851035065769,-88.01621221830194,43.10855887721336,2020-07-17,9,193.0
55079003000,55079020300,-87.99619059962126,43.10851035065769,-87.92658964497383,42.979242665655576,2020-07-17,1,21.0
55079003000,55079016700,-87.99619059962126,43.10851035065769,-87.92209519609614,43.010301162214034,2020-07-17,1,21.0
55079003000,55079018800,-87.99619059962126,43.10851035065769,-87.94058386370827,42.99929639057026,2020-07-17,1,21.0
55079003000,55079001500,-87.99619059962126,43.10851035065769,-88.01520145334699,43.123754077777434,2020-07-17,1,21.0
55079003000,55079002000,-87.99619059962126,43.10851035065769,-87.96815137233186,43.115621500302275,2020-07-17,3,64.0
55079003000,55079000201,-87.99619059962126,43.10851035065769,-88.0472441211064,43.1799495757708,2020-07-17,5,107.0
55079003000,55079004700,-87.99619059962126,43.10851035065769,-87.94760565609727,43.08576787197636,2020-07-17,1,21.0
55079003000,55079020200,-87.99619059962126,43.10851035065769,-87.94112496275925,42.977527635995024,2020-07-17,1,21.0
55079003000,55079019700,-87.99619059962126,43.10851035065769,-88.00741820523533,42.97570820507905,2020-07-17,3,64.0
55079003000,55079016400,-87.99619059962126,43.10851035065769,-87.92777599229481,43.01665943799343,2020-07-17,1,21.0
55079003000,55079002600,-87.99619059962126,43.10851035065769,-87.96192834607115,43.10067420371696,2020-07-17,2,42.0
55079003000,55079010600,-87.99619059962126,43.10851035065769,-87.90749884397533,43.060136167504425,2020-07-17,1,21.0
55079003000,55079000304,-87.99619059962126,43.10851035065769,-88.02644618111368,43.14364069729464,2020-07-17,1,21.0
55079003000,55079001900,-87.99619059962126,43.10851035065769,-87.98367415791445,43.115686316787006,2020-07-17,7,150.0
55079003000,55079003700,-87.99619059962126,43.10851035065769,-87.98336380852676,43.08546039091554,2020-07-17,1,21.0
55079003000,55079016500,-87.99619059962126,43.10851035065769,-87.91153110922029,43.01579142211555,2020-07-17,1,21.0
55079003000,55079180200,-87.99619059962126,43.10851035065769,-87.85506992096182,42.95465467367753,2020-07-17,1,21.0
55079003000,55079101300,-87.99619059962126,43.10851035065769,-88.02770018483265,42.99907770295741,2020-07-17,1,21.0
55079003000,55079011100,-87.99619059962126,43.10851035065769,-87.90155963599153,43.04933924860895,2020-07-17,1,21.0
55079003000,55079004100,-87.99619059962126,43.10851035065769,-87.95681147526382,43.0940907627305,2020-07-17,2,42.0
55079003000,55079013400,-87.99619059962126,43.10851035065769,-87.95356038604784,43.03496530197635,2020-07-17,1,21.0
55079003000,55079091000,-87.99619059962126,43.10851035065769,-87.99705672432205,43.06433297165757,2020-07-17,1,21.0
55079003000,55079185800,-87.99619059962126,43.10851035065769,-87.94265216254213,43.0538687550207,2020-07-17,2,42.0
55079003000,55079100300,-87.99619059962126,43.10851035065769,-88.00316709835943,43.017354422985534,2020-07-17,1,21.0
55079003000,55079005100,-87.99619059962126,43.10851035065769,-87.99757698420609,43.08261869423604,2020-07-17,4,85.0
55079003000,55079004900,-87.99619059962126,43.10851035065769,-87.97231517837423,43.077061406485264,2020-07-17,1,21.0
55079003000,55079186100,-87.99619059962126,43.10851035065769,-87.94279275484007,43.048652729679134,2020-07-17,1,21.0
55079003000,55079006400,-87.99619059962126,43.10851035065769,-87.94234792087695,43.07421796319209,2020-07-17,2,42.0
55079003000,55079017100,-87.99619059962126,43.10851035065769,-87.95808412992528,43.01056521552099,2020-07-17,2,42.0
55079003000,55079012200,-87.99619059962126,43.10851035065769,-87.95271101560115,43.04866661559741,2020-07-17,1,21.0
55079003000,55079009300,-87.99619059962126,43.10851035065769,-87.98314520393755,43.060746025032145,2020-07-17,1,21.0
55079003000,55079003000,-87.99619059962126,43.10851035065769,-87.99619059962126,43.10851035065769,2020-07-17,175,3760.0
55079003000,55079008600,-87.99619059962126,43.10851035065769,-87.93517868399437,43.06762170689756,2020-07-17,1,21.0
55079003000,55079170400,-87.99619059962126,43.10851035065769,-87.8734267877277,42.89848248246609,2020-07-17,1,21.0
55079003000,55079006500,-87.99619059962126,43.10851035065769,-87.94229465456391,43.0797331466399,2020-07-17,2,42.0
55079003000,55079090800,-87.99619059962126,43.10851035065769,-88.01754834659646,43.063072316879136,2020-07-17,1,21.0
55079003000,55079185400,-87.99619059962126,43.10851035065769,-87.93768935592728,43.06023552955454,2020-07-17,2,42.0
55079003000,55079017200,-87.99619059962126,43.10851035065769,-87.95621680562614,43.002904101727246,2020-07-17,1,21.0
55079003000,55079008800,-87.99619059962126,43.10851035065769,-87.94617084834631,43.06788862375971,2020-07-17,1,21.0
55079003300,55079002100,-88.0173066794685,43.1010408446094,-87.95315716160212,43.115529640428136,2020-07-17,1,21.0
55079003300,55079004300,-88.0173066794685,43.1010408446094,-87.93220867621264,43.094799127568905,2020-07-17,2,42.0
55079003300,55079060200,-88.0173066794685,43.1010408446094,-87.9245165328896,43.11556508690733,2020-07-17,4,84.0
55079003300,55079004400,-88.0173066794685,43.1010408446094,-87.90608569163814,43.089298213737145,2020-07-17,3,63.0
55079003300,55079100100,-88.0173066794685,43.1010408446094,-87.98598444052216,43.01659648927991,2020-07-17,1,21.0
55079003300,55079000102,-88.0173066794685,43.1010408446094,-88.01167859828367,43.164645145767146,2020-07-17,5,105.0
55079003300,55079000202,-88.0173066794685,43.1010408446094,-88.04132965001602,43.160382512849615,2020-07-17,3,63.0
55079003300,55079002300,-88.0173066794685,43.1010408446094,-87.93621856893152,43.105985427841645,2020-07-17,1,21.0
55079003300,55079010800,-88.0173066794685,43.1010408446094,-87.88986181293924,43.05733829509928,2020-07-17,2,42.0
55079003300,55079110100,-88.0173066794685,43.1010408446094,-87.9710022364233,43.012448953036525,2020-07-17,2,42.0
55079003300,55079101000,-88.0173066794685,43.1010408446094,-88.05764456171738,42.99173938525954,2020-07-17,2,42.0
55079003300,55079000600,-88.0173066794685,43.1010408446094,-88.00190569680801,43.14010292722225,2020-07-17,12,253.0
55079003300,55079050101,-88.0173066794685,43.1010408446094,-87.98494662348081,43.17683059907653,2020-07-17,1,21.0
55079003300,55079090300,-88.0173066794685,43.1010408446094,-88.0515779905257,43.06739040507833,2020-07-17,9,190.0
55079003300,55079186300,-88.0173066794685,43.1010408446094,-87.91799927397663,43.040616743150025,2020-07-17,3,63.0
55079003300,55079012400,-88.0173066794685,43.1010408446094,-87.97680856828566,43.04580144948212,2020-07-17,1,21.0
55079003300,55079021700,-88.0173066794685,43.1010408446094,-87.91312462574102,42.94052513723052,2020-07-17,3,63.0
55079003300,55079090100,-88.0173066794685,43.1010408446094,-88.04837730790923,43.0973204568905,2020-07-17,2,42.0
55079003300,55079090200,-88.0173066794685,43.1010408446094,-88.05200796218348,43.081902180003375,2020-07-17,9,190.0
55079003300,55079090900,-88.0173066794685,43.1010408446094,-88.00270912368009,43.06124682618238,2020-07-17,2,42.0
55079003300,55079000501,-88.0173066794685,43.1010408446094,-88.04340002069712,43.115390222488664,2020-07-17,6,126.0
55079003300,55079001200,-88.0173066794685,43.1010408446094,-87.98620080987179,43.12617611256525,2020-07-17,1,21.0
55079003300,55079003500,-88.0173066794685,43.1010408446094,-87.99830093777771,43.09359369867719,2020-07-17,3,63.0
55079003300,55079004800,-88.0173066794685,43.1010408446094,-87.96231596301399,43.077035360461494,2020-07-17,2,42.0
55079003300,55079185900,-88.0173066794685,43.1010408446094,-87.93229166080955,43.05383765471328,2020-07-17,1,21.0
55079003300,55079186000,-88.0173066794685,43.1010408446094,-87.92039854147795,43.053956957431964,2020-07-17,4,84.0
55079003300,55079003200,-88.0173066794685,43.1010408446094,-88.00111189801154,43.10115852758208,2020-07-17,3,63.0
55079003300,55079005300,-88.0173066794685,43.1010408446094,-88.01242727702714,43.07892288175221,2020-07-17,2,42.0
55079003300,55079185500,-88.0173066794685,43.1010408446094,-87.92624880733425,43.0601763240656,2020-07-17,2,42.0
55079003300,55079000302,-88.0173066794685,43.1010408446094,-88.04649688617519,43.13922972061493,2020-07-17,1,21.0
55079003300,55079185300,-88.0173066794685,43.1010408446094,-88.04265402690729,43.049880154873065,2020-07-17,4,84.0
55079003300,55079187400,-88.0173066794685,43.1010408446094,-87.90767949876499,43.03217517915639,2020-07-17,3,63.0
55079003300,55079000800,-88.0173066794685,43.1010408446094,-87.97372753660457,43.14064967469203,2020-07-17,1,21.0
55079003300,55079005400,-88.0173066794685,43.1010408446094,-88.02259608100492,43.0824437803151,2020-07-17,1,21.0
55079003300,55079000400,-88.0173066794685,43.1010408446094,-88.05554472050937,43.110954423820296,2020-07-17,2,42.0
55079003300,55079000502,-88.0173066794685,43.1010408446094,-88.03128731150349,43.12480634966938,2020-07-17,5,105.0
55079003300,55079006200,-88.0173066794685,43.1010408446094,-87.96097127315564,43.067902782244275,2020-07-17,1,21.0
55079003300,55079186800,-88.0173066794685,43.1010408446094,-87.9506670108877,43.02815858561159,2020-07-17,7,147.0
55079003300,55079006000,-88.0173066794685,43.1010408446094,-87.97554005335066,43.067947929210746,2020-07-17,1,21.0
55079003300,55079091200,-88.0173066794685,43.1010408446094,-88.00388284004167,43.0467075980639,2020-07-17,1,21.0
55079003300,55079005000,-88.0173066794685,43.1010408446094,-87.98327608357046,43.07665137069942,2020-07-17,1,21.0
55079003300,55079001400,-88.0173066794685,43.1010408446094,-88.01656972395298,43.130900969315825,2020-07-17,2,42.0
55079003300,55079002800,-88.0173066794685,43.1010408446094,-87.97141961541004,43.10830621321033,2020-07-17,2,42.0
55079003300,55079013600,-88.0173066794685,43.1010408446094,-87.9527511611333,43.04369545920421,2020-07-17,1,21.0
55079003300,55079003300,-88.0173066794685,43.1010408446094,-88.0173066794685,43.1010408446094,2020-07-17,203,4285.0
55079003300,55079001600,-88.0173066794685,43.1010408446094,-88.01599665750028,43.11588641903863,2020-07-17,3,63.0
55079003300,55079120101,-88.0173066794685,43.1010408446094,-88.04814010007517,42.95916305909443,2020-07-17,1,21.0
55079003300,55079003600,-88.0173066794685,43.1010408446094,-87.98321131530031,43.092736225323044,2020-07-17,1,21.0
55079003300,55079011300,-88.0173066794685,43.1010408446094,-87.90713298111844,43.04890661506502,2020-07-17,1,21.0
55079003300,55079014400,-88.0173066794685,43.1010408446094,-87.90784049253895,43.042413401572134,2020-07-17,2,42.0
55079003300,55079001800,-88.0173066794685,43.1010408446094,-87.99853790291819,43.115847306484916,2020-07-17,3,63.0
55079003300,55079003400,-88.0173066794685,43.1010408446094,-88.02444287795417,43.0934576342605,2020-07-17,7,147.0
55079003300,55079005500,-88.0173066794685,43.1010408446094,-88.03284541742188,43.08237006688624,2020-07-17,4,84.0
55079003300,55079002900,-88.0173066794685,43.1010408446094,-87.98131890013833,43.108341188298006,2020-07-17,1,21.0
55079003300,55079120102,-88.0173066794685,43.1010408446094,-88.04966546230908,42.97409794368699,2020-07-17,2,42.0
55079003300,55079014100,-88.0173066794685,43.1010408446094,-87.92097269793881,43.04863570292668,2020-07-17,1,21.0
55079003300,55079009400,-88.0173066794685,43.1010408446094,-87.98309572088205,43.053347935581954,2020-07-17,1,21.0
55079003300,55079050102,-88.0173066794685,43.1010408446094,-87.96743569232115,43.172443064752215,2020-07-17,1,21.0
55079003300,55079015800,-88.0173066794685,43.1010408446094,-87.93761636287321,43.021659379009066,2020-07-17,1,21.0
55079003300,55079006300,-88.0173066794685,43.1010408446094,-87.95229119818997,43.07635281761954,2020-07-17,1,21.0
55079003300,55079185700,-88.0173066794685,43.1010408446094,-87.91471207902771,43.06752585199898,2020-07-17,3,63.0
55079003300,55079000700,-88.0173066794685,43.1010408446094,-87.99009583376943,43.15588909293765,2020-07-17,3,63.0
55079003300,55079003100,-88.0173066794685,43.1010408446094,-87.98607018194353,43.10091760946077,2020-07-17,1,21.0
55079003300,55079012600,-88.0173066794685,43.1010408446094,-87.99443577770006,43.034032251200934,2020-07-17,1,21.0
55079003300,55079005200,-88.0173066794685,43.1010408446094,-88.0124256780363,43.086227920709504,2020-07-17,2,42.0
55079003300,55079005900,-88.0173066794685,43.1010408446094,-87.98523579862835,43.06821108392844,2020-07-17,2,42.0
55079003300,55079009800,-88.0173066794685,43.1010408446094,-87.95409571434068,43.059778012269526,2020-07-17,1,21.0
55079003300,55079000900,-88.0173066794685,43.1010408446094,-87.95566887882444,43.14970170326806,2020-07-17,1,21.0
55079003300,55079001300,-88.0173066794685,43.1010408446094,-87.99843350448002,43.126783535933505,2020-07-17,4,84.0
55079003300,55079001700,-88.0173066794685,43.1010408446094,-88.01621221830194,43.10855887721336,2020-07-17,12,253.0
55079003300,55079020900,-88.0173066794685,43.1010408446094,-87.90186271433869,42.97013349358029,2020-07-17,2,42.0
55079003300,55079011000,-88.0173066794685,43.1010408446094,-87.89727240641399,43.050053518943756,2020-07-17,1,21.0
55079003300,55079001500,-88.0173066794685,43.1010408446094,-88.01520145334699,43.123754077777434,2020-07-17,2,42.0
55079003300,55079002000,-88.0173066794685,43.1010408446094,-87.96815137233186,43.115621500302275,2020-07-17,1,21.0
55079003300,55079003900,-88.0173066794685,43.1010408446094,-87.96215160813261,43.086172227530916,2020-07-17,1,21.0
55079003300,55079000201,-88.0173066794685,43.1010408446094,-88.0472441211064,43.1799495757708,2020-07-17,6,126.0
55079003300,55079007800,-88.0173066794685,43.1010408446094,-87.88801504624632,43.07075279367613,2020-07-17,2,42.0
55079003300,55079004700,-88.0173066794685,43.1010408446094,-87.94760565609727,43.08576787197636,2020-07-17,2,42.0
55079003300,55079012700,-88.0173066794685,43.1010408446094,-88.0122777504643,43.029662330242175,2020-07-17,1,21.0
55079003300,55079019700,-88.0173066794685,43.1010408446094,-88.00741820523533,42.97570820507905,2020-07-17,1,21.0
55079003300,55079016400,-88.0173066794685,43.1010408446094,-87.92777599229481,43.01665943799343,2020-07-17,1,21.0
55079003300,55079002600,-88.0173066794685,43.1010408446094,-87.96192834607115,43.10067420371696,2020-07-17,2,42.0
55079003300,55079009000,-88.0173066794685,43.1010408446094,-87.9610837883489,43.060355868415826,2020-07-17,3,63.0
55079003300,55079000304,-88.0173066794685,43.1010408446094,-88.02644618111368,43.14364069729464,2020-07-17,1,21.0
55079003300,55079001900,-88.0173066794685,43.1010408446094,-87.98367415791445,43.115686316787006,2020-07-17,5,105.0
55079003300,55079018300,-88.0173066794685,43.1010408446094,-87.89285805580873,42.991354183119796,2020-07-17,1,21.0
55079003300,55079001100,-88.0173066794685,43.1010408446094,-87.96901390366762,43.127689901740844,2020-07-17,1,21.0
55079003300,55079186400,-88.0173066794685,43.1010408446094,-87.93038892981184,43.03695266796131,2020-07-17,1,21.0
55079003300,55079009600,-88.0173066794685,43.1010408446094,-87.96486502955395,43.05277336645368,2020-07-17,1,21.0
55079003300,55079008900,-88.0173066794685,43.1010408446094,-87.95337828163817,43.06706338271535,2020-07-17,1,21.0
55079003300,55079004100,-88.0173066794685,43.1010408446094,-87.95681147526382,43.0940907627305,2020-07-17,3,63.0
55079003300,55079091000,-88.0173066794685,43.1010408446094,-87.99705672432205,43.06433297165757,2020-07-17,1,21.0
55079003300,55079186900,-88.0173066794685,43.1010408446094,-87.88804149673794,43.05226526687869,2020-07-17,1,21.0
55079003300,55079185600,-88.0173066794685,43.1010408446094,-87.91469071944607,43.06026722158336,2020-07-17,2,42.0
55079003300,55079005100,-88.0173066794685,43.1010408446094,-87.99757698420609,43.08261869423604,2020-07-17,6,126.0
55079003300,55079014800,-88.0173066794685,43.1010408446094,-87.9402035907502,43.042125624825495,2020-07-17,1,21.0
55079003300,55079004900,-88.0173066794685,43.1010408446094,-87.97231517837423,43.077061406485264,2020-07-17,4,84.0
55079003300,55079007400,-88.0173066794685,43.1010408446094,-87.87216855868374,43.078043126250115,2020-07-17,1,21.0
55079003300,55079009200,-88.0173066794685,43.1010408446094,-87.97560474362125,43.06069020349929,2020-07-17,1,21.0
55079003300,55079006400,-88.0173066794685,43.1010408446094,-87.94234792087695,43.07421796319209,2020-07-17,2,42.0
55079003300,55079017100,-88.0173066794685,43.1010408446094,-87.95808412992528,43.01056521552099,2020-07-17,1,21.0
55079003300,55079012200,-88.0173066794685,43.1010408446094,-87.95271101560115,43.04866661559741,2020-07-17,2,42.0
55079003300,55079006100,-88.0173066794685,43.1010408446094,-87.96847508739953,43.06791249267312,2020-07-17,2,42.0
55079003300,55079001000,-88.0173066794685,43.1010408446094,-87.95348314468296,43.12464896388482,2020-07-17,5,105.0
55079003300,55079009900,-88.0173066794685,43.1010408446094,-87.94630275235495,43.060274421469344,2020-07-17,1,21.0
55079003300,55079003000,-88.0173066794685,43.1010408446094,-87.99619059962126,43.10851035065769,2020-07-17,4,84.0
55079003300,55079006500,-88.0173066794685,43.1010408446094,-87.94229465456391,43.0797331466399,2020-07-17,1,21.0
55079003300,55079185400,-88.0173066794685,43.1010408446094,-87.93768935592728,43.06023552955454,2020-07-17,2,42.0
55079003300,55079009700,-88.0173066794685,43.1010408446094,-87.95262115062044,43.05393954073114,2020-07-17,2,42.0
55079006300,55079020000,-87.95229119818997,43.07635281761954,-87.95273620994368,42.98405311376188,2020-07-17,1,28.0
55079006300,55079002400,-87.95229119818997,43.07635281761954,-87.95188617843814,43.106404380820805,2020-07-17,2,56.0
55079006300,55079004300,-87.95229119818997,43.07635281761954,-87.93220867621264,43.094799127568905,2020-07-17,1,28.0
55079006300,55079060200,-87.95229119818997,43.07635281761954,-87.9245165328896,43.11556508690733,2020-07-17,2,56.0
55079006300,55079004400,-87.95229119818997,43.07635281761954,-87.90608569163814,43.089298213737145,2020-07-17,4,113.0
55079006300,55079015700,-87.95229119818997,43.07635281761954,-87.92777138656925,43.021663598322064,2020-07-17,1,28.0
55079006300,55079002300,-87.95229119818997,43.07635281761954,-87.93621856893152,43.105985427841645,2020-07-17,1,28.0
55079006300,55079110100,-87.95229119818997,43.07635281761954,-87.9710022364233,43.012448953036525,2020-07-17,3,85.0
55079006300,55079021200,-87.95229119818997,43.07635281761954,-87.92101040508955,42.965284697357816,2020-07-17,1,28.0
55079006300,55079160100,-87.95229119818997,43.07635281761954,-87.91471599062149,42.91513941042769,2020-07-17,1,28.0
55079006300,55079090300,-87.95229119818997,43.07635281761954,-88.0515779905257,43.06739040507833,2020-07-17,2,56.0
55079006300,55079186300,-87.95229119818997,43.07635281761954,-87.91799927397663,43.040616743150025,2020-07-17,2,56.0
55079006300,55079021700,-87.95229119818997,43.07635281761954,-87.91312462574102,42.94052513723052,2020-07-17,1,28.0
55079006300,55079090900,-87.95229119818997,43.07635281761954,-88.00270912368009,43.06124682618238,2020-07-17,1,28.0
55079006300,55079120203,-87.95229119818997,43.07635281761954,-88.00776394431053,42.95694649923871,2020-07-17,1,28.0
55079006300,55079003500,-87.95229119818997,43.07635281761954,-87.99830093777771,43.09359369867719,2020-07-17,1,28.0
55079006300,55079004800,-87.95229119818997,43.07635281761954,-87.96231596301399,43.077035360461494,2020-07-17,3,85.0
55079006300,55079186000,-87.95229119818997,43.07635281761954,-87.92039854147795,43.053956957431964,2020-07-17,2,56.0
55079006300,55079060101,-87.95229119818997,43.07635281761954,-87.92535691568614,43.13950788268824,2020-07-17,1,28.0
55079006300,55079090600,-87.95229119818997,43.07635281761954,-88.05435154566402,43.03795832032663,2020-07-17,1,28.0
55079006300,55079120502,-87.95229119818997,43.07635281761954,-87.96510992081555,42.95304728304586,2020-07-17,1,28.0
55079006300,55079012500,-87.95229119818997,43.07635281761954,-87.97654888060033,43.037091021714275,2020-07-17,1,28.0
55079006300,55079004600,-87.95229119818997,43.07635281761954,-87.9321086251029,43.08569057130924,2020-07-17,3,85.0
55079006300,55079006200,-87.95229119818997,43.07635281761954,-87.96097127315564,43.067902782244275,2020-07-17,1,28.0
55079006300,55079018900,-87.95229119818997,43.07635281761954,-87.95323213052187,42.995654122863776,2020-07-17,1,28.0
55079006300,55079005000,-87.95229119818997,43.07635281761954,-87.98327608357046,43.07665137069942,2020-07-17,1,28.0
55079006300,55079006800,-87.95229119818997,43.07635281761954,-87.92500216567623,43.079683301494654,2020-07-17,1,28.0
55079006300,55079007000,-87.95229119818997,43.07635281761954,-87.91122456687498,43.07424564740019,2020-07-17,3,85.0
55079006300,55079140201,-87.95229119818997,43.07635281761954,-87.99911426080601,42.93902100763907,2020-07-17,1,28.0
55079006300,55079008500,-87.95229119818997,43.07635281761954,-87.9298714910033,43.06776123229879,2020-07-17,1,28.0
55079006300,55079003600,-87.95229119818997,43.07635281761954,-87.98321131530031,43.092736225323044,2020-07-17,1,28.0
55079006300,55079001800,-87.95229119818997,43.07635281761954,-87.99853790291819,43.115847306484916,2020-07-17,1,28.0
55079006300,55079003400,-87.95229119818997,43.07635281761954,-88.02444287795417,43.0934576342605,2020-07-17,1,28.0
55079006300,55079014100,-87.95229119818997,43.07635281761954,-87.92097269793881,43.04863570292668,2020-07-17,1,28.0
55079006300,55079050102,-87.95229119818997,43.07635281761954,-87.96743569232115,43.172443064752215,2020-07-17,1,28.0
55079006300,55079006300,-87.95229119818997,43.07635281761954,-87.95229119818997,43.07635281761954,2020-07-17,62,1763.0
55079006300,55079080200,-87.95229119818997,43.07635281761954,-87.8877423232882,43.0942616397457,2020-07-17,1,28.0
55079006300,55079185700,-87.95229119818997,43.07635281761954,-87.91471207902771,43.06752585199898,2020-07-17,1,28.0
55079006300,55079010700,-87.95229119818997,43.07635281761954,-87.90095083433016,43.0597678010215,2020-07-17,1,28.0
55079006300,55079017500,-87.95229119818997,43.07635281761954,-87.92965116916102,43.00287441605045,2020-07-17,1,28.0
55079006300,55079003100,-87.95229119818997,43.07635281761954,-87.98607018194353,43.10091760946077,2020-07-17,1,28.0
55079006300,55079012600,-87.95229119818997,43.07635281761954,-87.99443577770006,43.034032251200934,2020-07-17,1,28.0
55079006300,55079005900,-87.95229119818997,43.07635281761954,-87.98523579862835,43.06821108392844,2020-07-17,3,85.0
55079006300,55079006600,-87.95229119818997,43.07635281761954,-87.93135214789555,43.075399167305534,2020-07-17,2,56.0
55079006300,55079004200,-87.95229119818997,43.07635281761954,-87.94544782159862,43.09516547779425,2020-07-17,1,28.0
55079006300,55079120202,-87.95229119818997,43.07635281761954,-87.99868084532402,42.965848843600455,2020-07-17,1,28.0
55079006300,55079014900,-87.95229119818997,43.07635281761954,-87.94481830610269,43.03704436935605,2020-07-17,1,28.0
55079006300,55079002000,-87.95229119818997,43.07635281761954,-87.96815137233186,43.115621500302275,2020-07-17,1,28.0
55079006300,55079004700,-87.95229119818997,43.07635281761954,-87.94760565609727,43.08576787197636,2020-07-17,1,28.0
55079006300,55079003700,-87.95229119818997,43.07635281761954,-87.98336380852676,43.08546039091554,2020-07-17,2,56.0
55079006300,55079009600,-87.95229119818997,43.07635281761954,-87.96486502955395,43.05277336645368,2020-07-17,3,85.0
55079006300,55079008900,-87.95229119818997,43.07635281761954,-87.95337828163817,43.06706338271535,2020-07-17,1,28.0
55079006300,55079004100,-87.95229119818997,43.07635281761954,-87.95681147526382,43.0940907627305,2020-07-17,2,56.0
55079006300,55079185600,-87.95229119818997,43.07635281761954,-87.91469071944607,43.06026722158336,2020-07-17,1,28.0
55079006300,55079004900,-87.95229119818997,43.07635281761954,-87.97231517837423,43.077061406485264,2020-07-17,2,56.0
55079006300,55079009200,-87.95229119818997,43.07635281761954,-87.97560474362125,43.06069020349929,2020-07-17,1,28.0
55079006300,55079006400,-87.95229119818997,43.07635281761954,-87.94234792087695,43.07421796319209,2020-07-17,2,56.0
55079006300,55079009300,-87.95229119818997,43.07635281761954,-87.98314520393755,43.060746025032145,2020-07-17,1,28.0
55079006300,55079009900,-87.95229119818997,43.07635281761954,-87.94630275235495,43.060274421469344,2020-07-17,1,28.0
55079006300,55079006500,-87.95229119818997,43.07635281761954,-87.94229465456391,43.0797331466399,2020-07-17,3,85.0
55079006300,55079008800,-87.95229119818997,43.07635281761954,-87.94617084834631,43.06788862375971,2020-07-17,2,56.0
55079006300,55079006900,-87.95229119818997,43.07635281761954,-87.91078185483303,43.07979537793229,2020-07-17,1,28.0
55079006300,55079006700,-87.95229119818997,43.07635281761954,-87.92040407919447,43.07437828581977,2020-07-17,1,28.0
55079006300,55079008700,-87.95229119818997,43.07635281761954,-87.93997122125838,43.06781436915486,2020-07-17,1,28.0
55079019700,55079020000,-88.00741820523533,42.97570820507905,-87.95273620994368,42.98405311376188,2020-07-17,7,148.0
55079019700,55079004300,-88.00741820523533,42.97570820507905,-87.93220867621264,43.094799127568905,2020-07-17,1,21.0
55079019700,55079060200,-88.00741820523533,42.97570820507905,-87.9245165328896,43.11556508690733,2020-07-17,1,21.0
55079019700,55079012800,-88.00741820523533,42.97570820507905,-88.03145321223326,43.03059221584991,2020-07-17,4,84.0
55079019700,55079015700,-88.00741820523533,42.97570820507905,-87.92777138656925,43.021663598322064,2020-07-17,1,21.0
55079019700,55079019000,-88.00741820523533,42.97570820507905,-87.967877289968,42.995496154489715,2020-07-17,2,42.0
55079019700,55079100700,-88.00741820523533,42.97570820507905,-88.03788629567484,43.0213025080197,2020-07-17,3,63.0
55079019700,55079000101,-88.00741820523533,42.97570820507905,-88.00922083481396,43.18510784936368,2020-07-17,1,21.0
55079019700,55079000102,-88.00741820523533,42.97570820507905,-88.01167859828367,43.164645145767146,2020-07-17,1,21.0
55079019700,55079010800,-88.00741820523533,42.97570820507905,-87.88986181293924,43.05733829509928,2020-07-17,1,21.0
55079019700,55079110100,-88.00741820523533,42.97570820507905,-87.9710022364233,43.012448953036525,2020-07-17,2,42.0
55079019700,55079101000,-88.00741820523533,42.97570820507905,-88.05764456171738,42.99173938525954,2020-07-17,13,275.0
55079019700,55079021200,-88.00741820523533,42.97570820507905,-87.92101040508955,42.965284697357816,2020-07-17,1,21.0
55079019700,55079160100,-88.00741820523533,42.97570820507905,-87.91471599062149,42.91513941042769,2020-07-17,4,84.0
55079019700,55079101600,-88.00741820523533,42.97570820507905,-87.98881839806968,43.003113634057684,2020-07-17,2,42.0
55079019700,55079021700,-88.00741820523533,42.97570820507905,-87.91312462574102,42.94052513723052,2020-07-17,2,42.0
55079019700,55079019100,-88.00741820523533,42.97570820507905,-87.96549351619066,42.982165146288615,2020-07-17,1,21.0
55079019700,55079019200,-88.00741820523533,42.97570820507905,-87.9858350139744,42.99282711086924,2020-07-17,6,126.0
55079019700,55079090100,-88.00741820523533,42.97570820507905,-88.04837730790923,43.0973204568905,2020-07-17,1,21.0
55079019700,55079090200,-88.00741820523533,42.97570820507905,-88.05200796218348,43.081902180003375,2020-07-17,2,42.0
55079019700,55079120400,-88.00741820523533,42.97570820507905,-87.96548496050795,42.96670427425607,2020-07-17,7,148.0
55079019700,55079120203,-88.00741820523533,42.97570820507905,-88.00776394431053,42.95694649923871,2020-07-17,20,423.0
55079019700,55079160300,-88.00741820523533,42.97570820507905,-87.8893867076047,42.856940087232964,2020-07-17,1,21.0
55079019700,55079187300,-88.00741820523533,42.97570820507905,-87.9656302556773,42.887159701718595,2020-07-17,2,42.0
55079019700,55079017300,-88.00741820523533,42.97570820507905,-87.94877202549131,43.0036525046766,2020-07-17,1,21.0
55079019700,55079019400,-88.00741820523533,42.97570820507905,-88.02755647500341,42.984577749923744,2020-07-17,2,42.0
55079019700,55079000501,-88.00741820523533,42.97570820507905,-88.04340002069712,43.115390222488664,2020-07-17,1,21.0
55079019700,55079003200,-88.00741820523533,42.97570820507905,-88.00111189801154,43.10115852758208,2020-07-17,2,42.0
55079019700,55079060101,-88.00741820523533,42.97570820507905,-87.92535691568614,43.13950788268824,2020-07-17,1,21.0
55079019700,55079090600,-88.00741820523533,42.97570820507905,-88.05435154566402,43.03795832032663,2020-07-17,1,21.0
55079019700,55079185300,-88.00741820523533,42.97570820507905,-88.04265402690729,43.049880154873065,2020-07-17,1,21.0
55079019700,55079120502,-88.00741820523533,42.97570820507905,-87.96510992081555,42.95304728304586,2020-07-17,3,63.0
55079019700,55079187400,-88.00741820523533,42.97570820507905,-87.90767949876499,43.03217517915639,2020-07-17,3,63.0
55079019700,55079150304,-88.00741820523533,42.97570820507905,-88.02760163837803,42.91519132559998,2020-07-17,2,42.0
55079019700,55079012500,-88.00741820523533,42.97570820507905,-87.97654888060033,43.037091021714275,2020-07-17,1,21.0
55079019700,55079130200,-88.00741820523533,42.97570820507905,-88.05891051157585,42.93732261654573,2020-07-17,2,42.0
55079019700,55079186800,-88.00741820523533,42.97570820507905,-87.9506670108877,43.02815858561159,2020-07-17,4,84.0
55079019700,55079187200,-88.00741820523533,42.97570820507905,-88.00769048889484,42.863813659193866,2020-07-17,4,84.0
55079019700,55079160203,-88.00741820523533,42.97570820507905,-87.91638950191752,42.89402789790319,2020-07-17,5,105.0
55079019700,55079091200,-88.00741820523533,42.97570820507905,-88.00388284004167,43.0467075980639,2020-07-17,6,126.0
55079019700,55079100500,-88.00741820523533,42.97570820507905,-88.02674691869541,43.01326660162138,2020-07-17,1,21.0
55079019700,55079018900,-88.00741820523533,42.97570820507905,-87.95323213052187,42.995654122863776,2020-07-17,3,63.0
55079019700,55079100900,-88.00741820523533,42.97570820507905,-88.05216898532913,43.00959788353506,2020-07-17,5,105.0
55079019700,55079101100,-88.00741820523533,42.97570820507905,-88.04276904850849,42.99420752845147,2020-07-17,9,190.0
55079019700,55079140100,-88.00741820523533,42.97570820507905,-88.0188613886232,42.93745223479677,2020-07-17,4,84.0
55079019700,55079140201,-88.00741820523533,42.97570820507905,-87.99911426080601,42.93902100763907,2020-07-17,7,148.0
55079019700,55079140202,-88.00741820523533,42.97570820507905,-87.981557716435,42.93443757238657,2020-07-17,1,21.0
55079019700,55079186500,-88.00741820523533,42.97570820507905,-87.9130303085029,43.02319729476483,2020-07-17,3,63.0
55079019700,55079120101,-88.00741820523533,42.97570820507905,-88.04814010007517,42.95916305909443,2020-07-17,12,253.0
55079019700,55079030100,-88.00741820523533,42.97570820507905,-87.89837270942148,43.1819862198906,2020-07-17,1,21.0
55079019700,55079091100,-88.00741820523533,42.97570820507905,-88.00381885772617,43.05493775558714,2020-07-17,1,21.0
55079019700,55079003600,-88.00741820523533,42.97570820507905,-87.98321131530031,43.092736225323044,2020-07-17,1,21.0
55079019700,55079014400,-88.00741820523533,42.97570820507905,-87.90784049253895,43.042413401572134,2020-07-17,2,42.0
55079019700,55079100400,-88.00741820523533,42.97570820507905,-88.01166560297426,43.0170103539625,2020-07-17,1,21.0
55079019700,55079170700,-88.00741820523533,42.97570820507905,-87.84797376219025,42.90256149755693,2020-07-17,1,21.0
55079019700,55079150100,-88.00741820523533,42.97570820507905,-87.97759713310646,42.91424119290261,2020-07-17,4,84.0
55079019700,55079021600,-88.00741820523533,42.97570820507905,-87.92488475274558,42.952251222261935,2020-07-17,5,105.0
55079019700,55079016100,-88.00741820523533,42.97570820507905,-87.95946595975387,43.016089910899275,2020-07-17,2,42.0
55079019700,55079021300,-88.00741820523533,42.97570820507905,-87.93877469638159,42.970224160413096,2020-07-17,1,21.0
55079019700,55079120102,-88.00741820523533,42.97570820507905,-88.04966546230908,42.97409794368699,2020-07-17,5,105.0
55079019700,55079130100,-88.00741820523533,42.97570820507905,-88.04407902007586,42.942752065148895,2020-07-17,7,148.0
55079019700,55079019600,-88.00741820523533,42.97570820507905,-88.00769668957767,42.984657216409644,2020-07-17,11,232.0
55079019700,55079101800,-88.00741820523533,42.97570820507905,-88.00969812606968,42.99373426381014,2020-07-17,1,21.0
55079019700,55079150301,-88.00741820523533,42.97570820507905,-88.05345903025625,42.89781994777656,2020-07-17,9,190.0
55079019700,55079009400,-88.00741820523533,42.97570820507905,-87.98309572088205,43.053347935581954,2020-07-17,1,21.0
55079019700,55079120201,-88.00741820523533,42.97570820507905,-88.01868214174351,42.96737507435749,2020-07-17,15,317.0
55079019700,55079019500,-88.00741820523533,42.97570820507905,-88.02769031152603,42.97732706705707,2020-07-17,3,63.0
55079019700,55079185100,-88.00741820523533,42.97570820507905,-87.86132764015301,42.9760744263621,2020-07-17,1,21.0
55079019700,55079007100,-88.00741820523533,42.97570820507905,-87.90149576859913,43.07383574480911,2020-07-17,2,42.0
55079019700,55079007300,-88.00741820523533,42.97570820507905,-87.88807891595606,43.0779148594549,2020-07-17,1,21.0
55079019700,55079101500,-88.00741820523533,42.97570820507905,-88.00747595996755,43.007126720391405,2020-07-17,2,42.0
55079019700,55079101700,-88.00741820523533,42.97570820507905,-88.00697190300957,43.00173437379505,2020-07-17,3,63.0
55079019700,55079100200,-88.00741820523533,42.97570820507905,-87.99137992566246,43.01460892403096,2020-07-17,4,84.0
55079019700,55079009800,-88.00741820523533,42.97570820507905,-87.95409571434068,43.059778012269526,2020-07-17,1,21.0
55079019700,55079001700,-88.00741820523533,42.97570820507905,-88.01621221830194,43.10855887721336,2020-07-17,1,21.0
55079019700,55079017400,-88.00741820523533,42.97570820507905,-87.9382983850757,43.00476614107047,2020-07-17,1,21.0
55079019700,55079120202,-88.00741820523533,42.97570820507905,-87.99868084532402,42.965848843600455,2020-07-17,6,126.0
55079019700,55079012300,-88.00741820523533,42.97570820507905,-87.96196748080853,43.043599093031496,2020-07-17,1,21.0
55079019700,55079080400,-88.00741820523533,42.97570820507905,-87.88848724040903,43.08594082590386,2020-07-17,1,21.0
55079019700,55079002000,-88.00741820523533,42.97570820507905,-87.96815137233186,43.115621500302275,2020-07-17,1,21.0
55079019700,55079004700,-88.00741820523533,42.97570820507905,-87.94760565609727,43.08576787197636,2020-07-17,1,21.0
55079019700,55079021500,-88.00741820523533,42.97570820507905,-87.94398245259515,42.952098604888974,2020-07-17,3,63.0
55079019700,55079020200,-88.00741820523533,42.97570820507905,-87.94112496275925,42.977527635995024,2020-07-17,2,42.0
55079019700,55079012700,-88.00741820523533,42.97570820507905,-88.0122777504643,43.029662330242175,2020-07-17,1,21.0
55079019700,55079016000,-88.00741820523533,42.97570820507905,-87.95725941865898,43.02137414837421,2020-07-17,1,21.0
55079019700,55079019700,-88.00741820523533,42.97570820507905,-88.00741820523533,42.97570820507905,2020-07-17,233,4929.0
55079019700,55079019800,-88.00741820523533,42.97570820507905,-87.98973307517815,42.982078809345225,2020-07-17,5,105.0
55079019700,55079013700,-88.00741820523533,42.97570820507905,-87.94529508707278,43.04229912697773,2020-07-17,2,42.0
55079019700,55079018300,-88.00741820523533,42.97570820507905,-87.89285805580873,42.991354183119796,2020-07-17,1,21.0
55079019700,55079180200,-88.00741820523533,42.97570820507905,-87.85506992096182,42.95465467367753,2020-07-17,1,21.0
55079019700,55079186400,-88.00741820523533,42.97570820507905,-87.93038892981184,43.03695266796131,2020-07-17,1,21.0
55079019700,55079019300,-88.00741820523533,42.97570820507905,-87.99612754588766,42.99498021323571,2020-07-17,4,84.0
55079019700,55079020600,-88.00741820523533,42.97570820507905,-87.90444286867323,42.9810337820488,2020-07-17,1,21.0
55079019700,55079101300,-88.00741820523533,42.97570820507905,-88.02770018483265,42.99907770295741,2020-07-17,4,84.0
55079019700,55079185800,-88.00741820523533,42.97570820507905,-87.94265216254213,43.0538687550207,2020-07-17,1,21.0
55079019700,55079100300,-88.00741820523533,42.97570820507905,-88.00316709835943,43.017354422985534,2020-07-17,2,42.0
55079019700,55079101200,-88.00741820523533,42.97570820507905,-88.02772831407549,42.99180235090393,2020-07-17,1,21.0
55079019700,55079170600,-88.00741820523533,42.97570820507905,-87.86320935056827,42.907724102777856,2020-07-17,2,42.0
55079019700,55079170300,-88.00741820523533,42.97570820507905,-87.87538996197884,42.9095536521384,2020-07-17,1,21.0
55079019700,55079006400,-88.00741820523533,42.97570820507905,-87.94234792087695,43.07421796319209,2020-07-17,1,21.0
55079019700,55079017100,-88.00741820523533,42.97570820507905,-87.95808412992528,43.01056521552099,2020-07-17,3,63.0
55079019700,55079006100,-88.00741820523533,42.97570820507905,-87.96847508739953,43.06791249267312,2020-07-17,1,21.0
55079019700,55079001000,-88.00741820523533,42.97570820507905,-87.95348314468296,43.12464896388482,2020-07-17,1,21.0
55079019700,55079120300,-88.00741820523533,42.97570820507905,-87.97376432533524,42.98091406493879,2020-07-17,3,63.0
55079019700,55079008400,-88.00741820523533,42.97570820507905,-87.92332577697063,43.067583013115005,2020-07-17,1,21.0
55079019700,55079017200,-88.00741820523533,42.97570820507905,-87.95621680562614,43.002904101727246,2020-07-17,1,21.0
55079019700,55079013000,-88.00741820523533,42.97570820507905,-87.9876687698922,43.02770173765977,2020-07-17,1,21.0
55079040100,55079060200,-87.93527423095499,43.17163768621121,-87.9245165328896,43.11556508690733,2020-07-17,4,84.0
55079040100,55079000102,-87.93527423095499,43.17163768621121,-88.01167859828367,43.164645145767146,2020-07-17,1,21.0
55079040100,55079010800,-87.93527423095499,43.17163768621121,-87.88986181293924,43.05733829509928,2020-07-17,1,21.0
55079040100,55079101000,-87.93527423095499,43.17163768621121,-88.05764456171738,42.99173938525954,2020-07-17,1,21.0
55079040100,55079050101,-87.93527423095499,43.17163768621121,-87.98494662348081,43.17683059907653,2020-07-17,2,42.0
55079040100,55079090300,-87.93527423095499,43.17163768621121,-88.0515779905257,43.06739040507833,2020-07-17,2,42.0
55079040100,55079070300,-87.93527423095499,43.17163768621121,-87.90380003116019,43.10631443965618,2020-07-17,1,21.0
55079040100,55079120203,-87.93527423095499,43.17163768621121,-88.00776394431053,42.95694649923871,2020-07-17,2,42.0
55079040100,55079060101,-87.93527423095499,43.17163768621121,-87.92535691568614,43.13950788268824,2020-07-17,4,84.0
55079040100,55079185300,-87.93527423095499,43.17163768621121,-88.04265402690729,43.049880154873065,2020-07-17,1,21.0
55079040100,55079020800,-87.93527423095499,43.17163768621121,-87.87636299879055,42.985307292991365,2020-07-17,1,21.0
55079040100,55079187400,-87.93527423095499,43.17163768621121,-87.90767949876499,43.03217517915639,2020-07-17,1,21.0
55079040100,55079000800,-87.93527423095499,43.17163768621121,-87.97372753660457,43.14064967469203,2020-07-17,1,21.0
55079040100,55079186800,-87.93527423095499,43.17163768621121,-87.9506670108877,43.02815858561159,2020-07-17,1,21.0
55079040100,55079180400,-87.93527423095499,43.17163768621121,-87.85633588550823,42.93709205888796,2020-07-17,1,21.0
55079040100,55079070100,-87.93527423095499,43.17163768621121,-87.9076583493148,43.12063010988105,2020-07-17,1,21.0
55079040100,55079030100,-87.93527423095499,43.17163768621121,-87.89837270942148,43.1819862198906,2020-07-17,6,127.0
55079040100,55079040100,-87.93527423095499,43.17163768621121,-87.93527423095499,43.17163768621121,2020-07-17,59,1251.0
55079040100,55079035100,-87.93527423095499,43.17163768621121,-87.89285549776399,43.15380150659221,2020-07-17,2,42.0
55079040100,55079003800,-87.93527423095499,43.17163768621121,-87.97215356169055,43.086187842345545,2020-07-17,1,21.0
55079040100,55079021600,-87.93527423095499,43.17163768621121,-87.92488475274558,42.952251222261935,2020-07-17,1,21.0
55079040100,55079003400,-87.93527423095499,43.17163768621121,-88.02444287795417,43.0934576342605,2020-07-17,1,21.0
55079040100,55079035200,-87.93527423095499,43.17163768621121,-87.9070718018067,43.16012040860922,2020-07-17,11,233.0
55079040100,55079050102,-87.93527423095499,43.17163768621121,-87.96743569232115,43.172443064752215,2020-07-17,1,21.0
55079040100,55079020700,-87.93527423095499,43.17163768621121,-87.89282968229121,42.980391637955094,2020-07-17,1,21.0
55079040100,55079185100,-87.93527423095499,43.17163768621121,-87.86132764015301,42.9760744263621,2020-07-17,1,21.0
55079040100,55079000700,-87.93527423095499,43.17163768621121,-87.99009583376943,43.15588909293765,2020-07-17,1,21.0
55079040100,55079000900,-87.93527423095499,43.17163768621121,-87.95566887882444,43.14970170326806,2020-07-17,2,42.0
55079040100,55079000201,-87.93527423095499,43.17163768621121,-88.0472441211064,43.1799495757708,2020-07-17,1,21.0
55079040100,55079186900,-87.93527423095499,43.17163768621121,-87.88804149673794,43.05226526687869,2020-07-17,1,21.0
55079020100,55079020000,-87.94099671150566,42.988482506396224,-87.95273620994368,42.98405311376188,2020-07-17,12,261.0
55079020100,55079002400,-87.94099671150566,42.988482506396224,-87.95188617843814,43.106404380820805,2020-07-17,1,21.0
55079020100,55079004400,-87.94099671150566,42.988482506396224,-87.90608569163814,43.089298213737145,2020-07-17,1,21.0
55079020100,55079016200,-87.94099671150566,42.988482506396224,-87.94745090497267,43.01660575920564,2020-07-17,2,43.0
55079020100,55079019000,-87.94099671150566,42.988482506396224,-87.967877289968,42.995496154489715,2020-07-17,3,65.0
55079020100,55079000102,-87.94099671150566,42.988482506396224,-88.01167859828367,43.164645145767146,2020-07-17,1,21.0
55079020100,55079002300,-87.94099671150566,42.988482506396224,-87.93621856893152,43.105985427841645,2020-07-17,1,21.0
55079020100,55079110100,-87.94099671150566,42.988482506396224,-87.9710022364233,43.012448953036525,2020-07-17,9,196.0
55079020100,55079101000,-87.94099671150566,42.988482506396224,-88.05764456171738,42.99173938525954,2020-07-17,3,65.0
55079020100,55079021200,-87.94099671150566,42.988482506396224,-87.92101040508955,42.965284697357816,2020-07-17,1,21.0
55079020100,55079160100,-87.94099671150566,42.988482506396224,-87.91471599062149,42.91513941042769,2020-07-17,2,43.0
55079020100,55079050101,-87.94099671150566,42.988482506396224,-87.98494662348081,43.17683059907653,2020-07-17,2,43.0
55079020100,55079090300,-87.94099671150566,42.988482506396224,-88.0515779905257,43.06739040507833,2020-07-17,2,43.0
55079020100,55079186300,-87.94099671150566,42.988482506396224,-87.91799927397663,43.040616743150025,2020-07-17,3,65.0
55079020100,55079021700,-87.94099671150566,42.988482506396224,-87.91312462574102,42.94052513723052,2020-07-17,2,43.0
55079020100,55079120501,-87.94099671150566,42.988482506396224,-87.96680035551529,42.94072396992586,2020-07-17,1,21.0
55079020100,55079019100,-87.94099671150566,42.988482506396224,-87.96549351619066,42.982165146288615,2020-07-17,2,43.0
55079020100,55079019200,-87.94099671150566,42.988482506396224,-87.9858350139744,42.99282711086924,2020-07-17,1,21.0
55079020100,55079090100,-87.94099671150566,42.988482506396224,-88.04837730790923,43.0973204568905,2020-07-17,1,21.0
55079020100,55079090900,-87.94099671150566,42.988482506396224,-88.00270912368009,43.06124682618238,2020-07-17,1,21.0
55079020100,55079120400,-87.94099671150566,42.988482506396224,-87.96548496050795,42.96670427425607,2020-07-17,1,21.0
55079020100,55079120203,-87.94099671150566,42.988482506396224,-88.00776394431053,42.95694649923871,2020-07-17,4,87.0
55079020100,55079160300,-87.94099671150566,42.988482506396224,-87.8893867076047,42.856940087232964,2020-07-17,1,21.0
55079020100,55079017300,-87.94099671150566,42.988482506396224,-87.94877202549131,43.0036525046766,2020-07-17,2,43.0
55079020100,55079186000,-87.94099671150566,42.988482506396224,-87.92039854147795,43.053956957431964,2020-07-17,1,21.0
55079020100,55079005300,-87.94099671150566,42.988482506396224,-88.01242727702714,43.07892288175221,2020-07-17,1,21.0
55079020100,55079021400,-87.94099671150566,42.988482506396224,-87.93891709359613,42.96295890378409,2020-07-17,1,21.0
55079020100,55079185300,-87.94099671150566,42.988482506396224,-88.04265402690729,43.049880154873065,2020-07-17,1,21.0
55079020100,55079120502,-87.94099671150566,42.988482506396224,-87.96510992081555,42.95304728304586,2020-07-17,5,108.0
55079020100,55079020800,-87.94099671150566,42.988482506396224,-87.87636299879055,42.985307292991365,2020-07-17,2,43.0
55079020100,55079180500,-87.94099671150566,42.988482506396224,-87.87471526249948,42.93725893299447,2020-07-17,1,21.0
55079020100,55079160204,-87.94099671150566,42.988482506396224,-87.9317944903397,42.879700165258704,2020-07-17,1,21.0
55079020100,55079187200,-87.94099671150566,42.988482506396224,-88.00769048889484,42.863813659193866,2020-07-17,2,43.0
55079020100,55079160203,-87.94099671150566,42.988482506396224,-87.91638950191752,42.89402789790319,2020-07-17,1,21.0
55079020100,55079170200,-87.94099671150566,42.988482506396224,-87.87263683893734,42.92275381108851,2020-07-17,1,21.0
55079020100,55079091200,-87.94099671150566,42.988482506396224,-88.00388284004167,43.0467075980639,2020-07-17,1,21.0
55079020100,55079100500,-87.94099671150566,42.988482506396224,-88.02674691869541,43.01326660162138,2020-07-17,2,43.0
55079020100,55079018900,-87.94099671150566,42.988482506396224,-87.95323213052187,42.995654122863776,2020-07-17,2,43.0
55079020100,55079020100,-87.94099671150566,42.988482506396224,-87.94099671150566,42.988482506396224,2020-07-17,147,3203.0
55079020100,55079007000,-87.94099671150566,42.988482506396224,-87.91122456687498,43.07424564740019,2020-07-17,1,21.0
55079020100,55079101100,-87.94099671150566,42.988482506396224,-88.04276904850849,42.99420752845147,2020-07-17,4,87.0
55079020100,55079140100,-87.94099671150566,42.988482506396224,-88.0188613886232,42.93745223479677,2020-07-17,1,21.0
55079020100,55079140201,-87.94099671150566,42.988482506396224,-87.99911426080601,42.93902100763907,2020-07-17,4,87.0
55079020100,55079091400,-87.94099671150566,42.988482506396224,-87.99383660813824,43.04031315098078,2020-07-17,1,21.0
55079020100,55079186500,-87.94099671150566,42.988482506396224,-87.9130303085029,43.02319729476483,2020-07-17,1,21.0
55079020100,55079003300,-87.94099671150566,42.988482506396224,-88.0173066794685,43.1010408446094,2020-07-17,1,21.0
55079020100,55079016800,-87.94099671150566,42.988482506396224,-87.92935001478907,43.01036042537408,2020-07-17,3,65.0
55079020100,55079120101,-87.94099671150566,42.988482506396224,-88.04814010007517,42.95916305909443,2020-07-17,2,43.0
55079020100,55079101400,-87.94099671150566,42.988482506396224,-88.02735540531337,43.00631524274058,2020-07-17,1,21.0
55079020100,55079011300,-87.94099671150566,42.988482506396224,-87.90713298111844,43.04890661506502,2020-07-17,1,21.0
55079020100,55079014400,-87.94099671150566,42.988482506396224,-87.90784049253895,43.042413401572134,2020-07-17,2,43.0
55079020100,55079018000,-87.94099671150566,42.988482506396224,-87.8945288084346,43.01098558683315,2020-07-17,1,21.0
55079020100,55079150100,-87.94099671150566,42.988482506396224,-87.97759713310646,42.91424119290261,2020-07-17,1,21.0
55079020100,55079021600,-87.94099671150566,42.988482506396224,-87.92488475274558,42.952251222261935,2020-07-17,3,65.0
55079020100,55079016100,-87.94099671150566,42.988482506396224,-87.95946595975387,43.016089910899275,2020-07-17,1,21.0
55079020100,55079021300,-87.94099671150566,42.988482506396224,-87.93877469638159,42.970224160413096,2020-07-17,3,65.0
55079020100,55079016600,-87.94099671150566,42.988482506396224,-87.9139279223807,43.010028166006215,2020-07-17,3,65.0
55079020100,55079002900,-87.94099671150566,42.988482506396224,-87.98131890013833,43.108341188298006,2020-07-17,1,21.0
55079020100,55079120102,-87.94099671150566,42.988482506396224,-88.04966546230908,42.97409794368699,2020-07-17,1,21.0
55079020100,55079130100,-87.94099671150566,42.988482506396224,-88.04407902007586,42.942752065148895,2020-07-17,1,21.0
55079020100,55079050102,-87.94099671150566,42.988482506396224,-87.96743569232115,43.172443064752215,2020-07-17,1,21.0
55079020100,55079180300,-87.94099671150566,42.988482506396224,-87.87005593266791,42.951885652862586,2020-07-17,1,21.0
55079020100,55079016300,-87.94099671150566,42.988482506396224,-87.93764055272034,43.01572710315665,2020-07-17,3,65.0
55079020100,55079020400,-87.94099671150566,42.988482506396224,-87.9300852632457,42.98834002972675,2020-07-17,5,108.0
55079020100,55079010700,-87.94099671150566,42.988482506396224,-87.90095083433016,43.0597678010215,2020-07-17,1,21.0
55079020100,55079100200,-87.94099671150566,42.988482506396224,-87.99137992566246,43.01460892403096,2020-07-17,1,21.0
55079020100,55079017500,-87.94099671150566,42.988482506396224,-87.92965116916102,43.00287441605045,2020-07-17,1,21.0
55079020100,55079007600,-87.94099671150566,42.988482506396224,-87.87859580944733,43.06399812725538,2020-07-17,1,21.0
55079020100,55079009800,-87.94099671150566,42.988482506396224,-87.95409571434068,43.059778012269526,2020-07-17,1,21.0
55079020100,55079020300,-87.94099671150566,42.988482506396224,-87.92658964497383,42.979242665655576,2020-07-17,2,43.0
55079020100,55079017400,-87.94099671150566,42.988482506396224,-87.9382983850757,43.00476614107047,2020-07-17,1,21.0
55079020100,55079120202,-87.94099671150566,42.988482506396224,-87.99868084532402,42.965848843600455,2020-07-17,2,43.0
55079020100,55079001500,-87.94099671150566,42.988482506396224,-88.01520145334699,43.123754077777434,2020-07-17,1,21.0
55079020100,55079018500,-87.94099671150566,42.988482506396224,-87.91439743752404,42.98441904059949,2020-07-17,7,152.0
55079020100,55079020500,-87.94099671150566,42.988482506396224,-87.92272370744391,42.988321496925906,2020-07-17,4,87.0
55079020100,55079021500,-87.94099671150566,42.988482506396224,-87.94398245259515,42.952098604888974,2020-07-17,1,21.0
55079020100,55079020200,-87.94099671150566,42.988482506396224,-87.94112496275925,42.977527635995024,2020-07-17,3,65.0
55079020100,55079018600,-87.94099671150566,42.988482506396224,-87.92255649026754,42.995575414800356,2020-07-17,1,21.0
55079020100,55079016000,-87.94099671150566,42.988482506396224,-87.95725941865898,43.02137414837421,2020-07-17,1,21.0
55079020100,55079001100,-87.94099671150566,42.988482506396224,-87.96901390366762,43.127689901740844,2020-07-17,1,21.0
55079020100,55079017600,-87.94099671150566,42.988482506396224,-87.92236059293215,43.00280872383964,2020-07-17,2,43.0
55079020100,55079018700,-87.94099671150566,42.988482506396224,-87.92991431934564,42.995583237143,2020-07-17,1,21.0
55079020100,55079180200,-87.94099671150566,42.988482506396224,-87.85506992096182,42.95465467367753,2020-07-17,1,21.0
55079020100,55079020600,-87.94099671150566,42.988482506396224,-87.90444286867323,42.9810337820488,2020-07-17,1,21.0
55079020100,55079170100,-87.94099671150566,42.988482506396224,-87.84892368656588,42.919583500675934,2020-07-17,1,21.0
55079020100,55079013400,-87.94099671150566,42.988482506396224,-87.95356038604784,43.03496530197635,2020-07-17,1,21.0
55079020100,55079185600,-87.94099671150566,42.988482506396224,-87.91469071944607,43.06026722158336,2020-07-17,1,21.0
55079020100,55079170600,-87.94099671150566,42.988482506396224,-87.86320935056827,42.907724102777856,2020-07-17,1,21.0
55079020100,55079170300,-87.94099671150566,42.988482506396224,-87.87538996197884,42.9095536521384,2020-07-17,1,21.0
55079020100,55079016900,-87.94099671150566,42.988482506396224,-87.93770785693083,43.00951913559766,2020-07-17,2,43.0
55079020100,55079017100,-87.94099671150566,42.988482506396224,-87.95808412992528,43.01056521552099,2020-07-17,2,43.0
55079020100,55079001000,-87.94099671150566,42.988482506396224,-87.95348314468296,43.12464896388482,2020-07-17,1,21.0
55079020100,55079009300,-87.94099671150566,42.988482506396224,-87.98314520393755,43.060746025032145,2020-07-17,1,21.0
55079020100,55079017000,-87.94099671150566,42.988482506396224,-87.9475259715867,43.01041841584858,2020-07-17,1,21.0
55079020100,55079009900,-87.94099671150566,42.988482506396224,-87.94630275235495,43.060274421469344,2020-07-17,1,21.0
55079020100,55079003000,-87.94099671150566,42.988482506396224,-87.99619059962126,43.10851035065769,2020-07-17,1,21.0
55079020100,55079017200,-87.94099671150566,42.988482506396224,-87.95621680562614,43.002904101727246,2020-07-17,1,21.0
55079001600,55079002400,-88.01599665750028,43.11588641903863,-87.95188617843814,43.106404380820805,2020-07-17,1,19.0
55079001600,55079004300,-88.01599665750028,43.11588641903863,-87.93220867621264,43.094799127568905,2020-07-17,1,19.0
55079001600,55079060200,-88.01599665750028,43.11588641903863,-87.9245165328896,43.11556508690733,2020-07-17,3,59.0
55079001600,55079004400,-88.01599665750028,43.11588641903863,-87.90608569163814,43.089298213737145,2020-07-17,1,19.0
55079001600,55079012800,-88.01599665750028,43.11588641903863,-88.03145321223326,43.03059221584991,2020-07-17,1,19.0
55079001600,55079100100,-88.01599665750028,43.11588641903863,-87.98598444052216,43.01659648927991,2020-07-17,2,39.0
55079001600,55079000101,-88.01599665750028,43.11588641903863,-88.00922083481396,43.18510784936368,2020-07-17,3,59.0
55079001600,55079000102,-88.01599665750028,43.11588641903863,-88.01167859828367,43.164645145767146,2020-07-17,3,59.0
55079001600,55079000202,-88.01599665750028,43.11588641903863,-88.04132965001602,43.160382512849615,2020-07-17,5,98.0
55079001600,55079110100,-88.01599665750028,43.11588641903863,-87.9710022364233,43.012448953036525,2020-07-17,1,19.0
55079001600,55079000600,-88.01599665750028,43.11588641903863,-88.00190569680801,43.14010292722225,2020-07-17,8,157.0
55079001600,55079050101,-88.01599665750028,43.11588641903863,-87.98494662348081,43.17683059907653,2020-07-17,1,19.0
55079001600,55079090300,-88.01599665750028,43.11588641903863,-88.0515779905257,43.06739040507833,2020-07-17,4,78.0
55079001600,55079012400,-88.01599665750028,43.11588641903863,-87.97680856828566,43.04580144948212,2020-07-17,1,19.0
55079001600,55079021700,-88.01599665750028,43.11588641903863,-87.91312462574102,42.94052513723052,2020-07-17,2,39.0
55079001600,55079090100,-88.01599665750028,43.11588641903863,-88.04837730790923,43.0973204568905,2020-07-17,3,59.0
55079001600,55079090200,-88.01599665750028,43.11588641903863,-88.05200796218348,43.081902180003375,2020-07-17,3,59.0
55079001600,55079120203,-88.01599665750028,43.11588641903863,-88.00776394431053,42.95694649923871,2020-07-17,1,19.0
55079001600,55079160300,-88.01599665750028,43.11588641903863,-87.8893867076047,42.856940087232964,2020-07-17,1,19.0
55079001600,55079000501,-88.01599665750028,43.11588641903863,-88.04340002069712,43.115390222488664,2020-07-17,6,118.0
55079001600,55079001200,-88.01599665750028,43.11588641903863,-87.98620080987179,43.12617611256525,2020-07-17,1,19.0
55079001600,55079002700,-88.01599665750028,43.11588641903863,-87.97176690626681,43.100825271475365,2020-07-17,4,78.0
55079001600,55079003500,-88.01599665750028,43.11588641903863,-87.99830093777771,43.09359369867719,2020-07-17,3,59.0
55079001600,55079004800,-88.01599665750028,43.11588641903863,-87.96231596301399,43.077035360461494,2020-07-17,2,39.0
55079001600,55079009500,-88.01599665750028,43.11588641903863,-87.97530476217976,43.0530114064315,2020-07-17,1,19.0
55079001600,55079185900,-88.01599665750028,43.11588641903863,-87.93229166080955,43.05383765471328,2020-07-17,1,19.0
55079001600,55079186000,-88.01599665750028,43.11588641903863,-87.92039854147795,43.053956957431964,2020-07-17,1,19.0
55079001600,55079003200,-88.01599665750028,43.11588641903863,-88.00111189801154,43.10115852758208,2020-07-17,2,39.0
55079001600,55079060101,-88.01599665750028,43.11588641903863,-87.92535691568614,43.13950788268824,2020-07-17,1,19.0
55079001600,55079185500,-88.01599665750028,43.11588641903863,-87.92624880733425,43.0601763240656,2020-07-17,2,39.0
55079001600,55079000302,-88.01599665750028,43.11588641903863,-88.04649688617519,43.13922972061493,2020-07-17,1,19.0
55079001600,55079090600,-88.01599665750028,43.11588641903863,-88.05435154566402,43.03795832032663,2020-07-17,1,19.0
55079001600,55079185300,-88.01599665750028,43.11588641903863,-88.04265402690729,43.049880154873065,2020-07-17,8,157.0
55079001600,55079120502,-88.01599665750028,43.11588641903863,-87.96510992081555,42.95304728304586,2020-07-17,1,19.0
55079001600,55079150304,-88.01599665750028,43.11588641903863,-88.02760163837803,42.91519132559998,2020-07-17,1,19.0
55079001600,55079004000,-88.01599665750028,43.11588641903863,-87.97205846198321,43.09342306765945,2020-07-17,1,19.0
55079001600,55079004600,-88.01599665750028,43.11588641903863,-87.9321086251029,43.08569057130924,2020-07-17,2,39.0
55079001600,55079005400,-88.01599665750028,43.11588641903863,-88.02259608100492,43.0824437803151,2020-07-17,3,59.0
55079001600,55079000400,-88.01599665750028,43.11588641903863,-88.05554472050937,43.110954423820296,2020-07-17,3,59.0
55079001600,55079000502,-88.01599665750028,43.11588641903863,-88.03128731150349,43.12480634966938,2020-07-17,3,59.0
55079001600,55079006200,-88.01599665750028,43.11588641903863,-87.96097127315564,43.067902782244275,2020-07-17,1,19.0
55079001600,55079186800,-88.01599665750028,43.11588641903863,-87.9506670108877,43.02815858561159,2020-07-17,1,19.0
55079001600,55079080100,-88.01599665750028,43.11588641903863,-87.89773689723896,43.0955518884228,2020-07-17,1,19.0
55079001600,55079006000,-88.01599665750028,43.11588641903863,-87.97554005335066,43.067947929210746,2020-07-17,1,19.0
55079001600,55079091200,-88.01599665750028,43.11588641903863,-88.00388284004167,43.0467075980639,2020-07-17,3,59.0
55079001600,55079100500,-88.01599665750028,43.11588641903863,-88.02674691869541,43.01326660162138,2020-07-17,1,19.0
55079001600,55079020100,-88.01599665750028,43.11588641903863,-87.94099671150566,42.988482506396224,2020-07-17,1,19.0
55079001600,55079001400,-88.01599665750028,43.11588641903863,-88.01656972395298,43.130900969315825,2020-07-17,2,39.0
55079001600,55079002800,-88.01599665750028,43.11588641903863,-87.97141961541004,43.10830621321033,2020-07-17,1,19.0
55079001600,55079006800,-88.01599665750028,43.11588641903863,-87.92500216567623,43.079683301494654,2020-07-17,2,39.0
55079001600,55079100900,-88.01599665750028,43.11588641903863,-88.05216898532913,43.00959788353506,2020-07-17,1,19.0
55079001600,55079007000,-88.01599665750028,43.11588641903863,-87.91122456687498,43.07424564740019,2020-07-17,1,19.0
55079001600,55079101100,-88.01599665750028,43.11588641903863,-88.04276904850849,42.99420752845147,2020-07-17,1,19.0
55079001600,55079140201,-88.01599665750028,43.11588641903863,-87.99911426080601,42.93902100763907,2020-07-17,2,39.0
55079001600,55079091400,-88.01599665750028,43.11588641903863,-87.99383660813824,43.04031315098078,2020-07-17,1,19.0
55079001600,55079003300,-88.01599665750028,43.11588641903863,-88.0173066794685,43.1010408446094,2020-07-17,6,118.0
55079001600,55079001600,-88.01599665750028,43.11588641903863,-88.01599665750028,43.11588641903863,2020-07-17,124,2446.0
55079001600,55079003600,-88.01599665750028,43.11588641903863,-87.98321131530031,43.092736225323044,2020-07-17,4,78.0
55079001600,55079003800,-88.01599665750028,43.11588641903863,-87.97215356169055,43.086187842345545,2020-07-17,2,39.0
55079001600,55079014400,-88.01599665750028,43.11588641903863,-87.90784049253895,43.042413401572134,2020-07-17,1,19.0
55079001600,55079150100,-88.01599665750028,43.11588641903863,-87.97759713310646,42.91424119290261,2020-07-17,1,19.0
55079001600,55079001800,-88.01599665750028,43.11588641903863,-87.99853790291819,43.115847306484916,2020-07-17,2,39.0
55079001600,55079003400,-88.01599665750028,43.11588641903863,-88.02444287795417,43.0934576342605,2020-07-17,1,19.0
55079001600,55079002900,-88.01599665750028,43.11588641903863,-87.98131890013833,43.108341188298006,2020-07-17,1,19.0
55079001600,55079101800,-88.01599665750028,43.11588641903863,-88.00969812606968,42.99373426381014,2020-07-17,1,19.0
55079001600,55079050102,-88.01599665750028,43.11588641903863,-87.96743569232115,43.172443064752215,2020-07-17,1,19.0
55079001600,55079006300,-88.01599665750028,43.11588641903863,-87.95229119818997,43.07635281761954,2020-07-17,2,39.0
55079001600,55079185700,-88.01599665750028,43.11588641903863,-87.91471207902771,43.06752585199898,2020-07-17,1,19.0
55079001600,55079000700,-88.01599665750028,43.11588641903863,-87.99009583376943,43.15588909293765,2020-07-17,3,59.0
55079001600,55079100200,-88.01599665750028,43.11588641903863,-87.99137992566246,43.01460892403096,2020-07-17,1,19.0
55079001600,55079003100,-88.01599665750028,43.11588641903863,-87.98607018194353,43.10091760946077,2020-07-17,1,19.0
55079001600,55079005900,-88.01599665750028,43.11588641903863,-87.98523579862835,43.06821108392844,2020-07-17,1,19.0
55079001600,55079006600,-88.01599665750028,43.11588641903863,-87.93135214789555,43.075399167305534,2020-07-17,1,19.0
55079001600,55079009800,-88.01599665750028,43.11588641903863,-87.95409571434068,43.059778012269526,2020-07-17,1,19.0
55079001600,55079000900,-88.01599665750028,43.11588641903863,-87.95566887882444,43.14970170326806,2020-07-17,1,19.0
55079001600,55079001300,-88.01599665750028,43.11588641903863,-87.99843350448002,43.126783535933505,2020-07-17,6,118.0
55079001600,55079001700,-88.01599665750028,43.11588641903863,-88.01621221830194,43.10855887721336,2020-07-17,4,78.0
55079001600,55079004200,-88.01599665750028,43.11588641903863,-87.94544782159862,43.09516547779425,2020-07-17,3,59.0
55079001600,55079001500,-88.01599665750028,43.11588641903863,-88.01520145334699,43.123754077777434,2020-07-17,2,39.0
55079001600,55079000201,-88.01599665750028,43.11588641903863,-88.0472441211064,43.1799495757708,2020-07-17,1,19.0
55079001600,55079004700,-88.01599665750028,43.11588641903863,-87.94760565609727,43.08576787197636,2020-07-17,1,19.0
55079001600,55079150303,-88.01599665750028,43.11588641903863,-88.02312771344377,42.88960646488504,2020-07-17,1,19.0
55079001600,55079002600,-88.01599665750028,43.11588641903863,-87.96192834607115,43.10067420371696,2020-07-17,1,19.0
55079001600,55079009000,-88.01599665750028,43.11588641903863,-87.9610837883489,43.060355868415826,2020-07-17,1,19.0
55079001600,55079000304,-88.01599665750028,43.11588641903863,-88.02644618111368,43.14364069729464,2020-07-17,3,59.0
55079001600,55079001900,-88.01599665750028,43.11588641903863,-87.98367415791445,43.115686316787006,2020-07-17,3,59.0
55079001600,55079009600,-88.01599665750028,43.11588641903863,-87.96486502955395,43.05277336645368,2020-07-17,1,19.0
55079001600,55079019300,-88.01599665750028,43.11588641903863,-87.99612754588766,42.99498021323571,2020-07-17,1,19.0
55079001600,55079004100,-88.01599665750028,43.11588641903863,-87.95681147526382,43.0940907627305,2020-07-17,3,59.0
55079001600,55079170100,-88.01599665750028,43.11588641903863,-87.84892368656588,42.919583500675934,2020-07-17,1,19.0
55079001600,55079101200,-88.01599665750028,43.11588641903863,-88.02772831407549,42.99180235090393,2020-07-17,1,19.0
55079001600,55079185600,-88.01599665750028,43.11588641903863,-87.91469071944607,43.06026722158336,2020-07-17,2,39.0
55079001600,55079004900,-88.01599665750028,43.11588641903863,-87.97231517837423,43.077061406485264,2020-07-17,3,59.0
55079001600,55079012900,-88.01599665750028,43.11588641903863,-87.99989477924994,43.028140622580246,2020-07-17,2,39.0
55079001600,55079006400,-88.01599665750028,43.11588641903863,-87.94234792087695,43.07421796319209,2020-07-17,1,19.0
55079001600,55079012200,-88.01599665750028,43.11588641903863,-87.95271101560115,43.04866661559741,2020-07-17,1,19.0
55079001600,55079006100,-88.01599665750028,43.11588641903863,-87.96847508739953,43.06791249267312,2020-07-17,1,19.0
55079001600,55079001000,-88.01599665750028,43.11588641903863,-87.95348314468296,43.12464896388482,2020-07-17,1,19.0
55079001600,55079009300,-88.01599665750028,43.11588641903863,-87.98314520393755,43.060746025032145,2020-07-17,2,39.0
55079001600,55079003000,-88.01599665750028,43.11588641903863,-87.99619059962126,43.10851035065769,2020-07-17,5,98.0
55079001600,55079006500,-88.01599665750028,43.11588641903863,-87.94229465456391,43.0797331466399,2020-07-17,1,19.0
55079001600,55079013000,-88.01599665750028,43.11588641903863,-87.9876687698922,43.02770173765977,2020-07-17,1,19.0
55079001600,55079008800,-88.01599665750028,43.11588641903863,-87.94617084834631,43.06788862375971,2020-07-17,2,39.0
55079001600,55079006900,-88.01599665750028,43.11588641903863,-87.91078185483303,43.07979537793229,2020-07-17,1,19.0
55079003500,55079002100,-87.99830093777771,43.09359369867719,-87.95315716160212,43.115529640428136,2020-07-17,2,46.0
55079003500,55079002400,-87.99830093777771,43.09359369867719,-87.95188617843814,43.106404380820805,2020-07-17,1,23.0
55079003500,55079004300,-87.99830093777771,43.09359369867719,-87.93220867621264,43.094799127568905,2020-07-17,2,46.0
55079003500,55079012800,-87.99830093777771,43.09359369867719,-88.03145321223326,43.03059221584991,2020-07-17,1,23.0
55079003500,55079100700,-87.99830093777771,43.09359369867719,-88.03788629567484,43.0213025080197,2020-07-17,1,23.0
55079003500,55079000101,-87.99830093777771,43.09359369867719,-88.00922083481396,43.18510784936368,2020-07-17,2,46.0
55079003500,55079000102,-87.99830093777771,43.09359369867719,-88.01167859828367,43.164645145767146,2020-07-17,2,46.0
55079003500,55079000202,-87.99830093777771,43.09359369867719,-88.04132965001602,43.160382512849615,2020-07-17,3,69.0
55079003500,55079011400,-87.99830093777771,43.09359369867719,-87.9106574898586,43.05269479350376,2020-07-17,1,23.0
55079003500,55079110100,-87.99830093777771,43.09359369867719,-87.9710022364233,43.012448953036525,2020-07-17,1,23.0
55079003500,55079101000,-87.99830093777771,43.09359369867719,-88.05764456171738,42.99173938525954,2020-07-17,1,23.0
55079003500,55079160100,-87.99830093777771,43.09359369867719,-87.91471599062149,42.91513941042769,2020-07-17,3,69.0
55079003500,55079000600,-87.99830093777771,43.09359369867719,-88.00190569680801,43.14010292722225,2020-07-17,4,93.0
55079003500,55079050101,-87.99830093777771,43.09359369867719,-87.98494662348081,43.17683059907653,2020-07-17,2,46.0
55079003500,55079090300,-87.99830093777771,43.09359369867719,-88.0515779905257,43.06739040507833,2020-07-17,5,116.0
55079003500,55079186300,-87.99830093777771,43.09359369867719,-87.91799927397663,43.040616743150025,2020-07-17,1,23.0
55079003500,55079012400,-87.99830093777771,43.09359369867719,-87.97680856828566,43.04580144948212,2020-07-17,1,23.0
55079003500,55079090200,-87.99830093777771,43.09359369867719,-88.05200796218348,43.081902180003375,2020-07-17,9,209.0
55079003500,55079160300,-87.99830093777771,43.09359369867719,-87.8893867076047,42.856940087232964,2020-07-17,1,23.0
55079003500,55079000501,-87.99830093777771,43.09359369867719,-88.04340002069712,43.115390222488664,2020-07-17,4,93.0
55079003500,55079001200,-87.99830093777771,43.09359369867719,-87.98620080987179,43.12617611256525,2020-07-17,2,46.0
55079003500,55079002700,-87.99830093777771,43.09359369867719,-87.97176690626681,43.100825271475365,2020-07-17,1,23.0
55079003500,55079003500,-87.99830093777771,43.09359369867719,-87.99830093777771,43.09359369867719,2020-07-17,137,3188.0
55079003500,55079003200,-87.99830093777771,43.09359369867719,-88.00111189801154,43.10115852758208,2020-07-17,3,69.0
55079003500,55079005300,-87.99830093777771,43.09359369867719,-88.01242727702714,43.07892288175221,2020-07-17,2,46.0
55079003500,55079060101,-87.99830093777771,43.09359369867719,-87.92535691568614,43.13950788268824,2020-07-17,2,46.0
55079003500,55079090600,-87.99830093777771,43.09359369867719,-88.05435154566402,43.03795832032663,2020-07-17,1,23.0
55079003500,55079185300,-87.99830093777771,43.09359369867719,-88.04265402690729,43.049880154873065,2020-07-17,1,23.0
55079003500,55079120502,-87.99830093777771,43.09359369867719,-87.96510992081555,42.95304728304586,2020-07-17,1,23.0
55079003500,55079000800,-87.99830093777771,43.09359369867719,-87.97372753660457,43.14064967469203,2020-07-17,3,69.0
55079003500,55079004000,-87.99830093777771,43.09359369867719,-87.97205846198321,43.09342306765945,2020-07-17,2,46.0
55079003500,55079005400,-87.99830093777771,43.09359369867719,-88.02259608100492,43.0824437803151,2020-07-17,1,23.0
55079003500,55079000400,-87.99830093777771,43.09359369867719,-88.05554472050937,43.110954423820296,2020-07-17,2,46.0
55079003500,55079000502,-87.99830093777771,43.09359369867719,-88.03128731150349,43.12480634966938,2020-07-17,2,46.0
55079003500,55079186800,-87.99830093777771,43.09359369867719,-87.9506670108877,43.02815858561159,2020-07-17,2,46.0
55079003500,55079160203,-87.99830093777771,43.09359369867719,-87.91638950191752,42.89402789790319,2020-07-17,1,23.0
55079003500,55079091200,-87.99830093777771,43.09359369867719,-88.00388284004167,43.0467075980639,2020-07-17,3,69.0
55079003500,55079001400,-87.99830093777771,43.09359369867719,-88.01656972395298,43.130900969315825,2020-07-17,1,23.0
55079003500,55079002800,-87.99830093777771,43.09359369867719,-87.97141961541004,43.10830621321033,2020-07-17,1,23.0
55079003500,55079006800,-87.99830093777771,43.09359369867719,-87.92500216567623,43.079683301494654,2020-07-17,1,23.0
55079003500,55079001600,-87.99830093777771,43.09359369867719,-88.01599665750028,43.11588641903863,2020-07-17,1,23.0
55079003500,55079120101,-87.99830093777771,43.09359369867719,-88.04814010007517,42.95916305909443,2020-07-17,1,23.0
55079003500,55079091100,-87.99830093777771,43.09359369867719,-88.00381885772617,43.05493775558714,2020-07-17,1,23.0
55079003500,55079003600,-87.99830093777771,43.09359369867719,-87.98321131530031,43.092736225323044,2020-07-17,7,162.0
55079003500,55079003800,-87.99830093777771,43.09359369867719,-87.97215356169055,43.086187842345545,2020-07-17,1,23.0
55079003500,55079014400,-87.99830093777771,43.09359369867719,-87.90784049253895,43.042413401572134,2020-07-17,1,23.0
55079003500,55079021600,-87.99830093777771,43.09359369867719,-87.92488475274558,42.952251222261935,2020-07-17,1,23.0
55079003500,55079001800,-87.99830093777771,43.09359369867719,-87.99853790291819,43.115847306484916,2020-07-17,2,46.0
55079003500,55079003400,-87.99830093777771,43.09359369867719,-88.02444287795417,43.0934576342605,2020-07-17,4,93.0
55079003500,55079035200,-87.99830093777771,43.09359369867719,-87.9070718018067,43.16012040860922,2020-07-17,2,46.0
55079003500,55079002900,-87.99830093777771,43.09359369867719,-87.98131890013833,43.108341188298006,2020-07-17,1,23.0
55079003500,55079019600,-87.99830093777771,43.09359369867719,-88.00769668957767,42.984657216409644,2020-07-17,1,23.0
55079003500,55079050102,-87.99830093777771,43.09359369867719,-87.96743569232115,43.172443064752215,2020-07-17,3,69.0
55079003500,55079019500,-87.99830093777771,43.09359369867719,-88.02769031152603,42.97732706705707,2020-07-17,1,23.0
55079003500,55079000700,-87.99830093777771,43.09359369867719,-87.99009583376943,43.15588909293765,2020-07-17,1,23.0
55079003500,55079003100,-87.99830093777771,43.09359369867719,-87.98607018194353,43.10091760946077,2020-07-17,3,69.0
55079003500,55079007600,-87.99830093777771,43.09359369867719,-87.87859580944733,43.06399812725538,2020-07-17,1,23.0
55079003500,55079000900,-87.99830093777771,43.09359369867719,-87.95566887882444,43.14970170326806,2020-07-17,3,69.0
55079003500,55079001300,-87.99830093777771,43.09359369867719,-87.99843350448002,43.126783535933505,2020-07-17,2,46.0
55079003500,55079001700,-87.99830093777771,43.09359369867719,-88.01621221830194,43.10855887721336,2020-07-17,2,46.0
55079003500,55079004200,-87.99830093777771,43.09359369867719,-87.94544782159862,43.09516547779425,2020-07-17,1,23.0
55079003500,55079014900,-87.99830093777771,43.09359369867719,-87.94481830610269,43.03704436935605,2020-07-17,1,23.0
55079003500,55079001500,-87.99830093777771,43.09359369867719,-88.01520145334699,43.123754077777434,2020-07-17,1,23.0
55079003500,55079003900,-87.99830093777771,43.09359369867719,-87.96215160813261,43.086172227530916,2020-07-17,1,23.0
55079003500,55079004700,-87.99830093777771,43.09359369867719,-87.94760565609727,43.08576787197636,2020-07-17,1,23.0
55079003500,55079002600,-87.99830093777771,43.09359369867719,-87.96192834607115,43.10067420371696,2020-07-17,1,23.0
55079003500,55079000304,-87.99830093777771,43.09359369867719,-88.02644618111368,43.14364069729464,2020-07-17,2,46.0
55079003500,55079001900,-87.99830093777771,43.09359369867719,-87.98367415791445,43.115686316787006,2020-07-17,3,69.0
55079003500,55079003700,-87.99830093777771,43.09359369867719,-87.98336380852676,43.08546039091554,2020-07-17,3,69.0
55079003500,55079001100,-87.99830093777771,43.09359369867719,-87.96901390366762,43.127689901740844,2020-07-17,1,23.0
55079003500,55079101300,-87.99830093777771,43.09359369867719,-88.02770018483265,42.99907770295741,2020-07-17,1,23.0
55079003500,55079004100,-87.99830093777771,43.09359369867719,-87.95681147526382,43.0940907627305,2020-07-17,1,23.0
55079003500,55079185600,-87.99830093777771,43.09359369867719,-87.91469071944607,43.06026722158336,2020-07-17,1,23.0
55079003500,55079060102,-87.99830093777771,43.09359369867719,-87.93974960524739,43.148654535590595,2020-07-17,1,23.0
55079003500,55079007400,-87.99830093777771,43.09359369867719,-87.87216855868374,43.078043126250115,2020-07-17,1,23.0
55079003500,55079012200,-87.99830093777771,43.09359369867719,-87.95271101560115,43.04866661559741,2020-07-17,1,23.0
55079003500,55079006100,-87.99830093777771,43.09359369867719,-87.96847508739953,43.06791249267312,2020-07-17,1,23.0
55079003500,55079001000,-87.99830093777771,43.09359369867719,-87.95348314468296,43.12464896388482,2020-07-17,2,46.0
55079003500,55079009300,-87.99830093777771,43.09359369867719,-87.98314520393755,43.060746025032145,2020-07-17,1,23.0
55079003500,55079009900,-87.99830093777771,43.09359369867719,-87.94630275235495,43.060274421469344,2020-07-17,1,23.0
55079003500,55079003000,-87.99830093777771,43.09359369867719,-87.99619059962126,43.10851035065769,2020-07-17,2,46.0
55079003500,55079008600,-87.99830093777771,43.09359369867719,-87.93517868399437,43.06762170689756,2020-07-17,2,46.0
55079003500,55079009700,-87.99830093777771,43.09359369867719,-87.95262115062044,43.05393954073114,2020-07-17,1,23.0
55079003800,55079004300,-87.97215356169055,43.086187842345545,-87.93220867621264,43.094799127568905,2020-07-17,2,50.0
55079003800,55079060200,-87.97215356169055,43.086187842345545,-87.9245165328896,43.11556508690733,2020-07-17,1,25.0
55079003800,55079004400,-87.97215356169055,43.086187842345545,-87.90608569163814,43.089298213737145,2020-07-17,1,25.0
55079003800,55079012800,-87.97215356169055,43.086187842345545,-88.03145321223326,43.03059221584991,2020-07-17,1,25.0
55079003800,55079000101,-87.97215356169055,43.086187842345545,-88.00922083481396,43.18510784936368,2020-07-17,1,25.0
55079003800,55079110100,-87.97215356169055,43.086187842345545,-87.9710022364233,43.012448953036525,2020-07-17,3,75.0
55079003800,55079101000,-87.97215356169055,43.086187842345545,-88.05764456171738,42.99173938525954,2020-07-17,2,50.0
55079003800,55079090300,-87.97215356169055,43.086187842345545,-88.0515779905257,43.06739040507833,2020-07-17,1,25.0
55079003800,55079186300,-87.97215356169055,43.086187842345545,-87.91799927397663,43.040616743150025,2020-07-17,1,25.0
55079003800,55079012400,-87.97215356169055,43.086187842345545,-87.97680856828566,43.04580144948212,2020-07-17,1,25.0
55079003800,55079021700,-87.97215356169055,43.086187842345545,-87.91312462574102,42.94052513723052,2020-07-17,1,25.0
55079003800,55079090200,-87.97215356169055,43.086187842345545,-88.05200796218348,43.081902180003375,2020-07-17,3,75.0
55079003800,55079003500,-87.97215356169055,43.086187842345545,-87.99830093777771,43.09359369867719,2020-07-17,2,50.0
55079003800,55079004800,-87.97215356169055,43.086187842345545,-87.96231596301399,43.077035360461494,2020-07-17,4,100.0
55079003800,55079185900,-87.97215356169055,43.086187842345545,-87.93229166080955,43.05383765471328,2020-07-17,1,25.0
55079003800,55079186000,-87.97215356169055,43.086187842345545,-87.92039854147795,43.053956957431964,2020-07-17,1,25.0
55079003800,55079000302,-87.97215356169055,43.086187842345545,-88.04649688617519,43.13922972061493,2020-07-17,1,25.0
55079003800,55079090600,-87.97215356169055,43.086187842345545,-88.05435154566402,43.03795832032663,2020-07-17,1,25.0
55079003800,55079120502,-87.97215356169055,43.086187842345545,-87.96510992081555,42.95304728304586,2020-07-17,1,25.0
55079003800,55079020800,-87.97215356169055,43.086187842345545,-87.87636299879055,42.985307292991365,2020-07-17,1,25.0
55079003800,55079187400,-87.97215356169055,43.086187842345545,-87.90767949876499,43.03217517915639,2020-07-17,1,25.0
55079003800,55079004000,-87.97215356169055,43.086187842345545,-87.97205846198321,43.09342306765945,2020-07-17,1,25.0
55079003800,55079004600,-87.97215356169055,43.086187842345545,-87.9321086251029,43.08569057130924,2020-07-17,1,25.0
55079003800,55079005400,-87.97215356169055,43.086187842345545,-88.02259608100492,43.0824437803151,2020-07-17,1,25.0
55079003800,55079000400,-87.97215356169055,43.086187842345545,-88.05554472050937,43.110954423820296,2020-07-17,1,25.0
55079003800,55079000502,-87.97215356169055,43.086187842345545,-88.03128731150349,43.12480634966938,2020-07-17,1,25.0
55079003800,55079006200,-87.97215356169055,43.086187842345545,-87.96097127315564,43.067902782244275,2020-07-17,1,25.0
55079003800,55079160204,-87.97215356169055,43.086187842345545,-87.9317944903397,42.879700165258704,2020-07-17,1,25.0
55079003800,55079186800,-87.97215356169055,43.086187842345545,-87.9506670108877,43.02815858561159,2020-07-17,1,25.0
55079003800,55079006000,-87.97215356169055,43.086187842345545,-87.97554005335066,43.067947929210746,2020-07-17,1,25.0
55079003800,55079091200,-87.97215356169055,43.086187842345545,-88.00388284004167,43.0467075980639,2020-07-17,2,50.0
55079003800,55079020100,-87.97215356169055,43.086187842345545,-87.94099671150566,42.988482506396224,2020-07-17,1,25.0
55079003800,55079005000,-87.97215356169055,43.086187842345545,-87.98327608357046,43.07665137069942,2020-07-17,2,50.0
55079003800,55079001400,-87.97215356169055,43.086187842345545,-88.01656972395298,43.130900969315825,2020-07-17,1,25.0
55079003800,55079007000,-87.97215356169055,43.086187842345545,-87.91122456687498,43.07424564740019,2020-07-17,1,25.0
55079003800,55079101100,-87.97215356169055,43.086187842345545,-88.04276904850849,42.99420752845147,2020-07-17,1,25.0
55079003800,55079091400,-87.97215356169055,43.086187842345545,-87.99383660813824,43.04031315098078,2020-07-17,1,25.0
55079003800,55079003300,-87.97215356169055,43.086187842345545,-88.0173066794685,43.1010408446094,2020-07-17,2,50.0
55079003800,55079001600,-87.97215356169055,43.086187842345545,-88.01599665750028,43.11588641903863,2020-07-17,1,25.0
55079003800,55079120101,-87.97215356169055,43.086187842345545,-88.04814010007517,42.95916305909443,2020-07-17,1,25.0
55079003800,55079030100,-87.97215356169055,43.086187842345545,-87.89837270942148,43.1819862198906,2020-07-17,1,25.0
55079003800,55079003600,-87.97215356169055,43.086187842345545,-87.98321131530031,43.092736225323044,2020-07-17,5,125.0
55079003800,55079003800,-87.97215356169055,43.086187842345545,-87.97215356169055,43.086187842345545,2020-07-17,72,1806.0
55079003800,55079018000,-87.97215356169055,43.086187842345545,-87.8945288084346,43.01098558683315,2020-07-17,1,25.0
55079003800,55079187000,-87.97215356169055,43.086187842345545,-87.88728455831759,43.05530607398437,2020-07-17,1,25.0
55079003800,55079130100,-87.97215356169055,43.086187842345545,-88.04407902007586,42.942752065148895,2020-07-17,2,50.0
55079003800,55079100800,-87.97215356169055,43.086187842345545,-88.05710943935104,43.023654444193184,2020-07-17,1,25.0
55079003800,55079015800,-87.97215356169055,43.086187842345545,-87.93761636287321,43.021659379009066,2020-07-17,1,25.0
55079003800,55079006300,-87.97215356169055,43.086187842345545,-87.95229119818997,43.07635281761954,2020-07-17,1,25.0
55079003800,55079185700,-87.97215356169055,43.086187842345545,-87.91471207902771,43.06752585199898,2020-07-17,1,25.0
55079003800,55079000700,-87.97215356169055,43.086187842345545,-87.99009583376943,43.15588909293765,2020-07-17,1,25.0
55079003800,55079007600,-87.97215356169055,43.086187842345545,-87.87859580944733,43.06399812725538,2020-07-17,1,25.0
55079003800,55079002000,-87.97215356169055,43.086187842345545,-87.96815137233186,43.115621500302275,2020-07-17,1,25.0
55079003800,55079000201,-87.97215356169055,43.086187842345545,-88.0472441211064,43.1799495757708,2020-07-17,1,25.0
55079003800,55079018200,-87.97215356169055,43.086187842345545,-87.87369831321716,42.99249911585218,2020-07-17,1,25.0
55079003800,55079004700,-87.97215356169055,43.086187842345545,-87.94760565609727,43.08576787197636,2020-07-17,1,25.0
55079003800,55079002600,-87.97215356169055,43.086187842345545,-87.96192834607115,43.10067420371696,2020-07-17,1,25.0
55079003800,55079013700,-87.97215356169055,43.086187842345545,-87.94529508707278,43.04229912697773,2020-07-17,1,25.0
55079003800,55079001900,-87.97215356169055,43.086187842345545,-87.98367415791445,43.115686316787006,2020-07-17,1,25.0
55079003800,55079003700,-87.97215356169055,43.086187842345545,-87.98336380852676,43.08546039091554,2020-07-17,4,100.0
55079003800,55079009600,-87.97215356169055,43.086187842345545,-87.96486502955395,43.05277336645368,2020-07-17,1,25.0
55079003800,55079005100,-87.97215356169055,43.086187842345545,-87.99757698420609,43.08261869423604,2020-07-17,2,50.0
55079003800,55079014800,-87.97215356169055,43.086187842345545,-87.9402035907502,43.042125624825495,2020-07-17,1,25.0
55079003800,55079060102,-87.97215356169055,43.086187842345545,-87.93974960524739,43.148654535590595,2020-07-17,1,25.0
55079003800,55079004900,-87.97215356169055,43.086187842345545,-87.97231517837423,43.077061406485264,2020-07-17,3,75.0
55079003800,55079009200,-87.97215356169055,43.086187842345545,-87.97560474362125,43.06069020349929,2020-07-17,1,25.0
55079003800,55079006400,-87.97215356169055,43.086187842345545,-87.94234792087695,43.07421796319209,2020-07-17,1,25.0
55079003800,55079000303,-87.97215356169055,43.086187842345545,-88.04588241201564,43.12968529312476,2020-07-17,1,25.0
55079003800,55079001000,-87.97215356169055,43.086187842345545,-87.95348314468296,43.12464896388482,2020-07-17,3,75.0
55079003800,55079120300,-87.97215356169055,43.086187842345545,-87.97376432533524,42.98091406493879,2020-07-17,1,25.0
55079003800,55079009300,-87.97215356169055,43.086187842345545,-87.98314520393755,43.060746025032145,2020-07-17,1,25.0
55079003800,55079009900,-87.97215356169055,43.086187842345545,-87.94630275235495,43.060274421469344,2020-07-17,1,25.0
55079003800,55079006500,-87.97215356169055,43.086187842345545,-87.94229465456391,43.0797331466399,2020-07-17,1,25.0
55079003800,55079008700,-87.97215356169055,43.086187842345545,-87.93997122125838,43.06781436915486,2020-07-17,1,25.0
55079003900,55079020000,-87.96215160813261,43.086172227530916,-87.95273620994368,42.98405311376188,2020-07-17,3,72.0
55079003900,55079002400,-87.96215160813261,43.086172227530916,-87.95188617843814,43.106404380820805,2020-07-17,2,48.0
55079003900,55079004300,-87.96215160813261,43.086172227530916,-87.93220867621264,43.094799127568905,2020-07-17,1,24.0
55079003900,55079004400,-87.96215160813261,43.086172227530916,-87.90608569163814,43.089298213737145,2020-07-17,2,48.0
55079003900,55079004500,-87.96215160813261,43.086172227530916,-87.92226909278084,43.08550885272536,2020-07-17,1,24.0
55079003900,55079019000,-87.96215160813261,43.086172227530916,-87.967877289968,42.995496154489715,2020-07-17,2,48.0
55079003900,55079000101,-87.96215160813261,43.086172227530916,-88.00922083481396,43.18510784936368,2020-07-17,2,48.0
55079003900,55079000102,-87.96215160813261,43.086172227530916,-88.01167859828367,43.164645145767146,2020-07-17,2,48.0
55079003900,55079000202,-87.96215160813261,43.086172227530916,-88.04132965001602,43.160382512849615,2020-07-17,1,24.0
55079003900,55079002300,-87.96215160813261,43.086172227530916,-87.93621856893152,43.105985427841645,2020-07-17,1,24.0
55079003900,55079011400,-87.96215160813261,43.086172227530916,-87.9106574898586,43.05269479350376,2020-07-17,1,24.0
55079003900,55079110100,-87.96215160813261,43.086172227530916,-87.9710022364233,43.012448953036525,2020-07-17,6,145.0
55079003900,55079000600,-87.96215160813261,43.086172227530916,-88.00190569680801,43.14010292722225,2020-07-17,3,72.0
55079003900,55079050101,-87.96215160813261,43.086172227530916,-87.98494662348081,43.17683059907653,2020-07-17,1,24.0
55079003900,55079090300,-87.96215160813261,43.086172227530916,-88.0515779905257,43.06739040507833,2020-07-17,5,121.0
55079003900,55079021700,-87.96215160813261,43.086172227530916,-87.91312462574102,42.94052513723052,2020-07-17,1,24.0
55079003900,55079090200,-87.96215160813261,43.086172227530916,-88.05200796218348,43.081902180003375,2020-07-17,1,24.0
55079003900,55079120203,-87.96215160813261,43.086172227530916,-88.00776394431053,42.95694649923871,2020-07-17,1,24.0
55079003900,55079018400,-87.96215160813261,43.086172227530916,-87.90417459790928,42.9917062933768,2020-07-17,1,24.0
55079003900,55079000501,-87.96215160813261,43.086172227530916,-88.04340002069712,43.115390222488664,2020-07-17,4,97.0
55079003900,55079001200,-87.96215160813261,43.086172227530916,-87.98620080987179,43.12617611256525,2020-07-17,1,24.0
55079003900,55079002700,-87.96215160813261,43.086172227530916,-87.97176690626681,43.100825271475365,2020-07-17,1,24.0
55079003900,55079003500,-87.96215160813261,43.086172227530916,-87.99830093777771,43.09359369867719,2020-07-17,1,24.0
55079003900,55079004800,-87.96215160813261,43.086172227530916,-87.96231596301399,43.077035360461494,2020-07-17,3,72.0
55079003900,55079003200,-87.96215160813261,43.086172227530916,-88.00111189801154,43.10115852758208,2020-07-17,1,24.0
55079003900,55079185500,-87.96215160813261,43.086172227530916,-87.92624880733425,43.0601763240656,2020-07-17,1,24.0
55079003900,55079090600,-87.96215160813261,43.086172227530916,-88.05435154566402,43.03795832032663,2020-07-17,1,24.0
55079003900,55079185300,-87.96215160813261,43.086172227530916,-88.04265402690729,43.049880154873065,2020-07-17,1,24.0
55079003900,55079187400,-87.96215160813261,43.086172227530916,-87.90767949876499,43.03217517915639,2020-07-17,1,24.0
55079003900,55079004000,-87.96215160813261,43.086172227530916,-87.97205846198321,43.09342306765945,2020-07-17,1,24.0
55079003900,55079004600,-87.96215160813261,43.086172227530916,-87.9321086251029,43.08569057130924,2020-07-17,1,24.0
55079003900,55079000400,-87.96215160813261,43.086172227530916,-88.05554472050937,43.110954423820296,2020-07-17,1,24.0
55079003900,55079160204,-87.96215160813261,43.086172227530916,-87.9317944903397,42.879700165258704,2020-07-17,1,24.0
55079003900,55079005000,-87.96215160813261,43.086172227530916,-87.98327608357046,43.07665137069942,2020-07-17,1,24.0
55079003900,55079003300,-87.96215160813261,43.086172227530916,-88.0173066794685,43.1010408446094,2020-07-17,2,48.0
55079003900,55079001600,-87.96215160813261,43.086172227530916,-88.01599665750028,43.11588641903863,2020-07-17,1,24.0
55079003900,55079003600,-87.96215160813261,43.086172227530916,-87.98321131530031,43.092736225323044,2020-07-17,3,72.0
55079003900,55079003800,-87.96215160813261,43.086172227530916,-87.97215356169055,43.086187842345545,2020-07-17,4,97.0
55079003900,55079014400,-87.96215160813261,43.086172227530916,-87.90784049253895,43.042413401572134,2020-07-17,1,24.0
55079003900,55079100400,-87.96215160813261,43.086172227530916,-88.01166560297426,43.0170103539625,2020-07-17,1,24.0
55079003900,55079150100,-87.96215160813261,43.086172227530916,-87.97759713310646,42.91424119290261,2020-07-17,2,48.0
55079003900,55079001800,-87.96215160813261,43.086172227530916,-87.99853790291819,43.115847306484916,2020-07-17,1,24.0
55079003900,55079003400,-87.96215160813261,43.086172227530916,-88.02444287795417,43.0934576342605,2020-07-17,1,24.0
55079003900,55079005500,-87.96215160813261,43.086172227530916,-88.03284541742188,43.08237006688624,2020-07-17,1,24.0
55079003900,55079035200,-87.96215160813261,43.086172227530916,-87.9070718018067,43.16012040860922,2020-07-17,2,48.0
55079003900,55079021300,-87.96215160813261,43.086172227530916,-87.93877469638159,42.970224160413096,2020-07-17,1,24.0
55079003900,55079002900,-87.96215160813261,43.086172227530916,-87.98131890013833,43.108341188298006,2020-07-17,1,24.0
55079003900,55079050102,-87.96215160813261,43.086172227530916,-87.96743569232115,43.172443064752215,2020-07-17,1,24.0
55079003900,55079006300,-87.96215160813261,43.086172227530916,-87.95229119818997,43.07635281761954,2020-07-17,1,24.0
55079003900,55079185700,-87.96215160813261,43.086172227530916,-87.91471207902771,43.06752585199898,2020-07-17,1,24.0
55079003900,55079101700,-87.96215160813261,43.086172227530916,-88.00697190300957,43.00173437379505,2020-07-17,1,24.0
55079003900,55079020400,-87.96215160813261,43.086172227530916,-87.9300852632457,42.98834002972675,2020-07-17,1,24.0
55079003900,55079100200,-87.96215160813261,43.086172227530916,-87.99137992566246,43.01460892403096,2020-07-17,3,72.0
55079003900,55079006600,-87.96215160813261,43.086172227530916,-87.93135214789555,43.075399167305534,2020-07-17,1,24.0
55079003900,55079007600,-87.96215160813261,43.086172227530916,-87.87859580944733,43.06399812725538,2020-07-17,1,24.0
55079003900,55079000900,-87.96215160813261,43.086172227530916,-87.95566887882444,43.14970170326806,2020-07-17,2,48.0
55079003900,55079020300,-87.96215160813261,43.086172227530916,-87.92658964497383,42.979242665655576,2020-07-17,1,24.0
55079003900,55079004200,-87.96215160813261,43.086172227530916,-87.94544782159862,43.09516547779425,2020-07-17,3,72.0
55079003900,55079003900,-87.96215160813261,43.086172227530916,-87.96215160813261,43.086172227530916,2020-07-17,86,2087.0
55079003900,55079000201,-87.96215160813261,43.086172227530916,-88.0472441211064,43.1799495757708,2020-07-17,1,24.0
55079003900,55079007800,-87.96215160813261,43.086172227530916,-87.88801504624632,43.07075279367613,2020-07-17,1,24.0
55079003900,55079004700,-87.96215160813261,43.086172227530916,-87.94760565609727,43.08576787197636,2020-07-17,4,97.0
55079003900,55079016000,-87.96215160813261,43.086172227530916,-87.95725941865898,43.02137414837421,2020-07-17,1,24.0
55079003900,55079016400,-87.96215160813261,43.086172227530916,-87.92777599229481,43.01665943799343,2020-07-17,1,24.0
55079003900,55079009000,-87.96215160813261,43.086172227530916,-87.9610837883489,43.060355868415826,2020-07-17,3,72.0
55079003900,55079010600,-87.96215160813261,43.086172227530916,-87.90749884397533,43.060136167504425,2020-07-17,2,48.0
55079003900,55079013700,-87.96215160813261,43.086172227530916,-87.94529508707278,43.04229912697773,2020-07-17,2,48.0
55079003900,55079003700,-87.96215160813261,43.086172227530916,-87.98336380852676,43.08546039091554,2020-07-17,2,48.0
55079003900,55079009600,-87.96215160813261,43.086172227530916,-87.96486502955395,43.05277336645368,2020-07-17,1,24.0
55079003900,55079004100,-87.96215160813261,43.086172227530916,-87.95681147526382,43.0940907627305,2020-07-17,4,97.0
55079003900,55079091000,-87.96215160813261,43.086172227530916,-87.99705672432205,43.06433297165757,2020-07-17,1,24.0
55079003900,55079185800,-87.96215160813261,43.086172227530916,-87.94265216254213,43.0538687550207,2020-07-17,1,24.0
55079003900,55079005100,-87.96215160813261,43.086172227530916,-87.99757698420609,43.08261869423604,2020-07-17,1,24.0
55079003900,55079014800,-87.96215160813261,43.086172227530916,-87.9402035907502,43.042125624825495,2020-07-17,1,24.0
55079003900,55079004900,-87.96215160813261,43.086172227530916,-87.97231517837423,43.077061406485264,2020-07-17,1,24.0
55079003900,55079008000,-87.96215160813261,43.086172227530916,-87.90282982859381,43.067480284048756,2020-07-17,1,24.0
55079003900,55079006100,-87.96215160813261,43.086172227530916,-87.96847508739953,43.06791249267312,2020-07-17,1,24.0
55079003900,55079001000,-87.96215160813261,43.086172227530916,-87.95348314468296,43.12464896388482,2020-07-17,1,24.0
55079003900,55079003000,-87.96215160813261,43.086172227530916,-87.99619059962126,43.10851035065769,2020-07-17,3,72.0
55079003900,55079185400,-87.96215160813261,43.086172227530916,-87.93768935592728,43.06023552955454,2020-07-17,2,48.0
55079003900,55079008800,-87.96215160813261,43.086172227530916,-87.94617084834631,43.06788862375971,2020-07-17,1,24.0
55079003900,55079006900,-87.96215160813261,43.086172227530916,-87.91078185483303,43.07979537793229,2020-07-17,1,24.0
55079003900,55079013500,-87.96215160813261,43.086172227530916,-87.9526122313311,43.040147622140005,2020-07-17,1,24.0
55079009200,55079002400,-87.97560474362125,43.06069020349929,-87.95188617843814,43.106404380820805,2020-07-17,1,20.0
55079009200,55079000102,-87.97560474362125,43.06069020349929,-88.01167859828367,43.164645145767146,2020-07-17,3,61.0
55079009200,55079000202,-87.97560474362125,43.06069020349929,-88.04132965001602,43.160382512849615,2020-07-17,1,20.0
55079009200,55079002300,-87.97560474362125,43.06069020349929,-87.93621856893152,43.105985427841645,2020-07-17,1,20.0
55079009200,55079110100,-87.97560474362125,43.06069020349929,-87.9710022364233,43.012448953036525,2020-07-17,7,142.0
55079009200,55079018100,-87.97560474362125,43.06069020349929,-87.88469234682039,42.998709042311724,2020-07-17,1,20.0
55079009200,55079000600,-87.97560474362125,43.06069020349929,-88.00190569680801,43.14010292722225,2020-07-17,1,20.0
55079009200,55079090300,-87.97560474362125,43.06069020349929,-88.0515779905257,43.06739040507833,2020-07-17,3,61.0
55079009200,55079186300,-87.97560474362125,43.06069020349929,-87.91799927397663,43.040616743150025,2020-07-17,1,20.0
55079009200,55079090200,-87.97560474362125,43.06069020349929,-88.05200796218348,43.081902180003375,2020-07-17,1,20.0
55079009200,55079090900,-87.97560474362125,43.06069020349929,-88.00270912368009,43.06124682618238,2020-07-17,1,20.0
55079009200,55079120400,-87.97560474362125,43.06069020349929,-87.96548496050795,42.96670427425607,2020-07-17,1,20.0
55079009200,55079160300,-87.97560474362125,43.06069020349929,-87.8893867076047,42.856940087232964,2020-07-17,1,20.0
55079009200,55079019400,-87.97560474362125,43.06069020349929,-88.02755647500341,42.984577749923744,2020-07-17,1,20.0
55079009200,55079003500,-87.97560474362125,43.06069020349929,-87.99830093777771,43.09359369867719,2020-07-17,3,61.0
55079009200,55079004800,-87.97560474362125,43.06069020349929,-87.96231596301399,43.077035360461494,2020-07-17,1,20.0
55079009200,55079009500,-87.97560474362125,43.06069020349929,-87.97530476217976,43.0530114064315,2020-07-17,2,40.0
55079009200,55079090600,-87.97560474362125,43.06069020349929,-88.05435154566402,43.03795832032663,2020-07-17,1,20.0
55079009200,55079014700,-87.97560474362125,43.06069020349929,-87.93551340137516,43.042200823908786,2020-07-17,2,40.0
55079009200,55079020800,-87.97560474362125,43.06069020349929,-87.87636299879055,42.985307292991365,2020-07-17,1,20.0
55079009200,55079012500,-87.97560474362125,43.06069020349929,-87.97654888060033,43.037091021714275,2020-07-17,1,20.0
55079009200,55079004600,-87.97560474362125,43.06069020349929,-87.9321086251029,43.08569057130924,2020-07-17,1,20.0
55079009200,55079006200,-87.97560474362125,43.06069020349929,-87.96097127315564,43.067902782244275,2020-07-17,1,20.0
55079009200,55079160204,-87.97560474362125,43.06069020349929,-87.9317944903397,42.879700165258704,2020-07-17,1,20.0
55079009200,55079006000,-87.97560474362125,43.06069020349929,-87.97554005335066,43.067947929210746,2020-07-17,3,61.0
55079009200,55079160203,-87.97560474362125,43.06069020349929,-87.91638950191752,42.89402789790319,2020-07-17,1,20.0
55079009200,55079091200,-87.97560474362125,43.06069020349929,-88.00388284004167,43.0467075980639,2020-07-17,2,40.0
55079009200,55079160202,-87.97560474362125,43.06069020349929,-87.87217546542965,42.881379330302295,2020-07-17,1,20.0
55079009200,55079100900,-87.97560474362125,43.06069020349929,-88.05216898532913,43.00959788353506,2020-07-17,2,40.0
55079009200,55079013600,-87.97560474362125,43.06069020349929,-87.9527511611333,43.04369545920421,2020-07-17,1,20.0
55079009200,55079140201,-87.97560474362125,43.06069020349929,-87.99911426080601,42.93902100763907,2020-07-17,1,20.0
55079009200,55079003600,-87.97560474362125,43.06069020349929,-87.98321131530031,43.092736225323044,2020-07-17,2,40.0
55079009200,55079021600,-87.97560474362125,43.06069020349929,-87.92488475274558,42.952251222261935,2020-07-17,1,20.0
55079009200,55079001800,-87.97560474362125,43.06069020349929,-87.99853790291819,43.115847306484916,2020-07-17,1,20.0
55079009200,55079003400,-87.97560474362125,43.06069020349929,-88.02444287795417,43.0934576342605,2020-07-17,1,20.0
55079009200,55079005500,-87.97560474362125,43.06069020349929,-88.03284541742188,43.08237006688624,2020-07-17,1,20.0
55079009200,55079005800,-87.97560474362125,43.06069020349929,-87.99994620357029,43.072303413103626,2020-07-17,1,20.0
55079009200,55079002900,-87.97560474362125,43.06069020349929,-87.98131890013833,43.108341188298006,2020-07-17,3,61.0
55079009200,55079101800,-87.97560474362125,43.06069020349929,-88.00969812606968,42.99373426381014,2020-07-17,1,20.0
55079009200,55079120201,-87.97560474362125,43.06069020349929,-88.01868214174351,42.96737507435749,2020-07-17,1,20.0
55079009200,55079006300,-87.97560474362125,43.06069020349929,-87.95229119818997,43.07635281761954,2020-07-17,2,40.0
55079009200,55079005700,-87.97560474362125,43.06069020349929,-88.01309831915184,43.07138814037072,2020-07-17,1,20.0
55079009200,55079005900,-87.97560474362125,43.06069020349929,-87.98523579862835,43.06821108392844,2020-07-17,2,40.0
55079009200,55079009800,-87.97560474362125,43.06069020349929,-87.95409571434068,43.059778012269526,2020-07-17,1,20.0
55079009200,55079000900,-87.97560474362125,43.06069020349929,-87.95566887882444,43.14970170326806,2020-07-17,1,20.0
55079009200,55079001700,-87.97560474362125,43.06069020349929,-88.01621221830194,43.10855887721336,2020-07-17,1,20.0
55079009200,55079017400,-87.97560474362125,43.06069020349929,-87.9382983850757,43.00476614107047,2020-07-17,1,20.0
55079009200,55079120202,-87.97560474362125,43.06069020349929,-87.99868084532402,42.965848843600455,2020-07-17,1,20.0
55079009200,55079000201,-87.97560474362125,43.06069020349929,-88.0472441211064,43.1799495757708,2020-07-17,1,20.0
55079009200,55079007800,-87.97560474362125,43.06069020349929,-87.88801504624632,43.07075279367613,2020-07-17,2,40.0
55079009200,55079009000,-87.97560474362125,43.06069020349929,-87.9610837883489,43.060355868415826,2020-07-17,2,40.0
55079009200,55079009100,-87.97560474362125,43.06069020349929,-87.96852806703085,43.060675408064526,2020-07-17,2,40.0
55079009200,55079013700,-87.97560474362125,43.06069020349929,-87.94529508707278,43.04229912697773,2020-07-17,1,20.0
55079009200,55079018300,-87.97560474362125,43.06069020349929,-87.89285805580873,42.991354183119796,2020-07-17,1,20.0
55079009200,55079001100,-87.97560474362125,43.06069020349929,-87.96901390366762,43.127689901740844,2020-07-17,1,20.0
55079009200,55079009600,-87.97560474362125,43.06069020349929,-87.96486502955395,43.05277336645368,2020-07-17,1,20.0
55079009200,55079008900,-87.97560474362125,43.06069020349929,-87.95337828163817,43.06706338271535,2020-07-17,1,20.0
55079009200,55079004100,-87.97560474362125,43.06069020349929,-87.95681147526382,43.0940907627305,2020-07-17,1,20.0
55079009200,55079100300,-87.97560474362125,43.06069020349929,-88.00316709835943,43.017354422985534,2020-07-17,1,20.0
55079009200,55079101200,-87.97560474362125,43.06069020349929,-88.02772831407549,42.99180235090393,2020-07-17,1,20.0
55079009200,55079185600,-87.97560474362125,43.06069020349929,-87.91469071944607,43.06026722158336,2020-07-17,2,40.0
55079009200,55079005100,-87.97560474362125,43.06069020349929,-87.99757698420609,43.08261869423604,2020-07-17,3,61.0
55079009200,55079004900,-87.97560474362125,43.06069020349929,-87.97231517837423,43.077061406485264,2020-07-17,2,40.0
55079009200,55079009200,-87.97560474362125,43.06069020349929,-87.97560474362125,43.06069020349929,2020-07-17,74,1508.0
55079009200,55079000301,-87.97560474362125,43.06069020349929,-88.06021668804352,43.1363311013577,2020-07-17,1,20.0
55079009200,55079186100,-87.97560474362125,43.06069020349929,-87.94279275484007,43.048652729679134,2020-07-17,1,20.0
55079009200,55079012200,-87.97560474362125,43.06069020349929,-87.95271101560115,43.04866661559741,2020-07-17,1,20.0
55079009200,55079001000,-87.97560474362125,43.06069020349929,-87.95348314468296,43.12464896388482,2020-07-17,1,20.0
55079009200,55079009300,-87.97560474362125,43.06069020349929,-87.98314520393755,43.060746025032145,2020-07-17,2,40.0
55079009200,55079002200,-87.97560474362125,43.06069020349929,-87.9335870089048,43.11469059411332,2020-07-17,1,20.0
55079009200,55079009900,-87.97560474362125,43.06069020349929,-87.94630275235495,43.060274421469344,2020-07-17,2,40.0
55079009200,55079003000,-87.97560474362125,43.06069020349929,-87.99619059962126,43.10851035065769,2020-07-17,1,20.0
55079009200,55079006500,-87.97560474362125,43.06069020349929,-87.94229465456391,43.0797331466399,2020-07-17,1,20.0
55079009200,55079006900,-87.97560474362125,43.06069020349929,-87.91078185483303,43.07979537793229,2020-07-17,1,20.0
55079009200,55079013500,-87.97560474362125,43.06069020349929,-87.9526122313311,43.040147622140005,2020-07-17,1,20.0
55079011200,55079020000,-87.89756439120579,43.055476240018415,-87.95273620994368,42.98405311376188,2020-07-17,1,23.0
55079011200,55079060200,-87.89756439120579,43.055476240018415,-87.9245165328896,43.11556508690733,2020-07-17,1,23.0
55079011200,55079004400,-87.89756439120579,43.055476240018415,-87.90608569163814,43.089298213737145,2020-07-17,2,47.0
55079011200,55079012800,-87.89756439120579,43.055476240018415,-88.03145321223326,43.03059221584991,2020-07-17,1,23.0
55079011200,55079091300,-87.89756439120579,43.055476240018415,-88.0097444924032,43.037871666045895,2020-07-17,2,47.0
55079011200,55079000102,-87.89756439120579,43.055476240018415,-88.01167859828367,43.164645145767146,2020-07-17,1,23.0
55079011200,55079002300,-87.89756439120579,43.055476240018415,-87.93621856893152,43.105985427841645,2020-07-17,1,23.0
55079011200,55079010800,-87.89756439120579,43.055476240018415,-87.88986181293924,43.05733829509928,2020-07-17,8,191.0
55079011200,55079011200,-87.89756439120579,43.055476240018415,-87.89756439120579,43.055476240018415,2020-07-17,79,1893.0
55079011200,55079110100,-87.89756439120579,43.055476240018415,-87.9710022364233,43.012448953036525,2020-07-17,1,23.0
55079011200,55079160100,-87.89756439120579,43.055476240018415,-87.91471599062149,42.91513941042769,2020-07-17,1,23.0
55079011200,55079000600,-87.89756439120579,43.055476240018415,-88.00190569680801,43.14010292722225,2020-07-17,1,23.0
55079011200,55079050101,-87.89756439120579,43.055476240018415,-87.98494662348081,43.17683059907653,2020-07-17,1,23.0
55079011200,55079090300,-87.89756439120579,43.055476240018415,-88.0515779905257,43.06739040507833,2020-07-17,1,23.0
55079011200,55079101600,-87.89756439120579,43.055476240018415,-87.98881839806968,43.003113634057684,2020-07-17,1,23.0
55079011200,55079186300,-87.89756439120579,43.055476240018415,-87.91799927397663,43.040616743150025,2020-07-17,2,47.0
55079011200,55079021700,-87.89756439120579,43.055476240018415,-87.91312462574102,42.94052513723052,2020-07-17,1,23.0
55079011200,55079120501,-87.89756439120579,43.055476240018415,-87.96680035551529,42.94072396992586,2020-07-17,1,23.0
55079011200,55079090200,-87.89756439120579,43.055476240018415,-88.05200796218348,43.081902180003375,2020-07-17,1,23.0
55079011200,55079160300,-87.89756439120579,43.055476240018415,-87.8893867076047,42.856940087232964,2020-07-17,2,47.0
55079011200,55079004800,-87.89756439120579,43.055476240018415,-87.96231596301399,43.077035360461494,2020-07-17,1,23.0
55079011200,55079186000,-87.89756439120579,43.055476240018415,-87.92039854147795,43.053956957431964,2020-07-17,1,23.0
55079011200,55079021400,-87.89756439120579,43.055476240018415,-87.93891709359613,42.96295890378409,2020-07-17,1,23.0
55079011200,55079060101,-87.89756439120579,43.055476240018415,-87.92535691568614,43.13950788268824,2020-07-17,1,23.0
55079011200,55079185500,-87.89756439120579,43.055476240018415,-87.92624880733425,43.0601763240656,2020-07-17,1,23.0
55079011200,55079080300,-87.89756439120579,43.055476240018415,-87.87475616434764,43.089996653126924,2020-07-17,2,47.0
55079011200,55079185300,-87.89756439120579,43.055476240018415,-88.04265402690729,43.049880154873065,2020-07-17,1,23.0
55079011200,55079187400,-87.89756439120579,43.055476240018415,-87.90767949876499,43.03217517915639,2020-07-17,3,71.0
55079011200,55079180500,-87.89756439120579,43.055476240018415,-87.87471526249948,42.93725893299447,2020-07-17,1,23.0
55079011200,55079004600,-87.89756439120579,43.055476240018415,-87.9321086251029,43.08569057130924,2020-07-17,1,23.0
55079011200,55079160204,-87.89756439120579,43.055476240018415,-87.9317944903397,42.879700165258704,2020-07-17,1,23.0
55079011200,55079187200,-87.89756439120579,43.055476240018415,-88.00769048889484,42.863813659193866,2020-07-17,1,23.0
55079011200,55079160203,-87.89756439120579,43.055476240018415,-87.91638950191752,42.89402789790319,2020-07-17,1,23.0
55079011200,55079020100,-87.89756439120579,43.055476240018415,-87.94099671150566,42.988482506396224,2020-07-17,1,23.0
55079011200,55079005000,-87.89756439120579,43.055476240018415,-87.98327608357046,43.07665137069942,2020-07-17,1,23.0
55079011200,55079007000,-87.89756439120579,43.055476240018415,-87.91122456687498,43.07424564740019,2020-07-17,1,23.0
55079011200,55079101100,-87.89756439120579,43.055476240018415,-88.04276904850849,42.99420752845147,2020-07-17,1,23.0
55079011200,55079008500,-87.89756439120579,43.055476240018415,-87.9298714910033,43.06776123229879,2020-07-17,1,23.0
55079011200,55079070100,-87.89756439120579,43.055476240018415,-87.9076583493148,43.12063010988105,2020-07-17,1,23.0
55079011200,55079007700,-87.89756439120579,43.055476240018415,-87.88849935823362,43.06389053422122,2020-07-17,3,71.0
55079011200,55079008100,-87.89756439120579,43.055476240018415,-87.90743836658615,43.067471782486706,2020-07-17,1,23.0
55079011200,55079003600,-87.89756439120579,43.055476240018415,-87.98321131530031,43.092736225323044,2020-07-17,1,23.0
55079011200,55079011300,-87.89756439120579,43.055476240018415,-87.90713298111844,43.04890661506502,2020-07-17,3,71.0
55079011200,55079014400,-87.89756439120579,43.055476240018415,-87.90784049253895,43.042413401572134,2020-07-17,5,119.0
55079011200,55079070200,-87.89756439120579,43.055476240018415,-87.8919112738197,43.1133970416122,2020-07-17,1,23.0
55079011200,55079150100,-87.89756439120579,43.055476240018415,-87.97759713310646,42.91424119290261,2020-07-17,1,23.0
55079011200,55079001800,-87.89756439120579,43.055476240018415,-87.99853790291819,43.115847306484916,2020-07-17,1,23.0
55079011200,55079187000,-87.89756439120579,43.055476240018415,-87.88728455831759,43.05530607398437,2020-07-17,2,47.0
55079011200,55079016600,-87.89756439120579,43.055476240018415,-87.9139279223807,43.010028166006215,2020-07-17,1,23.0
55079011200,55079050102,-87.89756439120579,43.055476240018415,-87.96743569232115,43.172443064752215,2020-07-17,1,23.0
55079011200,55079019500,-87.89756439120579,43.055476240018415,-88.02769031152603,42.97732706705707,2020-07-17,1,23.0
55079011200,55079007900,-87.89756439120579,43.055476240018415,-87.89683936352995,43.06599950452746,2020-07-17,1,23.0
55079011200,55079006300,-87.89756439120579,43.055476240018415,-87.95229119818997,43.07635281761954,2020-07-17,2,47.0
55079011200,55079101500,-87.89756439120579,43.055476240018415,-88.00747595996755,43.007126720391405,2020-07-17,1,23.0
55079011200,55079010700,-87.89756439120579,43.055476240018415,-87.90095083433016,43.0597678010215,2020-07-17,5,119.0
55079011200,55079100200,-87.89756439120579,43.055476240018415,-87.99137992566246,43.01460892403096,2020-07-17,1,23.0
55079011200,55079003100,-87.89756439120579,43.055476240018415,-87.98607018194353,43.10091760946077,2020-07-17,1,23.0
55079011200,55079012600,-87.89756439120579,43.055476240018415,-87.99443577770006,43.034032251200934,2020-07-17,1,23.0
55079011200,55079007200,-87.89756439120579,43.055476240018415,-87.89788270005259,43.07774402945858,2020-07-17,1,23.0
55079011200,55079020300,-87.89756439120579,43.055476240018415,-87.92658964497383,42.979242665655576,2020-07-17,1,23.0
55079011200,55079080400,-87.89756439120579,43.055476240018415,-87.88848724040903,43.08594082590386,2020-07-17,1,23.0
55079011200,55079018200,-87.89756439120579,43.055476240018415,-87.87369831321716,42.99249911585218,2020-07-17,2,47.0
55079011200,55079020500,-87.89756439120579,43.055476240018415,-87.92272370744391,42.988321496925906,2020-07-17,1,23.0
55079011200,55079010600,-87.89756439120579,43.055476240018415,-87.90749884397533,43.060136167504425,2020-07-17,2,47.0
55079011200,55079016500,-87.89756439120579,43.055476240018415,-87.91153110922029,43.01579142211555,2020-07-17,1,23.0
55079011200,55079170100,-87.89756439120579,43.055476240018415,-87.84892368656588,42.919583500675934,2020-07-17,1,23.0
55079011200,55079013400,-87.89756439120579,43.055476240018415,-87.95356038604784,43.03496530197635,2020-07-17,1,23.0
55079011200,55079021800,-87.89756439120579,43.055476240018415,-87.95694377227925,42.94079756603018,2020-07-17,1,23.0
55079011200,55079170600,-87.89756439120579,43.055476240018415,-87.86320935056827,42.907724102777856,2020-07-17,1,23.0
55079011200,55079060102,-87.89756439120579,43.055476240018415,-87.93974960524739,43.148654535590595,2020-07-17,1,23.0
55079011200,55079006400,-87.89756439120579,43.055476240018415,-87.94234792087695,43.07421796319209,2020-07-17,1,23.0
55079011200,55079008400,-87.89756439120579,43.055476240018415,-87.92332577697063,43.067583013115005,2020-07-17,1,23.0
55079011200,55079185400,-87.89756439120579,43.055476240018415,-87.93768935592728,43.06023552955454,2020-07-17,1,23.0
55079014100,55079020000,-87.92097269793881,43.04863570292668,-87.95273620994368,42.98405311376188,2020-07-17,2,38.0
55079014100,55079060200,-87.92097269793881,43.04863570292668,-87.9245165328896,43.11556508690733,2020-07-17,1,19.0
55079014100,55079004400,-87.92097269793881,43.04863570292668,-87.90608569163814,43.089298213737145,2020-07-17,1,19.0
55079014100,55079000202,-87.92097269793881,43.04863570292668,-88.04132965001602,43.160382512849615,2020-07-17,1,19.0
55079014100,55079010800,-87.92097269793881,43.04863570292668,-87.88986181293924,43.05733829509928,2020-07-17,1,19.0
55079014100,55079110100,-87.92097269793881,43.04863570292668,-87.9710022364233,43.012448953036525,2020-07-17,4,76.0
55079014100,55079101000,-87.92097269793881,43.04863570292668,-88.05764456171738,42.99173938525954,2020-07-17,1,19.0
55079014100,55079186300,-87.92097269793881,43.04863570292668,-87.91799927397663,43.040616743150025,2020-07-17,6,114.0
55079014100,55079019100,-87.92097269793881,43.04863570292668,-87.96549351619066,42.982165146288615,2020-07-17,1,19.0
55079014100,55079120203,-87.92097269793881,43.04863570292668,-88.00776394431053,42.95694649923871,2020-07-17,1,19.0
55079014100,55079160300,-87.92097269793881,43.04863570292668,-87.8893867076047,42.856940087232964,2020-07-17,1,19.0
55079014100,55079001200,-87.92097269793881,43.04863570292668,-87.98620080987179,43.12617611256525,2020-07-17,1,19.0
55079014100,55079186000,-87.92097269793881,43.04863570292668,-87.92039854147795,43.053956957431964,2020-07-17,2,38.0
55079014100,55079185500,-87.92097269793881,43.04863570292668,-87.92624880733425,43.0601763240656,2020-07-17,2,38.0
55079014100,55079090600,-87.92097269793881,43.04863570292668,-88.05435154566402,43.03795832032663,2020-07-17,2,38.0
55079014100,55079014700,-87.92097269793881,43.04863570292668,-87.93551340137516,43.042200823908786,2020-07-17,2,38.0
55079014100,55079187400,-87.92097269793881,43.04863570292668,-87.90767949876499,43.03217517915639,2020-07-17,2,38.0
55079014100,55079186800,-87.92097269793881,43.04863570292668,-87.9506670108877,43.02815858561159,2020-07-17,1,19.0
55079014100,55079160203,-87.92097269793881,43.04863570292668,-87.91638950191752,42.89402789790319,2020-07-17,1,19.0
55079014100,55079091200,-87.92097269793881,43.04863570292668,-88.00388284004167,43.0467075980639,2020-07-17,1,19.0
55079014100,55079100900,-87.92097269793881,43.04863570292668,-88.05216898532913,43.00959788353506,2020-07-17,1,19.0
55079014100,55079007000,-87.92097269793881,43.04863570292668,-87.91122456687498,43.07424564740019,2020-07-17,1,19.0
55079014100,55079013600,-87.92097269793881,43.04863570292668,-87.9527511611333,43.04369545920421,2020-07-17,1,19.0
55079014100,55079186500,-87.92097269793881,43.04863570292668,-87.9130303085029,43.02319729476483,2020-07-17,1,19.0
55079014100,55079008500,-87.92097269793881,43.04863570292668,-87.9298714910033,43.06776123229879,2020-07-17,1,19.0
55079014100,55079070100,-87.92097269793881,43.04863570292668,-87.9076583493148,43.12063010988105,2020-07-17,1,19.0
55079014100,55079030100,-87.92097269793881,43.04863570292668,-87.89837270942148,43.1819862198906,2020-07-17,1,19.0
55079014100,55079008100,-87.92097269793881,43.04863570292668,-87.90743836658615,43.067471782486706,2020-07-17,1,19.0
55079014100,55079003600,-87.92097269793881,43.04863570292668,-87.98321131530031,43.092736225323044,2020-07-17,1,19.0
55079014100,55079035100,-87.92097269793881,43.04863570292668,-87.89285549776399,43.15380150659221,2020-07-17,1,19.0
55079014100,55079011300,-87.92097269793881,43.04863570292668,-87.90713298111844,43.04890661506502,2020-07-17,2,38.0
55079014100,55079014400,-87.92097269793881,43.04863570292668,-87.90784049253895,43.042413401572134,2020-07-17,1,19.0
55079014100,55079150100,-87.92097269793881,43.04863570292668,-87.97759713310646,42.91424119290261,2020-07-17,1,19.0
55079014100,55079001800,-87.92097269793881,43.04863570292668,-87.99853790291819,43.115847306484916,2020-07-17,1,19.0
55079014100,55079120102,-87.92097269793881,43.04863570292668,-88.04966546230908,42.97409794368699,2020-07-17,1,19.0
55079014100,55079014100,-87.92097269793881,43.04863570292668,-87.92097269793881,43.04863570292668,2020-07-17,63,1205.0
55079014100,55079180300,-87.92097269793881,43.04863570292668,-87.87005593266791,42.951885652862586,2020-07-17,1,19.0
55079014100,55079185100,-87.92097269793881,43.04863570292668,-87.86132764015301,42.9760744263621,2020-07-17,1,19.0
55079014100,55079185700,-87.92097269793881,43.04863570292668,-87.91471207902771,43.06752585199898,2020-07-17,1,19.0
55079014100,55079000700,-87.92097269793881,43.04863570292668,-87.99009583376943,43.15588909293765,2020-07-17,1,19.0
55079014100,55079009800,-87.92097269793881,43.04863570292668,-87.95409571434068,43.059778012269526,2020-07-17,2,38.0
55079014100,55079016700,-87.92097269793881,43.04863570292668,-87.92209519609614,43.010301162214034,2020-07-17,1,19.0
55079014100,55079011000,-87.92097269793881,43.04863570292668,-87.89727240641399,43.050053518943756,2020-07-17,1,19.0
55079014100,55079014900,-87.92097269793881,43.04863570292668,-87.94481830610269,43.03704436935605,2020-07-17,1,19.0
55079014100,55079018500,-87.92097269793881,43.04863570292668,-87.91439743752404,42.98441904059949,2020-07-17,1,19.0
55079014100,55079016000,-87.92097269793881,43.04863570292668,-87.95725941865898,43.02137414837421,2020-07-17,1,19.0
55079014100,55079009000,-87.92097269793881,43.04863570292668,-87.9610837883489,43.060355868415826,2020-07-17,1,19.0
55079014100,55079001900,-87.92097269793881,43.04863570292668,-87.98367415791445,43.115686316787006,2020-07-17,1,19.0
55079014100,55079003700,-87.92097269793881,43.04863570292668,-87.98336380852676,43.08546039091554,2020-07-17,1,19.0
55079014100,55079101300,-87.92097269793881,43.04863570292668,-88.02770018483265,42.99907770295741,2020-07-17,1,19.0
55079014100,55079008900,-87.92097269793881,43.04863570292668,-87.95337828163817,43.06706338271535,2020-07-17,1,19.0
55079014100,55079004100,-87.92097269793881,43.04863570292668,-87.95681147526382,43.0940907627305,2020-07-17,1,19.0
55079014100,55079185600,-87.92097269793881,43.04863570292668,-87.91469071944607,43.06026722158336,2020-07-17,1,19.0
55079014100,55079185200,-87.92097269793881,43.04863570292668,-87.88193798921913,42.967674094622936,2020-07-17,1,19.0
55079014100,55079060102,-87.92097269793881,43.04863570292668,-87.93974960524739,43.148654535590595,2020-07-17,1,19.0
55079014100,55079004900,-87.92097269793881,43.04863570292668,-87.97231517837423,43.077061406485264,2020-07-17,1,19.0
55079014100,55079009200,-87.92097269793881,43.04863570292668,-87.97560474362125,43.06069020349929,2020-07-17,1,19.0
55079014100,55079006400,-87.92097269793881,43.04863570292668,-87.94234792087695,43.07421796319209,2020-07-17,2,38.0
55079014100,55079001000,-87.92097269793881,43.04863570292668,-87.95348314468296,43.12464896388482,2020-07-17,1,19.0
55079014100,55079120300,-87.92097269793881,43.04863570292668,-87.97376432533524,42.98091406493879,2020-07-17,1,19.0
55079014100,55079185400,-87.92097269793881,43.04863570292668,-87.93768935592728,43.06023552955454,2020-07-17,1,19.0
55079014100,55079008800,-87.92097269793881,43.04863570292668,-87.94617084834631,43.06788862375971,2020-07-17,1,19.0
55079014100,55079006900,-87.92097269793881,43.04863570292668,-87.91078185483303,43.07979537793229,2020-07-17,1,19.0
55079017000,55079020000,-87.9475259715867,43.01041841584858,-87.95273620994368,42.98405311376188,2020-07-17,9,320.0
55079017000,55079004400,-87.9475259715867,43.01041841584858,-87.90608569163814,43.089298213737145,2020-07-17,1,35.0
55079017000,55079012800,-87.9475259715867,43.01041841584858,-88.03145321223326,43.03059221584991,2020-07-17,1,35.0
55079017000,55079015700,-87.9475259715867,43.01041841584858,-87.92777138656925,43.021663598322064,2020-07-17,3,106.0
55079017000,55079019000,-87.9475259715867,43.01041841584858,-87.967877289968,42.995496154489715,2020-07-17,3,106.0
55079017000,55079100100,-87.9475259715867,43.01041841584858,-87.98598444052216,43.01659648927991,2020-07-17,1,35.0
55079017000,55079000202,-87.9475259715867,43.01041841584858,-88.04132965001602,43.160382512849615,2020-07-17,2,71.0
55079017000,55079010800,-87.9475259715867,43.01041841584858,-87.88986181293924,43.05733829509928,2020-07-17,1,35.0
55079017000,55079011200,-87.9475259715867,43.01041841584858,-87.89756439120579,43.055476240018415,2020-07-17,1,35.0
55079017000,55079110100,-87.9475259715867,43.01041841584858,-87.9710022364233,43.012448953036525,2020-07-17,16,569.0
55079017000,55079101000,-87.9475259715867,43.01041841584858,-88.05764456171738,42.99173938525954,2020-07-17,3,106.0
55079017000,55079021200,-87.9475259715867,43.01041841584858,-87.92101040508955,42.965284697357816,2020-07-17,1,35.0
55079017000,55079160100,-87.9475259715867,43.01041841584858,-87.91471599062149,42.91513941042769,2020-07-17,2,71.0
55079017000,55079101600,-87.9475259715867,43.01041841584858,-87.98881839806968,43.003113634057684,2020-07-17,1,35.0
55079017000,55079186300,-87.9475259715867,43.01041841584858,-87.91799927397663,43.040616743150025,2020-07-17,1,35.0
55079017000,55079012400,-87.9475259715867,43.01041841584858,-87.97680856828566,43.04580144948212,2020-07-17,1,35.0
55079017000,55079019100,-87.9475259715867,43.01041841584858,-87.96549351619066,42.982165146288615,2020-07-17,3,106.0
55079017000,55079090200,-87.9475259715867,43.01041841584858,-88.05200796218348,43.081902180003375,2020-07-17,2,71.0
55079017000,55079120400,-87.9475259715867,43.01041841584858,-87.96548496050795,42.96670427425607,2020-07-17,2,71.0
55079017000,55079120203,-87.9475259715867,43.01041841584858,-88.00776394431053,42.95694649923871,2020-07-17,7,249.0
55079017000,55079017300,-87.9475259715867,43.01041841584858,-87.94877202549131,43.0036525046766,2020-07-17,6,213.0
55079017000,55079019400,-87.9475259715867,43.01041841584858,-88.02755647500341,42.984577749923744,2020-07-17,1,35.0
55079017000,55079120502,-87.9475259715867,43.01041841584858,-87.96510992081555,42.95304728304586,2020-07-17,1,35.0
55079017000,55079020800,-87.9475259715867,43.01041841584858,-87.87636299879055,42.985307292991365,2020-07-17,2,71.0
55079017000,55079187400,-87.9475259715867,43.01041841584858,-87.90767949876499,43.03217517915639,2020-07-17,1,35.0
55079017000,55079186800,-87.9475259715867,43.01041841584858,-87.9506670108877,43.02815858561159,2020-07-17,3,106.0
55079017000,55079187200,-87.9475259715867,43.01041841584858,-88.00769048889484,42.863813659193866,2020-07-17,1,35.0
55079017000,55079006000,-87.9475259715867,43.01041841584858,-87.97554005335066,43.067947929210746,2020-07-17,1,35.0
55079017000,55079160203,-87.9475259715867,43.01041841584858,-87.91638950191752,42.89402789790319,2020-07-17,2,71.0
55079017000,55079100500,-87.9475259715867,43.01041841584858,-88.02674691869541,43.01326660162138,2020-07-17,1,35.0
55079017000,55079018900,-87.9475259715867,43.01041841584858,-87.95323213052187,42.995654122863776,2020-07-17,4,142.0
55079017000,55079020100,-87.9475259715867,43.01041841584858,-87.94099671150566,42.988482506396224,2020-07-17,5,178.0
55079017000,55079100900,-87.9475259715867,43.01041841584858,-88.05216898532913,43.00959788353506,2020-07-17,1,35.0
55079017000,55079140100,-87.9475259715867,43.01041841584858,-88.0188613886232,42.93745223479677,2020-07-17,3,106.0
55079017000,55079140201,-87.9475259715867,43.01041841584858,-87.99911426080601,42.93902100763907,2020-07-17,2,71.0
55079017000,55079017900,-87.9475259715867,43.01041841584858,-87.90503327479618,42.998772533253295,2020-07-17,3,106.0
55079017000,55079016800,-87.9475259715867,43.01041841584858,-87.92935001478907,43.01036042537408,2020-07-17,2,71.0
55079017000,55079120101,-87.9475259715867,43.01041841584858,-88.04814010007517,42.95916305909443,2020-07-17,1,35.0
55079017000,55079101400,-87.9475259715867,43.01041841584858,-88.02735540531337,43.00631524274058,2020-07-17,2,71.0
55079017000,55079007700,-87.9475259715867,43.01041841584858,-87.88849935823362,43.06389053422122,2020-07-17,1,35.0
55079017000,55079011300,-87.9475259715867,43.01041841584858,-87.90713298111844,43.04890661506502,2020-07-17,1,35.0
55079017000,55079014400,-87.9475259715867,43.01041841584858,-87.90784049253895,43.042413401572134,2020-07-17,1,35.0
55079017000,55079100400,-87.9475259715867,43.01041841584858,-88.01166560297426,43.0170103539625,2020-07-17,2,71.0
55079017000,55079018000,-87.9475259715867,43.01041841584858,-87.8945288084346,43.01098558683315,2020-07-17,1,35.0
55079017000,55079150100,-87.9475259715867,43.01041841584858,-87.97759713310646,42.91424119290261,2020-07-17,5,178.0
55079017000,55079021600,-87.9475259715867,43.01041841584858,-87.92488475274558,42.952251222261935,2020-07-17,2,71.0
55079017000,55079005500,-87.9475259715867,43.01041841584858,-88.03284541742188,43.08237006688624,2020-07-17,1,35.0
55079017000,55079016100,-87.9475259715867,43.01041841584858,-87.95946595975387,43.016089910899275,2020-07-17,2,71.0
55079017000,55079021300,-87.9475259715867,43.01041841584858,-87.93877469638159,42.970224160413096,2020-07-17,2,71.0
55079017000,55079130100,-87.9475259715867,43.01041841584858,-88.04407902007586,42.942752065148895,2020-07-17,2,71.0
55079017000,55079015800,-87.9475259715867,43.01041841584858,-87.93761636287321,43.021659379009066,2020-07-17,2,71.0
55079017000,55079016300,-87.9475259715867,43.01041841584858,-87.93764055272034,43.01572710315665,2020-07-17,3,106.0
55079017000,55079101500,-87.9475259715867,43.01041841584858,-88.00747595996755,43.007126720391405,2020-07-17,1,35.0
55079017000,55079101700,-87.9475259715867,43.01041841584858,-88.00697190300957,43.00173437379505,2020-07-17,1,35.0
55079017000,55079020400,-87.9475259715867,43.01041841584858,-87.9300852632457,42.98834002972675,2020-07-17,2,71.0
55079017000,55079100200,-87.9475259715867,43.01041841584858,-87.99137992566246,43.01460892403096,2020-07-17,5,178.0
55079017000,55079018800,-87.9475259715867,43.01041841584858,-87.94058386370827,42.99929639057026,2020-07-17,2,71.0
55079017000,55079186600,-87.9475259715867,43.01041841584858,-87.91355022125023,43.001384465822476,2020-07-17,1,35.0
55079017000,55079000201,-87.9475259715867,43.01041841584858,-88.0472441211064,43.1799495757708,2020-07-17,1,35.0
55079017000,55079018500,-87.9475259715867,43.01041841584858,-87.91439743752404,42.98441904059949,2020-07-17,3,106.0
55079017000,55079020200,-87.9475259715867,43.01041841584858,-87.94112496275925,42.977527635995024,2020-07-17,1,35.0
55079017000,55079016000,-87.9475259715867,43.01041841584858,-87.95725941865898,43.02137414837421,2020-07-17,1,35.0
55079017000,55079013700,-87.9475259715867,43.01041841584858,-87.94529508707278,43.04229912697773,2020-07-17,2,71.0
55079017000,55079018300,-87.9475259715867,43.01041841584858,-87.89285805580873,42.991354183119796,2020-07-17,1,35.0
55079017000,55079016500,-87.9475259715867,43.01041841584858,-87.91153110922029,43.01579142211555,2020-07-17,2,71.0
55079017000,55079017600,-87.9475259715867,43.01041841584858,-87.92236059293215,43.00280872383964,2020-07-17,1,35.0
55079017000,55079018700,-87.9475259715867,43.01041841584858,-87.92991431934564,42.995583237143,2020-07-17,1,35.0
55079017000,55079180200,-87.9475259715867,43.01041841584858,-87.85506992096182,42.95465467367753,2020-07-17,3,106.0
55079017000,55079009600,-87.9475259715867,43.01041841584858,-87.96486502955395,43.05277336645368,2020-07-17,3,106.0
55079017000,55079005100,-87.9475259715867,43.01041841584858,-87.99757698420609,43.08261869423604,2020-07-17,1,35.0
55079017000,55079170600,-87.9475259715867,43.01041841584858,-87.86320935056827,42.907724102777856,2020-07-17,1,35.0
55079017000,55079185200,-87.9475259715867,43.01041841584858,-87.88193798921913,42.967674094622936,2020-07-17,1,35.0
55079017000,55079012900,-87.9475259715867,43.01041841584858,-87.99989477924994,43.028140622580246,2020-07-17,2,71.0
55079017000,55079006400,-87.9475259715867,43.01041841584858,-87.94234792087695,43.07421796319209,2020-07-17,1,35.0
55079017000,55079016900,-87.9475259715867,43.01041841584858,-87.93770785693083,43.00951913559766,2020-07-17,3,106.0
55079017000,55079017100,-87.9475259715867,43.01041841584858,-87.95808412992528,43.01056521552099,2020-07-17,7,249.0
55079017000,55079120300,-87.9475259715867,43.01041841584858,-87.97376432533524,42.98091406493879,2020-07-17,1,35.0
55079017000,55079009300,-87.9475259715867,43.01041841584858,-87.98314520393755,43.060746025032145,2020-07-17,1,35.0
55079017000,55079017000,-87.9475259715867,43.01041841584858,-87.9475259715867,43.01041841584858,2020-07-17,131,4665.0
55079017000,55079015900,-87.9475259715867,43.01041841584858,-87.9473669417017,43.02159668337006,2020-07-17,2,71.0
55079030100,55079060200,-87.89837270942148,43.1819862198906,-87.9245165328896,43.11556508690733,2020-07-17,8,216.0
55079030100,55079000101,-87.89837270942148,43.1819862198906,-88.00922083481396,43.18510784936368,2020-07-17,3,81.0
55079030100,55079000202,-87.89837270942148,43.1819862198906,-88.04132965001602,43.160382512849615,2020-07-17,1,27.0
55079030100,55079010800,-87.89837270942148,43.1819862198906,-87.88986181293924,43.05733829509928,2020-07-17,2,54.0
55079030100,55079101000,-87.89837270942148,43.1819862198906,-88.05764456171738,42.99173938525954,2020-07-17,1,27.0
55079030100,55079160100,-87.89837270942148,43.1819862198906,-87.91471599062149,42.91513941042769,2020-07-17,2,54.0
55079030100,55079050101,-87.89837270942148,43.1819862198906,-87.98494662348081,43.17683059907653,2020-07-17,4,108.0
55079030100,55079090300,-87.89837270942148,43.1819862198906,-88.0515779905257,43.06739040507833,2020-07-17,2,54.0
55079030100,55079186300,-87.89837270942148,43.1819862198906,-87.91799927397663,43.040616743150025,2020-07-17,1,27.0
55079030100,55079070300,-87.89837270942148,43.1819862198906,-87.90380003116019,43.10631443965618,2020-07-17,2,54.0
55079030100,55079090100,-87.89837270942148,43.1819862198906,-88.04837730790923,43.0973204568905,2020-07-17,1,27.0
55079030100,55079002700,-87.89837270942148,43.1819862198906,-87.97176690626681,43.100825271475365,2020-07-17,2,54.0
55079030100,55079003500,-87.89837270942148,43.1819862198906,-87.99830093777771,43.09359369867719,2020-07-17,2,54.0
55079030100,55079004800,-87.89837270942148,43.1819862198906,-87.96231596301399,43.077035360461494,2020-07-17,1,27.0
55079030100,55079186000,-87.89837270942148,43.1819862198906,-87.92039854147795,43.053956957431964,2020-07-17,1,27.0
55079030100,55079003200,-87.89837270942148,43.1819862198906,-88.00111189801154,43.10115852758208,2020-07-17,2,54.0
55079030100,55079060101,-87.89837270942148,43.1819862198906,-87.92535691568614,43.13950788268824,2020-07-17,3,81.0
55079030100,55079090600,-87.89837270942148,43.1819862198906,-88.05435154566402,43.03795832032663,2020-07-17,2,54.0
55079030100,55079080300,-87.89837270942148,43.1819862198906,-87.87475616434764,43.089996653126924,2020-07-17,1,27.0
55079030100,55079120502,-87.89837270942148,43.1819862198906,-87.96510992081555,42.95304728304586,2020-07-17,1,27.0
55079030100,55079020800,-87.89837270942148,43.1819862198906,-87.87636299879055,42.985307292991365,2020-07-17,1,27.0
55079030100,55079187400,-87.89837270942148,43.1819862198906,-87.90767949876499,43.03217517915639,2020-07-17,1,27.0
55079030100,55079160204,-87.89837270942148,43.1819862198906,-87.9317944903397,42.879700165258704,2020-07-17,1,27.0
55079030100,55079186800,-87.89837270942148,43.1819862198906,-87.9506670108877,43.02815858561159,2020-07-17,1,27.0
55079030100,55079091200,-87.89837270942148,43.1819862198906,-88.00388284004167,43.0467075980639,2020-07-17,1,27.0
55079030100,55079160202,-87.89837270942148,43.1819862198906,-87.87217546542965,42.881379330302295,2020-07-17,1,27.0
55079030100,55079002800,-87.89837270942148,43.1819862198906,-87.97141961541004,43.10830621321033,2020-07-17,2,54.0
55079030100,55079101100,-87.89837270942148,43.1819862198906,-88.04276904850849,42.99420752845147,2020-07-17,1,27.0
55079030100,55079070100,-87.89837270942148,43.1819862198906,-87.9076583493148,43.12063010988105,2020-07-17,2,54.0
55079030100,55079030100,-87.89837270942148,43.1819862198906,-87.89837270942148,43.1819862198906,2020-07-17,151,4078.0
55079030100,55079040100,-87.89837270942148,43.1819862198906,-87.93527423095499,43.17163768621121,2020-07-17,2,54.0
55079030100,55079035100,-87.89837270942148,43.1819862198906,-87.89285549776399,43.15380150659221,2020-07-17,3,81.0
55079030100,55079035200,-87.89837270942148,43.1819862198906,-87.9070718018067,43.16012040860922,2020-07-17,13,351.0
55079030100,55079100800,-87.89837270942148,43.1819862198906,-88.05710943935104,43.023654444193184,2020-07-17,4,108.0
55079030100,55079120201,-87.89837270942148,43.1819862198906,-88.01868214174351,42.96737507435749,2020-07-17,1,27.0
55079030100,55079050102,-87.89837270942148,43.1819862198906,-87.96743569232115,43.172443064752215,2020-07-17,2,54.0
55079030100,55079007300,-87.89837270942148,43.1819862198906,-87.88807891595606,43.0779148594549,2020-07-17,2,54.0
55079030100,55079080200,-87.89837270942148,43.1819862198906,-87.8877423232882,43.0942616397457,2020-07-17,1,27.0
55079030100,55079000700,-87.89837270942148,43.1819862198906,-87.99009583376943,43.15588909293765,2020-07-17,1,27.0
55079030100,55079010700,-87.89837270942148,43.1819862198906,-87.90095083433016,43.0597678010215,2020-07-17,1,27.0
55079030100,55079007600,-87.89837270942148,43.1819862198906,-87.87859580944733,43.06399812725538,2020-07-17,1,27.0
55079030100,55079000900,-87.89837270942148,43.1819862198906,-87.95566887882444,43.14970170326806,2020-07-17,4,108.0
55079030100,55079120202,-87.89837270942148,43.1819862198906,-87.99868084532402,42.965848843600455,2020-07-17,1,27.0
55079030100,55079080400,-87.89837270942148,43.1819862198906,-87.88848724040903,43.08594082590386,2020-07-17,3,81.0
55079030100,55079018500,-87.89837270942148,43.1819862198906,-87.91439743752404,42.98441904059949,2020-07-17,1,27.0
55079030100,55079014300,-87.89837270942148,43.1819862198906,-87.90101539256612,43.042731429373134,2020-07-17,1,27.0
55079030100,55079011100,-87.89837270942148,43.1819862198906,-87.90155963599153,43.04933924860895,2020-07-17,1,27.0
55079030100,55079060102,-87.89837270942148,43.1819862198906,-87.93974960524739,43.148654535590595,2020-07-17,2,54.0
55079030100,55079004900,-87.89837270942148,43.1819862198906,-87.97231517837423,43.077061406485264,2020-07-17,1,27.0
55079030100,55079013300,-87.89837270942148,43.1819862198906,-87.96206431187025,43.03483590901066,2020-07-17,1,27.0
55079030100,55079002500,-87.89837270942148,43.1819862198906,-87.96218045466739,43.10795733493045,2020-07-17,3,81.0
55079030100,55079001000,-87.89837270942148,43.1819862198906,-87.95348314468296,43.12464896388482,2020-07-17,2,54.0
55079030100,55079120300,-87.89837270942148,43.1819862198906,-87.97376432533524,42.98091406493879,2020-07-17,1,27.0
55079030100,55079090800,-87.89837270942148,43.1819862198906,-88.01754834659646,43.063072316879136,2020-07-17,1,27.0
55079030100,55079013000,-87.89837270942148,43.1819862198906,-87.9876687698922,43.02770173765977,2020-07-17,1,27.0
55079150304,55079020000,-88.02760163837803,42.91519132559998,-87.95273620994368,42.98405311376188,2020-07-17,3,51.0
55079150304,55079002400,-88.02760163837803,42.91519132559998,-87.95188617843814,43.106404380820805,2020-07-17,1,17.0
55079150304,55079060200,-88.02760163837803,42.91519132559998,-87.9245165328896,43.11556508690733,2020-07-17,1,17.0
55079150304,55079110100,-88.02760163837803,42.91519132559998,-87.9710022364233,43.012448953036525,2020-07-17,2,34.0
55079150304,55079101000,-88.02760163837803,42.91519132559998,-88.05764456171738,42.99173938525954,2020-07-17,2,34.0
55079150304,55079160100,-88.02760163837803,42.91519132559998,-87.91471599062149,42.91513941042769,2020-07-17,8,137.0
55079150304,55079050101,-88.02760163837803,42.91519132559998,-87.98494662348081,43.17683059907653,2020-07-17,1,17.0
55079150304,55079090300,-88.02760163837803,42.91519132559998,-88.0515779905257,43.06739040507833,2020-07-17,2,34.0
55079150304,55079186300,-88.02760163837803,42.91519132559998,-87.91799927397663,43.040616743150025,2020-07-17,1,17.0
55079150304,55079021700,-88.02760163837803,42.91519132559998,-87.91312462574102,42.94052513723052,2020-07-17,2,34.0
55079150304,55079120501,-88.02760163837803,42.91519132559998,-87.96680035551529,42.94072396992586,2020-07-17,5,85.0
55079150304,55079019100,-88.02760163837803,42.91519132559998,-87.96549351619066,42.982165146288615,2020-07-17,1,17.0
55079150304,55079070300,-88.02760163837803,42.91519132559998,-87.90380003116019,43.10631443965618,2020-07-17,3,51.0
55079150304,55079090200,-88.02760163837803,42.91519132559998,-88.05200796218348,43.081902180003375,2020-07-17,1,17.0
55079150304,55079120400,-88.02760163837803,42.91519132559998,-87.96548496050795,42.96670427425607,2020-07-17,1,17.0
55079150304,55079120203,-88.02760163837803,42.91519132559998,-88.00776394431053,42.95694649923871,2020-07-17,11,188.0
55079150304,55079160300,-88.02760163837803,42.91519132559998,-87.8893867076047,42.856940087232964,2020-07-17,10,171.0
55079150304,55079187300,-88.02760163837803,42.91519132559998,-87.9656302556773,42.887159701718595,2020-07-17,5,85.0
55079150304,55079000501,-88.02760163837803,42.91519132559998,-88.04340002069712,43.115390222488664,2020-07-17,1,17.0
55079150304,55079003500,-88.02760163837803,42.91519132559998,-87.99830093777771,43.09359369867719,2020-07-17,1,17.0
55079150304,55079060101,-88.02760163837803,42.91519132559998,-87.92535691568614,43.13950788268824,2020-07-17,1,17.0
55079150304,55079185300,-88.02760163837803,42.91519132559998,-88.04265402690729,43.049880154873065,2020-07-17,2,34.0
55079150304,55079120502,-88.02760163837803,42.91519132559998,-87.96510992081555,42.95304728304586,2020-07-17,4,68.0
55079150304,55079187400,-88.02760163837803,42.91519132559998,-87.90767949876499,43.03217517915639,2020-07-17,3,51.0
55079150304,55079150304,-88.02760163837803,42.91519132559998,-88.02760163837803,42.91519132559998,2020-07-17,219,3756.0
55079150304,55079180500,-88.02760163837803,42.91519132559998,-87.87471526249948,42.93725893299447,2020-07-17,1,17.0
55079150304,55079130200,-88.02760163837803,42.91519132559998,-88.05891051157585,42.93732261654573,2020-07-17,7,120.0
55079150304,55079160204,-88.02760163837803,42.91519132559998,-87.9317944903397,42.879700165258704,2020-07-17,1,17.0
55079150304,55079187200,-88.02760163837803,42.91519132559998,-88.00769048889484,42.863813659193866,2020-07-17,14,240.0
55079150304,55079160203,-88.02760163837803,42.91519132559998,-87.91638950191752,42.89402789790319,2020-07-17,5,85.0
55079150304,55079170200,-88.02760163837803,42.91519132559998,-87.87263683893734,42.92275381108851,2020-07-17,2,34.0
55079150304,55079100500,-88.02760163837803,42.91519132559998,-88.02674691869541,43.01326660162138,2020-07-17,1,17.0
55079150304,55079020100,-88.02760163837803,42.91519132559998,-87.94099671150566,42.988482506396224,2020-07-17,1,17.0
55079150304,55079160202,-88.02760163837803,42.91519132559998,-87.87217546542965,42.881379330302295,2020-07-17,2,34.0
55079150304,55079100900,-88.02760163837803,42.91519132559998,-88.05216898532913,43.00959788353506,2020-07-17,2,34.0
55079150304,55079101100,-88.02760163837803,42.91519132559998,-88.04276904850849,42.99420752845147,2020-07-17,3,51.0
55079150304,55079140100,-88.02760163837803,42.91519132559998,-88.0188613886232,42.93745223479677,2020-07-17,5,85.0
55079150304,55079140201,-88.02760163837803,42.91519132559998,-87.99911426080601,42.93902100763907,2020-07-17,9,154.0
55079150304,55079140202,-88.02760163837803,42.91519132559998,-87.981557716435,42.93443757238657,2020-07-17,1,17.0
55079150304,55079017900,-88.02760163837803,42.91519132559998,-87.90503327479618,42.998772533253295,2020-07-17,1,17.0
55079150304,55079186500,-88.02760163837803,42.91519132559998,-87.9130303085029,43.02319729476483,2020-07-17,1,17.0
55079150304,55079120101,-88.02760163837803,42.91519132559998,-88.04814010007517,42.95916305909443,2020-07-17,10,171.0
55079150304,55079014400,-88.02760163837803,42.91519132559998,-87.90784049253895,43.042413401572134,2020-07-17,2,34.0
55079150304,55079018000,-88.02760163837803,42.91519132559998,-87.8945288084346,43.01098558683315,2020-07-17,1,17.0
55079150304,55079150100,-88.02760163837803,42.91519132559998,-87.97759713310646,42.91424119290261,2020-07-17,24,411.0
55079150304,55079021600,-88.02760163837803,42.91519132559998,-87.92488475274558,42.952251222261935,2020-07-17,1,17.0
55079150304,55079005500,-88.02760163837803,42.91519132559998,-88.03284541742188,43.08237006688624,2020-07-17,1,17.0
55079150304,55079005800,-88.02760163837803,42.91519132559998,-87.99994620357029,43.072303413103626,2020-07-17,1,17.0
55079150304,55079021300,-88.02760163837803,42.91519132559998,-87.93877469638159,42.970224160413096,2020-07-17,1,17.0
55079150304,55079120102,-88.02760163837803,42.91519132559998,-88.04966546230908,42.97409794368699,2020-07-17,3,51.0
55079150304,55079130100,-88.02760163837803,42.91519132559998,-88.04407902007586,42.942752065148895,2020-07-17,27,463.0
55079150304,55079019600,-88.02760163837803,42.91519132559998,-88.00769668957767,42.984657216409644,2020-07-17,3,51.0
55079150304,55079150301,-88.02760163837803,42.91519132559998,-88.05345903025625,42.89781994777656,2020-07-17,24,411.0
55079150304,55079120201,-88.02760163837803,42.91519132559998,-88.01868214174351,42.96737507435749,2020-07-17,1,17.0
55079150304,55079050102,-88.02760163837803,42.91519132559998,-87.96743569232115,43.172443064752215,2020-07-17,1,17.0
55079150304,55079180300,-88.02760163837803,42.91519132559998,-87.87005593266791,42.951885652862586,2020-07-17,1,17.0
55079150304,55079016300,-88.02760163837803,42.91519132559998,-87.93764055272034,43.01572710315665,2020-07-17,1,17.0
55079150304,55079019900,-88.02760163837803,42.91519132559998,-87.98235255712866,42.973172118392476,2020-07-17,2,34.0
55079150304,55079100200,-88.02760163837803,42.91519132559998,-87.99137992566246,43.01460892403096,2020-07-17,3,51.0
55079150304,55079005700,-88.02760163837803,42.91519132559998,-88.01309831915184,43.07138814037072,2020-07-17,1,17.0
55079150304,55079007600,-88.02760163837803,42.91519132559998,-87.87859580944733,43.06399812725538,2020-07-17,2,34.0
55079150304,55079000900,-88.02760163837803,42.91519132559998,-87.95566887882444,43.14970170326806,2020-07-17,2,34.0
55079150304,55079020300,-88.02760163837803,42.91519132559998,-87.92658964497383,42.979242665655576,2020-07-17,2,34.0
55079150304,55079186600,-88.02760163837803,42.91519132559998,-87.91355022125023,43.001384465822476,2020-07-17,1,17.0
55079150304,55079120202,-88.02760163837803,42.91519132559998,-87.99868084532402,42.965848843600455,2020-07-17,1,17.0
55079150304,55079080400,-88.02760163837803,42.91519132559998,-87.88848724040903,43.08594082590386,2020-07-17,1,17.0
55079150304,55079020500,-88.02760163837803,42.91519132559998,-87.92272370744391,42.988321496925906,2020-07-17,1,17.0
55079150304,55079021500,-88.02760163837803,42.91519132559998,-87.94398245259515,42.952098604888974,2020-07-17,1,17.0
55079150304,55079020200,-88.02760163837803,42.91519132559998,-87.94112496275925,42.977527635995024,2020-07-17,2,34.0
55079150304,55079150303,-88.02760163837803,42.91519132559998,-88.02312771344377,42.88960646488504,2020-07-17,23,394.0
55079150304,55079019700,-88.02760163837803,42.91519132559998,-88.00741820523533,42.97570820507905,2020-07-17,1,17.0
55079150304,55079101300,-88.02760163837803,42.91519132559998,-88.02770018483265,42.99907770295741,2020-07-17,1,17.0
55079150304,55079185800,-88.02760163837803,42.91519132559998,-87.94265216254213,43.0538687550207,2020-07-17,1,17.0
55079150304,55079170600,-88.02760163837803,42.91519132559998,-87.86320935056827,42.907724102777856,2020-07-17,2,34.0
55079150304,55079008000,-88.02760163837803,42.91519132559998,-87.90282982859381,43.067480284048756,2020-07-17,1,17.0
55079150304,55079170300,-88.02760163837803,42.91519132559998,-87.87538996197884,42.9095536521384,2020-07-17,1,17.0
55079150304,55079017000,-88.02760163837803,42.91519132559998,-87.9475259715867,43.01041841584858,2020-07-17,1,17.0
55079150304,55079170400,-88.02760163837803,42.91519132559998,-87.8734267877277,42.89848248246609,2020-07-17,1,17.0
55079150304,55079006700,-88.02760163837803,42.91519132559998,-87.92040407919447,43.07437828581977,2020-07-17,1,17.0
55079186200,55079020000,-87.93244814260824,43.04856605375616,-87.95273620994368,42.98405311376188,2020-07-17,2,51.0
55079186200,55079002100,-87.93244814260824,43.04856605375616,-87.95315716160212,43.115529640428136,2020-07-17,1,25.0
55079186200,55079004300,-87.93244814260824,43.04856605375616,-87.93220867621264,43.094799127568905,2020-07-17,1,25.0
55079186200,55079060200,-87.93244814260824,43.04856605375616,-87.9245165328896,43.11556508690733,2020-07-17,1,25.0
55079186200,55079015700,-87.93244814260824,43.04856605375616,-87.92777138656925,43.021663598322064,2020-07-17,1,25.0
55079186200,55079000102,-87.93244814260824,43.04856605375616,-88.01167859828367,43.164645145767146,2020-07-17,1,25.0
55079186200,55079110100,-87.93244814260824,43.04856605375616,-87.9710022364233,43.012448953036525,2020-07-17,2,51.0
55079186200,55079101000,-87.93244814260824,43.04856605375616,-88.05764456171738,42.99173938525954,2020-07-17,1,25.0
55079186200,55079021700,-87.93244814260824,43.04856605375616,-87.91312462574102,42.94052513723052,2020-07-17,2,51.0
55079186200,55079120203,-87.93244814260824,43.04856605375616,-88.00776394431053,42.95694649923871,2020-07-17,2,51.0
55079186200,55079160300,-87.93244814260824,43.04856605375616,-87.8893867076047,42.856940087232964,2020-07-17,3,77.0
55079186200,55079003500,-87.93244814260824,43.04856605375616,-87.99830093777771,43.09359369867719,2020-07-17,1,25.0
55079186200,55079003200,-87.93244814260824,43.04856605375616,-88.00111189801154,43.10115852758208,2020-07-17,2,51.0
55079186200,55079005300,-87.93244814260824,43.04856605375616,-88.01242727702714,43.07892288175221,2020-07-17,1,25.0
55079186200,55079021400,-87.93244814260824,43.04856605375616,-87.93891709359613,42.96295890378409,2020-07-17,1,25.0
55079186200,55079060101,-87.93244814260824,43.04856605375616,-87.92535691568614,43.13950788268824,2020-07-17,1,25.0
55079186200,55079014700,-87.93244814260824,43.04856605375616,-87.93551340137516,43.042200823908786,2020-07-17,2,51.0
55079186200,55079186800,-87.93244814260824,43.04856605375616,-87.9506670108877,43.02815858561159,2020-07-17,2,51.0
55079186200,55079091200,-87.93244814260824,43.04856605375616,-88.00388284004167,43.0467075980639,2020-07-17,1,25.0
55079186200,55079020100,-87.93244814260824,43.04856605375616,-87.94099671150566,42.988482506396224,2020-07-17,1,25.0
55079186200,55079180400,-87.93244814260824,43.04856605375616,-87.85633588550823,42.93709205888796,2020-07-17,1,25.0
55079186200,55079005000,-87.93244814260824,43.04856605375616,-87.98327608357046,43.07665137069942,2020-07-17,1,25.0
55079186200,55079014600,-87.93244814260824,43.04856605375616,-87.93032605572249,43.04237842637439,2020-07-17,1,25.0
55079186200,55079186500,-87.93244814260824,43.04856605375616,-87.9130303085029,43.02319729476483,2020-07-17,1,25.0
55079186200,55079008500,-87.93244814260824,43.04856605375616,-87.9298714910033,43.06776123229879,2020-07-17,1,25.0
55079186200,55079007700,-87.93244814260824,43.04856605375616,-87.88849935823362,43.06389053422122,2020-07-17,1,25.0
55079186200,55079011300,-87.93244814260824,43.04856605375616,-87.90713298111844,43.04890661506502,2020-07-17,1,25.0
55079186200,55079014400,-87.93244814260824,43.04856605375616,-87.90784049253895,43.042413401572134,2020-07-17,1,25.0
55079186200,55079021600,-87.93244814260824,43.04856605375616,-87.92488475274558,42.952251222261935,2020-07-17,1,25.0
55079186200,55079001800,-87.93244814260824,43.04856605375616,-87.99853790291819,43.115847306484916,2020-07-17,1,25.0
55079186200,55079003400,-87.93244814260824,43.04856605375616,-88.02444287795417,43.0934576342605,2020-07-17,1,25.0
55079186200,55079016100,-87.93244814260824,43.04856605375616,-87.95946595975387,43.016089910899275,2020-07-17,1,25.0
55079186200,55079130100,-87.93244814260824,43.04856605375616,-88.04407902007586,42.942752065148895,2020-07-17,1,25.0
55079186200,55079050102,-87.93244814260824,43.04856605375616,-87.96743569232115,43.172443064752215,2020-07-17,1,25.0
55079186200,55079180300,-87.93244814260824,43.04856605375616,-87.87005593266791,42.951885652862586,2020-07-17,1,25.0
55079186200,55079015800,-87.93244814260824,43.04856605375616,-87.93761636287321,43.021659379009066,2020-07-17,1,25.0
55079186200,55079012600,-87.93244814260824,43.04856605375616,-87.99443577770006,43.034032251200934,2020-07-17,1,25.0
55079186200,55079016700,-87.93244814260824,43.04856605375616,-87.92209519609614,43.010301162214034,2020-07-17,1,25.0
55079186200,55079009100,-87.93244814260824,43.04856605375616,-87.96852806703085,43.060675408064526,2020-07-17,1,25.0
55079186200,55079016500,-87.93244814260824,43.04856605375616,-87.91153110922029,43.01579142211555,2020-07-17,1,25.0
55079186200,55079180200,-87.93244814260824,43.04856605375616,-87.85506992096182,42.95465467367753,2020-07-17,1,25.0
55079186200,55079009600,-87.93244814260824,43.04856605375616,-87.96486502955395,43.05277336645368,2020-07-17,1,25.0
55079186200,55079020600,-87.93244814260824,43.04856605375616,-87.90444286867323,42.9810337820488,2020-07-17,1,25.0
55079186200,55079186200,-87.93244814260824,43.04856605375616,-87.93244814260824,43.04856605375616,2020-07-17,48,1237.0
55079186200,55079005100,-87.93244814260824,43.04856605375616,-87.99757698420609,43.08261869423604,2020-07-17,3,77.0
55079186200,55079186100,-87.93244814260824,43.04856605375616,-87.94279275484007,43.048652729679134,2020-07-17,1,25.0
55079186200,55079012200,-87.93244814260824,43.04856605375616,-87.95271101560115,43.04866661559741,2020-07-17,2,51.0
55079186200,55079002500,-87.93244814260824,43.04856605375616,-87.96218045466739,43.10795733493045,2020-07-17,1,25.0
55079186200,55079009900,-87.93244814260824,43.04856605375616,-87.94630275235495,43.060274421469344,2020-07-17,1,25.0
55079186200,55079003000,-87.93244814260824,43.04856605375616,-87.99619059962126,43.10851035065769,2020-07-17,1,25.0
55079186200,55079008600,-87.93244814260824,43.04856605375616,-87.93517868399437,43.06762170689756,2020-07-17,1,25.0
55079186200,55079185400,-87.93244814260824,43.04856605375616,-87.93768935592728,43.06023552955454,2020-07-17,1,25.0
55079000501,55079002100,-88.04340002069712,43.115390222488664,-87.95315716160212,43.115529640428136,2020-07-17,1,15.0
55079000501,55079002400,-88.04340002069712,43.115390222488664,-87.95188617843814,43.106404380820805,2020-07-17,1,15.0
55079000501,55079004300,-88.04340002069712,43.115390222488664,-87.93220867621264,43.094799127568905,2020-07-17,2,30.0
55079000501,55079060200,-88.04340002069712,43.115390222488664,-87.9245165328896,43.11556508690733,2020-07-17,2,30.0
55079000501,55079004400,-88.04340002069712,43.115390222488664,-87.90608569163814,43.089298213737145,2020-07-17,1,15.0
55079000501,55079012800,-88.04340002069712,43.115390222488664,-88.03145321223326,43.03059221584991,2020-07-17,1,15.0
55079000501,55079015700,-88.04340002069712,43.115390222488664,-87.92777138656925,43.021663598322064,2020-07-17,1,15.0
55079000501,55079019000,-88.04340002069712,43.115390222488664,-87.967877289968,42.995496154489715,2020-07-17,1,15.0
55079000501,55079100100,-88.04340002069712,43.115390222488664,-87.98598444052216,43.01659648927991,2020-07-17,1,15.0
55079000501,55079000101,-88.04340002069712,43.115390222488664,-88.00922083481396,43.18510784936368,2020-07-17,1,15.0
55079000501,55079000102,-88.04340002069712,43.115390222488664,-88.01167859828367,43.164645145767146,2020-07-17,3,45.0
55079000501,55079000202,-88.04340002069712,43.115390222488664,-88.04132965001602,43.160382512849615,2020-07-17,3,45.0
55079000501,55079002300,-88.04340002069712,43.115390222488664,-87.93621856893152,43.105985427841645,2020-07-17,2,30.0
55079000501,55079010800,-88.04340002069712,43.115390222488664,-87.88986181293924,43.05733829509928,2020-07-17,2,30.0
55079000501,55079110100,-88.04340002069712,43.115390222488664,-87.9710022364233,43.012448953036525,2020-07-17,2,30.0
55079000501,55079160100,-88.04340002069712,43.115390222488664,-87.91471599062149,42.91513941042769,2020-07-17,1,15.0
55079000501,55079000600,-88.04340002069712,43.115390222488664,-88.00190569680801,43.14010292722225,2020-07-17,6,90.0
55079000501,55079050101,-88.04340002069712,43.115390222488664,-87.98494662348081,43.17683059907653,2020-07-17,2,30.0
55079000501,55079090300,-88.04340002069712,43.115390222488664,-88.0515779905257,43.06739040507833,2020-07-17,5,75.0
55079000501,55079090100,-88.04340002069712,43.115390222488664,-88.04837730790923,43.0973204568905,2020-07-17,6,90.0
55079000501,55079090200,-88.04340002069712,43.115390222488664,-88.05200796218348,43.081902180003375,2020-07-17,10,151.0
55079000501,55079120203,-88.04340002069712,43.115390222488664,-88.00776394431053,42.95694649923871,2020-07-17,2,30.0
55079000501,55079000501,-88.04340002069712,43.115390222488664,-88.04340002069712,43.115390222488664,2020-07-17,190,2878.0
55079000501,55079001200,-88.04340002069712,43.115390222488664,-87.98620080987179,43.12617611256525,2020-07-17,1,15.0
55079000501,55079004800,-88.04340002069712,43.115390222488664,-87.96231596301399,43.077035360461494,2020-07-17,3,45.0
55079000501,55079003200,-88.04340002069712,43.115390222488664,-88.00111189801154,43.10115852758208,2020-07-17,1,15.0
55079000501,55079005300,-88.04340002069712,43.115390222488664,-88.01242727702714,43.07892288175221,2020-07-17,1,15.0
55079000501,55079185300,-88.04340002069712,43.115390222488664,-88.04265402690729,43.049880154873065,2020-07-17,4,60.0
55079000501,55079120502,-88.04340002069712,43.115390222488664,-87.96510992081555,42.95304728304586,2020-07-17,1,15.0
55079000501,55079187400,-88.04340002069712,43.115390222488664,-87.90767949876499,43.03217517915639,2020-07-17,1,15.0
55079000501,55079000800,-88.04340002069712,43.115390222488664,-87.97372753660457,43.14064967469203,2020-07-17,1,15.0
55079000501,55079004000,-88.04340002069712,43.115390222488664,-87.97205846198321,43.09342306765945,2020-07-17,1,15.0
55079000501,55079005400,-88.04340002069712,43.115390222488664,-88.02259608100492,43.0824437803151,2020-07-17,2,30.0
55079000501,55079000400,-88.04340002069712,43.115390222488664,-88.05554472050937,43.110954423820296,2020-07-17,11,166.0
55079000501,55079000502,-88.04340002069712,43.115390222488664,-88.03128731150349,43.12480634966938,2020-07-17,6,90.0
55079000501,55079186800,-88.04340002069712,43.115390222488664,-87.9506670108877,43.02815858561159,2020-07-17,3,45.0
55079000501,55079080100,-88.04340002069712,43.115390222488664,-87.89773689723896,43.0955518884228,2020-07-17,1,15.0
55079000501,55079160203,-88.04340002069712,43.115390222488664,-87.91638950191752,42.89402789790319,2020-07-17,1,15.0
55079000501,55079100500,-88.04340002069712,43.115390222488664,-88.02674691869541,43.01326660162138,2020-07-17,2,30.0
55079000501,55079005000,-88.04340002069712,43.115390222488664,-87.98327608357046,43.07665137069942,2020-07-17,1,15.0
55079000501,55079001400,-88.04340002069712,43.115390222488664,-88.01656972395298,43.130900969315825,2020-07-17,1,15.0
55079000501,55079002800,-88.04340002069712,43.115390222488664,-87.97141961541004,43.10830621321033,2020-07-17,1,15.0
55079000501,55079100900,-88.04340002069712,43.115390222488664,-88.05216898532913,43.00959788353506,2020-07-17,3,45.0
55079000501,55079140201,-88.04340002069712,43.115390222488664,-87.99911426080601,42.93902100763907,2020-07-17,1,15.0
55079000501,55079003300,-88.04340002069712,43.115390222488664,-88.0173066794685,43.1010408446094,2020-07-17,5,75.0
55079000501,55079001600,-88.04340002069712,43.115390222488664,-88.01599665750028,43.11588641903863,2020-07-17,2,30.0
55079000501,55079016800,-88.04340002069712,43.115390222488664,-87.92935001478907,43.01036042537408,2020-07-17,1,15.0
55079000501,55079120101,-88.04340002069712,43.115390222488664,-88.04814010007517,42.95916305909443,2020-07-17,1,15.0
55079000501,55079008500,-88.04340002069712,43.115390222488664,-87.9298714910033,43.06776123229879,2020-07-17,1,15.0
55079000501,55079003600,-88.04340002069712,43.115390222488664,-87.98321131530031,43.092736225323044,2020-07-17,1,15.0
55079000501,55079003800,-88.04340002069712,43.115390222488664,-87.97215356169055,43.086187842345545,2020-07-17,3,45.0
55079000501,55079014400,-88.04340002069712,43.115390222488664,-87.90784049253895,43.042413401572134,2020-07-17,3,45.0
55079000501,55079070200,-88.04340002069712,43.115390222488664,-87.8919112738197,43.1133970416122,2020-07-17,1,15.0
55079000501,55079001800,-88.04340002069712,43.115390222488664,-87.99853790291819,43.115847306484916,2020-07-17,3,45.0
55079000501,55079003400,-88.04340002069712,43.115390222488664,-88.02444287795417,43.0934576342605,2020-07-17,4,60.0
55079000501,55079005500,-88.04340002069712,43.115390222488664,-88.03284541742188,43.08237006688624,2020-07-17,1,15.0
55079000501,55079002900,-88.04340002069712,43.115390222488664,-87.98131890013833,43.108341188298006,2020-07-17,1,15.0
55079000501,55079014100,-88.04340002069712,43.115390222488664,-87.92097269793881,43.04863570292668,2020-07-17,1,15.0
55079000501,55079150301,-88.04340002069712,43.115390222488664,-88.05345903025625,42.89781994777656,2020-07-17,2,30.0
55079000501,55079180300,-88.04340002069712,43.115390222488664,-87.87005593266791,42.951885652862586,2020-07-17,1,15.0
55079000501,55079015800,-88.04340002069712,43.115390222488664,-87.93761636287321,43.021659379009066,2020-07-17,1,15.0
55079000501,55079185700,-88.04340002069712,43.115390222488664,-87.91471207902771,43.06752585199898,2020-07-17,2,30.0
55079000501,55079016300,-88.04340002069712,43.115390222488664,-87.93764055272034,43.01572710315665,2020-07-17,1,15.0
55079000501,55079000700,-88.04340002069712,43.115390222488664,-87.99009583376943,43.15588909293765,2020-07-17,2,30.0
55079000501,55079010700,-88.04340002069712,43.115390222488664,-87.90095083433016,43.0597678010215,2020-07-17,1,15.0
55079000501,55079100200,-88.04340002069712,43.115390222488664,-87.99137992566246,43.01460892403096,2020-07-17,1,15.0
55079000501,55079005700,-88.04340002069712,43.115390222488664,-88.01309831915184,43.07138814037072,2020-07-17,1,15.0
55079000501,55079003100,-88.04340002069712,43.115390222488664,-87.98607018194353,43.10091760946077,2020-07-17,1,15.0
55079000501,55079005900,-88.04340002069712,43.115390222488664,-87.98523579862835,43.06821108392844,2020-07-17,3,45.0
55079000501,55079009800,-88.04340002069712,43.115390222488664,-87.95409571434068,43.059778012269526,2020-07-17,1,15.0
55079000501,55079000900,-88.04340002069712,43.115390222488664,-87.95566887882444,43.14970170326806,2020-07-17,2,30.0
55079000501,55079001300,-88.04340002069712,43.115390222488664,-87.99843350448002,43.126783535933505,2020-07-17,4,60.0
55079000501,55079001700,-88.04340002069712,43.115390222488664,-88.01621221830194,43.10855887721336,2020-07-17,6,90.0
55079000501,55079004200,-88.04340002069712,43.115390222488664,-87.94544782159862,43.09516547779425,2020-07-17,1,15.0
55079000501,55079120202,-88.04340002069712,43.115390222488664,-87.99868084532402,42.965848843600455,2020-07-17,1,15.0
55079000501,55079001500,-88.04340002069712,43.115390222488664,-88.01520145334699,43.123754077777434,2020-07-17,3,45.0
55079000501,55079002000,-88.04340002069712,43.115390222488664,-87.96815137233186,43.115621500302275,2020-07-17,1,15.0
55079000501,55079003900,-88.04340002069712,43.115390222488664,-87.96215160813261,43.086172227530916,2020-07-17,1,15.0
55079000501,55079000201,-88.04340002069712,43.115390222488664,-88.0472441211064,43.1799495757708,2020-07-17,3,45.0
55079000501,55079004700,-88.04340002069712,43.115390222488664,-87.94760565609727,43.08576787197636,2020-07-17,4,60.0
55079000501,55079012700,-88.04340002069712,43.115390222488664,-88.0122777504643,43.029662330242175,2020-07-17,1,15.0
55079000501,55079150303,-88.04340002069712,43.115390222488664,-88.02312771344377,42.88960646488504,2020-07-17,2,30.0
55079000501,55079016400,-88.04340002069712,43.115390222488664,-87.92777599229481,43.01665943799343,2020-07-17,1,15.0
55079000501,55079009000,-88.04340002069712,43.115390222488664,-87.9610837883489,43.060355868415826,2020-07-17,1,15.0
55079000501,55079009100,-88.04340002069712,43.115390222488664,-87.96852806703085,43.060675408064526,2020-07-17,1,15.0
55079000501,55079013700,-88.04340002069712,43.115390222488664,-87.94529508707278,43.04229912697773,2020-07-17,2,30.0
55079000501,55079000304,-88.04340002069712,43.115390222488664,-88.02644618111368,43.14364069729464,2020-07-17,3,45.0
55079000501,55079001900,-88.04340002069712,43.115390222488664,-87.98367415791445,43.115686316787006,2020-07-17,15,227.0
55079000501,55079003700,-88.04340002069712,43.115390222488664,-87.98336380852676,43.08546039091554,2020-07-17,1,15.0
55079000501,55079016500,-88.04340002069712,43.115390222488664,-87.91153110922029,43.01579142211555,2020-07-17,1,15.0
55079000501,55079004100,-88.04340002069712,43.115390222488664,-87.95681147526382,43.0940907627305,2020-07-17,4,60.0
55079000501,55079013400,-88.04340002069712,43.115390222488664,-87.95356038604784,43.03496530197635,2020-07-17,2,30.0
55079000501,55079091000,-88.04340002069712,43.115390222488664,-87.99705672432205,43.06433297165757,2020-07-17,1,15.0
55079000501,55079005100,-88.04340002069712,43.115390222488664,-87.99757698420609,43.08261869423604,2020-07-17,1,15.0
55079000501,55079004900,-88.04340002069712,43.115390222488664,-87.97231517837423,43.077061406485264,2020-07-17,2,30.0
55079000501,55079009200,-88.04340002069712,43.115390222488664,-87.97560474362125,43.06069020349929,2020-07-17,1,15.0
55079000501,55079000301,-88.04340002069712,43.115390222488664,-88.06021668804352,43.1363311013577,2020-07-17,3,45.0
55079000501,55079186100,-88.04340002069712,43.115390222488664,-87.94279275484007,43.048652729679134,2020-07-17,1,15.0
55079000501,55079006400,-88.04340002069712,43.115390222488664,-87.94234792087695,43.07421796319209,2020-07-17,1,15.0
55079000501,55079000303,-88.04340002069712,43.115390222488664,-88.04588241201564,43.12968529312476,2020-07-17,1,15.0
55079000501,55079001000,-88.04340002069712,43.115390222488664,-87.95348314468296,43.12464896388482,2020-07-17,1,15.0
55079000501,55079003000,-88.04340002069712,43.115390222488664,-87.99619059962126,43.10851035065769,2020-07-17,2,30.0
55079000501,55079006500,-88.04340002069712,43.115390222488664,-87.94229465456391,43.0797331466399,2020-07-17,2,30.0
55079000501,55079090800,-88.04340002069712,43.115390222488664,-88.01754834659646,43.063072316879136,2020-07-17,1,15.0
55079000501,55079009700,-88.04340002069712,43.115390222488664,-87.95262115062044,43.05393954073114,2020-07-17,1,15.0
55079005900,55079020000,-87.98523579862835,43.06821108392844,-87.95273620994368,42.98405311376188,2020-07-17,5,92.0
55079005900,55079002100,-87.98523579862835,43.06821108392844,-87.95315716160212,43.115529640428136,2020-07-17,1,18.0
55079005900,55079002400,-87.98523579862835,43.06821108392844,-87.95188617843814,43.106404380820805,2020-07-17,2,36.0
55079005900,55079060200,-87.98523579862835,43.06821108392844,-87.9245165328896,43.11556508690733,2020-07-17,5,92.0
55079005900,55079004400,-87.98523579862835,43.06821108392844,-87.90608569163814,43.089298213737145,2020-07-17,1,18.0
55079005900,55079000102,-87.98523579862835,43.06821108392844,-88.01167859828367,43.164645145767146,2020-07-17,1,18.0
55079005900,55079002300,-87.98523579862835,43.06821108392844,-87.93621856893152,43.105985427841645,2020-07-17,2,36.0
55079005900,55079110100,-87.98523579862835,43.06821108392844,-87.9710022364233,43.012448953036525,2020-07-17,8,147.0
55079005900,55079101000,-87.98523579862835,43.06821108392844,-88.05764456171738,42.99173938525954,2020-07-17,1,18.0
55079005900,55079000600,-87.98523579862835,43.06821108392844,-88.00190569680801,43.14010292722225,2020-07-17,1,18.0
55079005900,55079050101,-87.98523579862835,43.06821108392844,-87.98494662348081,43.17683059907653,2020-07-17,2,36.0
55079005900,55079090300,-87.98523579862835,43.06821108392844,-88.0515779905257,43.06739040507833,2020-07-17,3,55.0
55079005900,55079186300,-87.98523579862835,43.06821108392844,-87.91799927397663,43.040616743150025,2020-07-17,2,36.0
55079005900,55079021700,-87.98523579862835,43.06821108392844,-87.91312462574102,42.94052513723052,2020-07-17,2,36.0
55079005900,55079090100,-87.98523579862835,43.06821108392844,-88.04837730790923,43.0973204568905,2020-07-17,1,18.0
55079005900,55079090900,-87.98523579862835,43.06821108392844,-88.00270912368009,43.06124682618238,2020-07-17,4,73.0
55079005900,55079120203,-87.98523579862835,43.06821108392844,-88.00776394431053,42.95694649923871,2020-07-17,2,36.0
55079005900,55079187300,-87.98523579862835,43.06821108392844,-87.9656302556773,42.887159701718595,2020-07-17,1,18.0
55079005900,55079000501,-87.98523579862835,43.06821108392844,-88.04340002069712,43.115390222488664,2020-07-17,1,18.0
55079005900,55079003500,-87.98523579862835,43.06821108392844,-87.99830093777771,43.09359369867719,2020-07-17,3,55.0
55079005900,55079004800,-87.98523579862835,43.06821108392844,-87.96231596301399,43.077035360461494,2020-07-17,2,36.0
55079005900,55079186000,-87.98523579862835,43.06821108392844,-87.92039854147795,43.053956957431964,2020-07-17,1,18.0
55079005900,55079003200,-87.98523579862835,43.06821108392844,-88.00111189801154,43.10115852758208,2020-07-17,1,18.0
55079005900,55079005300,-87.98523579862835,43.06821108392844,-88.01242727702714,43.07892288175221,2020-07-17,2,36.0
55079005900,55079185500,-87.98523579862835,43.06821108392844,-87.92624880733425,43.0601763240656,2020-07-17,1,18.0
55079005900,55079000302,-87.98523579862835,43.06821108392844,-88.04649688617519,43.13922972061493,2020-07-17,1,18.0
55079005900,55079090600,-87.98523579862835,43.06821108392844,-88.05435154566402,43.03795832032663,2020-07-17,1,18.0
55079005900,55079185300,-87.98523579862835,43.06821108392844,-88.04265402690729,43.049880154873065,2020-07-17,6,110.0
55079005900,55079187400,-87.98523579862835,43.06821108392844,-87.90767949876499,43.03217517915639,2020-07-17,2,36.0
55079005900,55079000800,-87.98523579862835,43.06821108392844,-87.97372753660457,43.14064967469203,2020-07-17,3,55.0
55079005900,55079012500,-87.98523579862835,43.06821108392844,-87.97654888060033,43.037091021714275,2020-07-17,1,18.0
55079005900,55079004600,-87.98523579862835,43.06821108392844,-87.9321086251029,43.08569057130924,2020-07-17,2,36.0
55079005900,55079005400,-87.98523579862835,43.06821108392844,-88.02259608100492,43.0824437803151,2020-07-17,1,18.0
55079005900,55079000502,-87.98523579862835,43.06821108392844,-88.03128731150349,43.12480634966938,2020-07-17,3,55.0
55079005900,55079006200,-87.98523579862835,43.06821108392844,-87.96097127315564,43.067902782244275,2020-07-17,1,18.0
55079005900,55079186800,-87.98523579862835,43.06821108392844,-87.9506670108877,43.02815858561159,2020-07-17,1,18.0
55079005900,55079080100,-87.98523579862835,43.06821108392844,-87.89773689723896,43.0955518884228,2020-07-17,1,18.0
55079005900,55079006000,-87.98523579862835,43.06821108392844,-87.97554005335066,43.067947929210746,2020-07-17,3,55.0
55079005900,55079091200,-87.98523579862835,43.06821108392844,-88.00388284004167,43.0467075980639,2020-07-17,5,92.0
55079005900,55079100500,-87.98523579862835,43.06821108392844,-88.02674691869541,43.01326660162138,2020-07-17,1,18.0
55079005900,55079180400,-87.98523579862835,43.06821108392844,-87.85633588550823,42.93709205888796,2020-07-17,1,18.0
55079005900,55079005000,-87.98523579862835,43.06821108392844,-87.98327608357046,43.07665137069942,2020-07-17,3,55.0
55079005900,55079006800,-87.98523579862835,43.06821108392844,-87.92500216567623,43.079683301494654,2020-07-17,2,36.0
55079005900,55079014600,-87.98523579862835,43.06821108392844,-87.93032605572249,43.04237842637439,2020-07-17,1,18.0
55079005900,55079013600,-87.98523579862835,43.06821108392844,-87.9527511611333,43.04369545920421,2020-07-17,2,36.0
55079005900,55079003300,-87.98523579862835,43.06821108392844,-88.0173066794685,43.1010408446094,2020-07-17,4,73.0
55079005900,55079030100,-87.98523579862835,43.06821108392844,-87.89837270942148,43.1819862198906,2020-07-17,1,18.0
55079005900,55079003600,-87.98523579862835,43.06821108392844,-87.98321131530031,43.092736225323044,2020-07-17,4,73.0
55079005900,55079003800,-87.98523579862835,43.06821108392844,-87.97215356169055,43.086187842345545,2020-07-17,1,18.0
55079005900,55079011300,-87.98523579862835,43.06821108392844,-87.90713298111844,43.04890661506502,2020-07-17,5,92.0
55079005900,55079014400,-87.98523579862835,43.06821108392844,-87.90784049253895,43.042413401572134,2020-07-17,2,36.0
55079005900,55079018000,-87.98523579862835,43.06821108392844,-87.8945288084346,43.01098558683315,2020-07-17,1,18.0
55079005900,55079005800,-87.98523579862835,43.06821108392844,-87.99994620357029,43.072303413103626,2020-07-17,5,92.0
55079005900,55079035200,-87.98523579862835,43.06821108392844,-87.9070718018067,43.16012040860922,2020-07-17,1,18.0
55079005900,55079021300,-87.98523579862835,43.06821108392844,-87.93877469638159,42.970224160413096,2020-07-17,1,18.0
55079005900,55079187000,-87.98523579862835,43.06821108392844,-87.88728455831759,43.05530607398437,2020-07-17,1,18.0
55079005900,55079016600,-87.98523579862835,43.06821108392844,-87.9139279223807,43.010028166006215,2020-07-17,2,36.0
55079005900,55079019600,-87.98523579862835,43.06821108392844,-88.00769668957767,42.984657216409644,2020-07-17,1,18.0
55079005900,55079120201,-87.98523579862835,43.06821108392844,-88.01868214174351,42.96737507435749,2020-07-17,1,18.0
55079005900,55079180300,-87.98523579862835,43.06821108392844,-87.87005593266791,42.951885652862586,2020-07-17,1,18.0
55079005900,55079006300,-87.98523579862835,43.06821108392844,-87.95229119818997,43.07635281761954,2020-07-17,1,18.0
55079005900,55079185700,-87.98523579862835,43.06821108392844,-87.91471207902771,43.06752585199898,2020-07-17,1,18.0
55079005900,55079000700,-87.98523579862835,43.06821108392844,-87.99009583376943,43.15588909293765,2020-07-17,1,18.0
55079005900,55079100200,-87.98523579862835,43.06821108392844,-87.99137992566246,43.01460892403096,2020-07-17,3,55.0
55079005900,55079005700,-87.98523579862835,43.06821108392844,-88.01309831915184,43.07138814037072,2020-07-17,1,18.0
55079005900,55079003100,-87.98523579862835,43.06821108392844,-87.98607018194353,43.10091760946077,2020-07-17,3,55.0
55079005900,55079005900,-87.98523579862835,43.06821108392844,-87.98523579862835,43.06821108392844,2020-07-17,143,2639.0
55079005900,55079006600,-87.98523579862835,43.06821108392844,-87.93135214789555,43.075399167305534,2020-07-17,1,18.0
55079005900,55079000900,-87.98523579862835,43.06821108392844,-87.95566887882444,43.14970170326806,2020-07-17,1,18.0
55079005900,55079001300,-87.98523579862835,43.06821108392844,-87.99843350448002,43.126783535933505,2020-07-17,3,55.0
55079005900,55079001700,-87.98523579862835,43.06821108392844,-88.01621221830194,43.10855887721336,2020-07-17,2,36.0
55079005900,55079004200,-87.98523579862835,43.06821108392844,-87.94544782159862,43.09516547779425,2020-07-17,1,18.0
55079005900,55079186600,-87.98523579862835,43.06821108392844,-87.91355022125023,43.001384465822476,2020-07-17,1,18.0
55079005900,55079014900,-87.98523579862835,43.06821108392844,-87.94481830610269,43.03704436935605,2020-07-17,1,18.0
55079005900,55079003900,-87.98523579862835,43.06821108392844,-87.96215160813261,43.086172227530916,2020-07-17,1,18.0
55079005900,55079000201,-87.98523579862835,43.06821108392844,-88.0472441211064,43.1799495757708,2020-07-17,1,18.0
55079005900,55079004700,-87.98523579862835,43.06821108392844,-87.94760565609727,43.08576787197636,2020-07-17,3,55.0
55079005900,55079018600,-87.98523579862835,43.06821108392844,-87.92255649026754,42.995575414800356,2020-07-17,1,18.0
55079005900,55079009100,-87.98523579862835,43.06821108392844,-87.96852806703085,43.060675408064526,2020-07-17,3,55.0
55079005900,55079001900,-87.98523579862835,43.06821108392844,-87.98367415791445,43.115686316787006,2020-07-17,2,36.0
55079005900,55079003700,-87.98523579862835,43.06821108392844,-87.98336380852676,43.08546039091554,2020-07-17,1,18.0
55079005900,55079090700,-87.98523579862835,43.06821108392844,-88.02545440842808,43.059193901469925,2020-07-17,2,36.0
55079005900,55079011100,-87.98523579862835,43.06821108392844,-87.90155963599153,43.04933924860895,2020-07-17,1,18.0
55079005900,55079004100,-87.98523579862835,43.06821108392844,-87.95681147526382,43.0940907627305,2020-07-17,1,18.0
55079005900,55079013400,-87.98523579862835,43.06821108392844,-87.95356038604784,43.03496530197635,2020-07-17,1,18.0
55079005900,55079091000,-87.98523579862835,43.06821108392844,-87.99705672432205,43.06433297165757,2020-07-17,4,73.0
55079005900,55079100300,-87.98523579862835,43.06821108392844,-88.00316709835943,43.017354422985534,2020-07-17,1,18.0
55079005900,55079186900,-87.98523579862835,43.06821108392844,-87.88804149673794,43.05226526687869,2020-07-17,1,18.0
55079005900,55079005100,-87.98523579862835,43.06821108392844,-87.99757698420609,43.08261869423604,2020-07-17,1,18.0
55079005900,55079004900,-87.98523579862835,43.06821108392844,-87.97231517837423,43.077061406485264,2020-07-17,2,36.0
55079005900,55079170300,-87.98523579862835,43.06821108392844,-87.87538996197884,42.9095536521384,2020-07-17,1,18.0
55079005900,55079009200,-87.98523579862835,43.06821108392844,-87.97560474362125,43.06069020349929,2020-07-17,1,18.0
55079005900,55079006400,-87.98523579862835,43.06821108392844,-87.94234792087695,43.07421796319209,2020-07-17,2,36.0
55079005900,55079017100,-87.98523579862835,43.06821108392844,-87.95808412992528,43.01056521552099,2020-07-17,1,18.0
55079005900,55079012200,-87.98523579862835,43.06821108392844,-87.95271101560115,43.04866661559741,2020-07-17,1,18.0
55079005900,55079013300,-87.98523579862835,43.06821108392844,-87.96206431187025,43.03483590901066,2020-07-17,1,18.0
55079005900,55079002500,-87.98523579862835,43.06821108392844,-87.96218045466739,43.10795733493045,2020-07-17,1,18.0
55079005900,55079006100,-87.98523579862835,43.06821108392844,-87.96847508739953,43.06791249267312,2020-07-17,2,36.0
55079005900,55079001000,-87.98523579862835,43.06821108392844,-87.95348314468296,43.12464896388482,2020-07-17,1,18.0
55079005900,55079009300,-87.98523579862835,43.06821108392844,-87.98314520393755,43.060746025032145,2020-07-17,6,110.0
55079005900,55079017000,-87.98523579862835,43.06821108392844,-87.9475259715867,43.01041841584858,2020-07-17,1,18.0
55079005900,55079003000,-87.98523579862835,43.06821108392844,-87.99619059962126,43.10851035065769,2020-07-17,1,18.0
55079005900,55079008800,-87.98523579862835,43.06821108392844,-87.94617084834631,43.06788862375971,2020-07-17,1,18.0
55079005900,55079006900,-87.98523579862835,43.06821108392844,-87.91078185483303,43.07979537793229,2020-07-17,2,36.0
55079007500,55079060200,-87.87772470520909,43.071061371506396,-87.9245165328896,43.11556508690733,2020-07-17,2,59.0
55079007500,55079004400,-87.87772470520909,43.071061371506396,-87.90608569163814,43.089298213737145,2020-07-17,1,29.0
55079007500,55079016200,-87.87772470520909,43.071061371506396,-87.94745090497267,43.01660575920564,2020-07-17,1,29.0
55079007500,55079010800,-87.87772470520909,43.071061371506396,-87.88986181293924,43.05733829509928,2020-07-17,1,29.0
55079007500,55079011200,-87.87772470520909,43.071061371506396,-87.89756439120579,43.055476240018415,2020-07-17,1,29.0
55079007500,55079110100,-87.87772470520909,43.071061371506396,-87.9710022364233,43.012448953036525,2020-07-17,1,29.0
55079007500,55079101000,-87.87772470520909,43.071061371506396,-88.05764456171738,42.99173938525954,2020-07-17,1,29.0
55079007500,55079186300,-87.87772470520909,43.071061371506396,-87.91799927397663,43.040616743150025,2020-07-17,2,59.0
55079007500,55079070300,-87.87772470520909,43.071061371506396,-87.90380003116019,43.10631443965618,2020-07-17,2,59.0
55079007500,55079090200,-87.87772470520909,43.071061371506396,-88.05200796218348,43.081902180003375,2020-07-17,2,59.0
55079007500,55079060101,-87.87772470520909,43.071061371506396,-87.92535691568614,43.13950788268824,2020-07-17,2,59.0
55079007500,55079090600,-87.87772470520909,43.071061371506396,-88.05435154566402,43.03795832032663,2020-07-17,2,59.0
55079007500,55079080300,-87.87772470520909,43.071061371506396,-87.87475616434764,43.089996653126924,2020-07-17,2,59.0
55079007500,55079185300,-87.87772470520909,43.071061371506396,-88.04265402690729,43.049880154873065,2020-07-17,2,59.0
55079007500,55079187400,-87.87772470520909,43.071061371506396,-87.90767949876499,43.03217517915639,2020-07-17,4,118.0
55079007500,55079012500,-87.87772470520909,43.071061371506396,-87.97654888060033,43.037091021714275,2020-07-17,1,29.0
55079007500,55079021000,-87.87772470520909,43.071061371506396,-87.89993467732904,42.962739149255064,2020-07-17,1,29.0
55079007500,55079160204,-87.87772470520909,43.071061371506396,-87.9317944903397,42.879700165258704,2020-07-17,1,29.0
55079007500,55079186800,-87.87772470520909,43.071061371506396,-87.9506670108877,43.02815858561159,2020-07-17,1,29.0
55079007500,55079187200,-87.87772470520909,43.071061371506396,-88.00769048889484,42.863813659193866,2020-07-17,1,29.0
55079007500,55079080100,-87.87772470520909,43.071061371506396,-87.89773689723896,43.0955518884228,2020-07-17,1,29.0
55079007500,55079005000,-87.87772470520909,43.071061371506396,-87.98327608357046,43.07665137069942,2020-07-17,1,29.0
55079007500,55079100900,-87.87772470520909,43.071061371506396,-88.05216898532913,43.00959788353506,2020-07-17,1,29.0
55079007500,55079186500,-87.87772470520909,43.071061371506396,-87.9130303085029,43.02319729476483,2020-07-17,2,59.0
55079007500,55079007500,-87.87772470520909,43.071061371506396,-87.87772470520909,43.071061371506396,2020-07-17,53,1565.0
55079007500,55079016800,-87.87772470520909,43.071061371506396,-87.92935001478907,43.01036042537408,2020-07-17,1,29.0
55079007500,55079070100,-87.87772470520909,43.071061371506396,-87.9076583493148,43.12063010988105,2020-07-17,2,59.0
55079007500,55079101400,-87.87772470520909,43.071061371506396,-88.02735540531337,43.00631524274058,2020-07-17,1,29.0
55079007500,55079007700,-87.87772470520909,43.071061371506396,-87.88849935823362,43.06389053422122,2020-07-17,2,59.0
55079007500,55079011300,-87.87772470520909,43.071061371506396,-87.90713298111844,43.04890661506502,2020-07-17,2,59.0
55079007500,55079014400,-87.87772470520909,43.071061371506396,-87.90784049253895,43.042413401572134,2020-07-17,4,118.0
55079007500,55079018000,-87.87772470520909,43.071061371506396,-87.8945288084346,43.01098558683315,2020-07-17,1,29.0
55079007500,55079050102,-87.87772470520909,43.071061371506396,-87.96743569232115,43.172443064752215,2020-07-17,1,29.0
55079007500,55079015800,-87.87772470520909,43.071061371506396,-87.93761636287321,43.021659379009066,2020-07-17,1,29.0
55079007500,55079007900,-87.87772470520909,43.071061371506396,-87.89683936352995,43.06599950452746,2020-07-17,1,29.0
55079007500,55079007300,-87.87772470520909,43.071061371506396,-87.88807891595606,43.0779148594549,2020-07-17,1,29.0
55079007500,55079080200,-87.87772470520909,43.071061371506396,-87.8877423232882,43.0942616397457,2020-07-17,5,147.0
55079007500,55079019900,-87.87772470520909,43.071061371506396,-87.98235255712866,42.973172118392476,2020-07-17,1,29.0
55079007500,55079010700,-87.87772470520909,43.071061371506396,-87.90095083433016,43.0597678010215,2020-07-17,1,29.0
55079007500,55079100200,-87.87772470520909,43.071061371506396,-87.99137992566246,43.01460892403096,2020-07-17,1,29.0
55079007500,55079007200,-87.87772470520909,43.071061371506396,-87.89788270005259,43.07774402945858,2020-07-17,3,88.0
55079007500,55079007600,-87.87772470520909,43.071061371506396,-87.87859580944733,43.06399812725538,2020-07-17,4,118.0
55079007500,55079186600,-87.87772470520909,43.071061371506396,-87.91355022125023,43.001384465822476,2020-07-17,1,29.0
55079007500,55079011000,-87.87772470520909,43.071061371506396,-87.89727240641399,43.050053518943756,2020-07-17,1,29.0
55079007500,55079007800,-87.87772470520909,43.071061371506396,-87.88801504624632,43.07075279367613,2020-07-17,4,118.0
55079007500,55079018500,-87.87772470520909,43.071061371506396,-87.91439743752404,42.98441904059949,2020-07-17,1,29.0
55079007500,55079018300,-87.87772470520909,43.071061371506396,-87.89285805580873,42.991354183119796,2020-07-17,1,29.0
55079007500,55079020600,-87.87772470520909,43.071061371506396,-87.90444286867323,42.9810337820488,2020-07-17,1,29.0
55079007500,55079101300,-87.87772470520909,43.071061371506396,-88.02770018483265,42.99907770295741,2020-07-17,1,29.0
55079012400,55079020000,-87.97680856828566,43.04580144948212,-87.95273620994368,42.98405311376188,2020-07-17,1,23.0
55079012400,55079004300,-87.97680856828566,43.04580144948212,-87.93220867621264,43.094799127568905,2020-07-17,1,23.0
55079012400,55079012800,-87.97680856828566,43.04580144948212,-88.03145321223326,43.03059221584991,2020-07-17,1,23.0
55079012400,55079019000,-87.97680856828566,43.04580144948212,-87.967877289968,42.995496154489715,2020-07-17,2,47.0
55079012400,55079100100,-87.97680856828566,43.04580144948212,-87.98598444052216,43.01659648927991,2020-07-17,2,47.0
55079012400,55079000102,-87.97680856828566,43.04580144948212,-88.01167859828367,43.164645145767146,2020-07-17,1,23.0
55079012400,55079011200,-87.97680856828566,43.04580144948212,-87.89756439120579,43.055476240018415,2020-07-17,1,23.0
55079012400,55079110100,-87.97680856828566,43.04580144948212,-87.9710022364233,43.012448953036525,2020-07-17,1,23.0
55079012400,55079000600,-87.97680856828566,43.04580144948212,-88.00190569680801,43.14010292722225,2020-07-17,1,23.0
55079012400,55079050101,-87.97680856828566,43.04580144948212,-87.98494662348081,43.17683059907653,2020-07-17,1,23.0
55079012400,55079101600,-87.97680856828566,43.04580144948212,-87.98881839806968,43.003113634057684,2020-07-17,1,23.0
55079012400,55079012400,-87.97680856828566,43.04580144948212,-87.97680856828566,43.04580144948212,2020-07-17,92,2192.0
55079012400,55079021700,-87.97680856828566,43.04580144948212,-87.91312462574102,42.94052513723052,2020-07-17,2,47.0
55079012400,55079090100,-87.97680856828566,43.04580144948212,-88.04837730790923,43.0973204568905,2020-07-17,1,23.0
55079012400,55079090900,-87.97680856828566,43.04580144948212,-88.00270912368009,43.06124682618238,2020-07-17,1,23.0
55079012400,55079120203,-87.97680856828566,43.04580144948212,-88.00776394431053,42.95694649923871,2020-07-17,1,23.0
55079012400,55079009500,-87.97680856828566,43.04580144948212,-87.97530476217976,43.0530114064315,2020-07-17,1,23.0
55079012400,55079003200,-87.97680856828566,43.04580144948212,-88.00111189801154,43.10115852758208,2020-07-17,1,23.0
55079012400,55079185300,-87.97680856828566,43.04580144948212,-88.04265402690729,43.049880154873065,2020-07-17,1,23.0
55079012400,55079187400,-87.97680856828566,43.04580144948212,-87.90767949876499,43.03217517915639,2020-07-17,1,23.0
55079012400,55079150304,-87.97680856828566,43.04580144948212,-88.02760163837803,42.91519132559998,2020-07-17,1,23.0
55079012400,55079012500,-87.97680856828566,43.04580144948212,-87.97654888060033,43.037091021714275,2020-07-17,2,47.0
55079012400,55079005400,-87.97680856828566,43.04580144948212,-88.02259608100492,43.0824437803151,2020-07-17,2,47.0
55079012400,55079000502,-87.97680856828566,43.04580144948212,-88.03128731150349,43.12480634966938,2020-07-17,1,23.0
55079012400,55079186800,-87.97680856828566,43.04580144948212,-87.9506670108877,43.02815858561159,2020-07-17,1,23.0
55079012400,55079187200,-87.97680856828566,43.04580144948212,-88.00769048889484,42.863813659193866,2020-07-17,2,47.0
55079012400,55079091200,-87.97680856828566,43.04580144948212,-88.00388284004167,43.0467075980639,2020-07-17,9,214.0
55079012400,55079001400,-87.97680856828566,43.04580144948212,-88.01656972395298,43.130900969315825,2020-07-17,1,23.0
55079012400,55079100900,-87.97680856828566,43.04580144948212,-88.05216898532913,43.00959788353506,2020-07-17,4,95.0
55079012400,55079101100,-87.97680856828566,43.04580144948212,-88.04276904850849,42.99420752845147,2020-07-17,1,23.0
55079012400,55079140100,-87.97680856828566,43.04580144948212,-88.0188613886232,42.93745223479677,2020-07-17,1,23.0
55079012400,55079186500,-87.97680856828566,43.04580144948212,-87.9130303085029,43.02319729476483,2020-07-17,3,71.0
55079012400,55079003300,-87.97680856828566,43.04580144948212,-88.0173066794685,43.1010408446094,2020-07-17,1,23.0
55079012400,55079101400,-87.97680856828566,43.04580144948212,-88.02735540531337,43.00631524274058,2020-07-17,1,23.0
55079012400,55079003600,-87.97680856828566,43.04580144948212,-87.98321131530031,43.092736225323044,2020-07-17,1,23.0
55079012400,55079014400,-87.97680856828566,43.04580144948212,-87.90784049253895,43.042413401572134,2020-07-17,1,23.0
55079012400,55079100400,-87.97680856828566,43.04580144948212,-88.01166560297426,43.0170103539625,2020-07-17,1,23.0
55079012400,55079150100,-87.97680856828566,43.04580144948212,-87.97759713310646,42.91424119290261,2020-07-17,1,23.0
55079012400,55079016100,-87.97680856828566,43.04580144948212,-87.95946595975387,43.016089910899275,2020-07-17,1,23.0
55079012400,55079187000,-87.97680856828566,43.04580144948212,-87.88728455831759,43.05530607398437,2020-07-17,1,23.0
55079012400,55079101800,-87.97680856828566,43.04580144948212,-88.00969812606968,42.99373426381014,2020-07-17,1,23.0
55079012400,55079009400,-87.97680856828566,43.04580144948212,-87.98309572088205,43.053347935581954,2020-07-17,6,142.0
55079012400,55079080200,-87.97680856828566,43.04580144948212,-87.8877423232882,43.0942616397457,2020-07-17,2,47.0
55079012400,55079101700,-87.97680856828566,43.04580144948212,-88.00697190300957,43.00173437379505,2020-07-17,1,23.0
55079012400,55079100200,-87.97680856828566,43.04580144948212,-87.99137992566246,43.01460892403096,2020-07-17,1,23.0
55079012400,55079012600,-87.97680856828566,43.04580144948212,-87.99443577770006,43.034032251200934,2020-07-17,3,71.0
55079012400,55079005900,-87.97680856828566,43.04580144948212,-87.98523579862835,43.06821108392844,2020-07-17,1,23.0
55079012400,55079012300,-87.97680856828566,43.04580144948212,-87.96196748080853,43.043599093031496,2020-07-17,2,47.0
55079012400,55079020200,-87.97680856828566,43.04580144948212,-87.94112496275925,42.977527635995024,2020-07-17,1,23.0
55079012400,55079019700,-87.97680856828566,43.04580144948212,-88.00741820523533,42.97570820507905,2020-07-17,1,23.0
55079012400,55079009000,-87.97680856828566,43.04580144948212,-87.9610837883489,43.060355868415826,2020-07-17,2,47.0
55079012400,55079009100,-87.97680856828566,43.04580144948212,-87.96852806703085,43.060675408064526,2020-07-17,1,23.0
55079012400,55079009600,-87.97680856828566,43.04580144948212,-87.96486502955395,43.05277336645368,2020-07-17,3,71.0
55079012400,55079019300,-87.97680856828566,43.04580144948212,-87.99612754588766,42.99498021323571,2020-07-17,1,23.0
55079012400,55079013400,-87.97680856828566,43.04580144948212,-87.95356038604784,43.03496530197635,2020-07-17,1,23.0
55079012400,55079186200,-87.97680856828566,43.04580144948212,-87.93244814260824,43.04856605375616,2020-07-17,1,23.0
55079012400,55079186900,-87.97680856828566,43.04580144948212,-87.88804149673794,43.05226526687869,2020-07-17,1,23.0
55079012400,55079009200,-87.97680856828566,43.04580144948212,-87.97560474362125,43.06069020349929,2020-07-17,1,23.0
55079012400,55079012900,-87.97680856828566,43.04580144948212,-87.99989477924994,43.028140622580246,2020-07-17,1,23.0
55079012400,55079012200,-87.97680856828566,43.04580144948212,-87.95271101560115,43.04866661559741,2020-07-17,2,47.0
55079012400,55079009300,-87.97680856828566,43.04580144948212,-87.98314520393755,43.060746025032145,2020-07-17,1,23.0
55079012400,55079021100,-87.97680856828566,43.04580144948212,-87.91444199314573,42.970152010378044,2020-07-17,1,23.0
55079015800,55079020000,-87.93761636287321,43.021659379009066,-87.95273620994368,42.98405311376188,2020-07-17,7,179.0
55079015800,55079002100,-87.93761636287321,43.021659379009066,-87.95315716160212,43.115529640428136,2020-07-17,1,25.0
55079015800,55079060200,-87.93761636287321,43.021659379009066,-87.9245165328896,43.11556508690733,2020-07-17,2,51.0
55079015800,55079012800,-87.93761636287321,43.021659379009066,-88.03145321223326,43.03059221584991,2020-07-17,1,25.0
55079015800,55079015700,-87.93761636287321,43.021659379009066,-87.92777138656925,43.021663598322064,2020-07-17,7,179.0
55079015800,55079100100,-87.93761636287321,43.021659379009066,-87.98598444052216,43.01659648927991,2020-07-17,1,25.0
55079015800,55079000101,-87.93761636287321,43.021659379009066,-88.00922083481396,43.18510784936368,2020-07-17,2,51.0
55079015800,55079110100,-87.93761636287321,43.021659379009066,-87.9710022364233,43.012448953036525,2020-07-17,6,154.0
55079015800,55079160100,-87.93761636287321,43.021659379009066,-87.91471599062149,42.91513941042769,2020-07-17,1,25.0
55079015800,55079000600,-87.93761636287321,43.021659379009066,-88.00190569680801,43.14010292722225,2020-07-17,2,51.0
55079015800,55079186300,-87.93761636287321,43.021659379009066,-87.91799927397663,43.040616743150025,2020-07-17,1,25.0
55079015800,55079021700,-87.93761636287321,43.021659379009066,-87.91312462574102,42.94052513723052,2020-07-17,1,25.0
55079015800,55079090900,-87.93761636287321,43.021659379009066,-88.00270912368009,43.06124682618238,2020-07-17,1,25.0
55079015800,55079185300,-87.93761636287321,43.021659379009066,-88.04265402690729,43.049880154873065,2020-07-17,3,77.0
55079015800,55079186800,-87.93761636287321,43.021659379009066,-87.9506670108877,43.02815858561159,2020-07-17,2,51.0
55079015800,55079018900,-87.93761636287321,43.021659379009066,-87.95323213052187,42.995654122863776,2020-07-17,1,25.0
55079015800,55079020100,-87.93761636287321,43.021659379009066,-87.94099671150566,42.988482506396224,2020-07-17,4,102.0
55079015800,55079180400,-87.93761636287321,43.021659379009066,-87.85633588550823,42.93709205888796,2020-07-17,1,25.0
55079015800,55079005000,-87.93761636287321,43.021659379009066,-87.98327608357046,43.07665137069942,2020-07-17,1,25.0
55079015800,55079100900,-87.93761636287321,43.021659379009066,-88.05216898532913,43.00959788353506,2020-07-17,3,77.0
55079015800,55079101100,-87.93761636287321,43.021659379009066,-88.04276904850849,42.99420752845147,2020-07-17,1,25.0
55079015800,55079017900,-87.93761636287321,43.021659379009066,-87.90503327479618,42.998772533253295,2020-07-17,1,25.0
55079015800,55079186500,-87.93761636287321,43.021659379009066,-87.9130303085029,43.02319729476483,2020-07-17,3,77.0
55079015800,55079016800,-87.93761636287321,43.021659379009066,-87.92935001478907,43.01036042537408,2020-07-17,1,25.0
55079015800,55079070100,-87.93761636287321,43.021659379009066,-87.9076583493148,43.12063010988105,2020-07-17,2,51.0
55079015800,55079101400,-87.93761636287321,43.021659379009066,-88.02735540531337,43.00631524274058,2020-07-17,1,25.0
55079015800,55079018000,-87.93761636287321,43.021659379009066,-87.8945288084346,43.01098558683315,2020-07-17,1,25.0
55079015800,55079070200,-87.93761636287321,43.021659379009066,-87.8919112738197,43.1133970416122,2020-07-17,2,51.0
55079015800,55079150100,-87.93761636287321,43.021659379009066,-87.97759713310646,42.91424119290261,2020-07-17,4,102.0
55079015800,55079016100,-87.93761636287321,43.021659379009066,-87.95946595975387,43.016089910899275,2020-07-17,1,25.0
55079015800,55079120102,-87.93761636287321,43.021659379009066,-88.04966546230908,42.97409794368699,2020-07-17,1,25.0
55079015800,55079050102,-87.93761636287321,43.021659379009066,-87.96743569232115,43.172443064752215,2020-07-17,1,25.0
55079015800,55079015800,-87.93761636287321,43.021659379009066,-87.93761636287321,43.021659379009066,2020-07-17,78,2004.0
55079015800,55079020700,-87.93761636287321,43.021659379009066,-87.89282968229121,42.980391637955094,2020-07-17,1,25.0
55079015800,55079007900,-87.93761636287321,43.021659379009066,-87.89683936352995,43.06599950452746,2020-07-17,2,51.0
55079015800,55079006300,-87.93761636287321,43.021659379009066,-87.95229119818997,43.07635281761954,2020-07-17,1,25.0
55079015800,55079016300,-87.93761636287321,43.021659379009066,-87.93764055272034,43.01572710315665,2020-07-17,5,128.0
55079015800,55079100200,-87.93761636287321,43.021659379009066,-87.99137992566246,43.01460892403096,2020-07-17,3,77.0
55079015800,55079000900,-87.93761636287321,43.021659379009066,-87.95566887882444,43.14970170326806,2020-07-17,1,25.0
55079015800,55079001300,-87.93761636287321,43.021659379009066,-87.99843350448002,43.126783535933505,2020-07-17,1,25.0
55079015800,55079016700,-87.93761636287321,43.021659379009066,-87.92209519609614,43.010301162214034,2020-07-17,2,51.0
55079015800,55079018800,-87.93761636287321,43.021659379009066,-87.94058386370827,42.99929639057026,2020-07-17,1,25.0
55079015800,55079186600,-87.93761636287321,43.021659379009066,-87.91355022125023,43.001384465822476,2020-07-17,1,25.0
55079015800,55079014900,-87.93761636287321,43.021659379009066,-87.94481830610269,43.03704436935605,2020-07-17,2,51.0
55079015800,55079021500,-87.93761636287321,43.021659379009066,-87.94398245259515,42.952098604888974,2020-07-17,3,77.0
55079015800,55079020200,-87.93761636287321,43.021659379009066,-87.94112496275925,42.977527635995024,2020-07-17,1,25.0
55079015800,55079018600,-87.93761636287321,43.021659379009066,-87.92255649026754,42.995575414800356,2020-07-17,1,25.0
55079015800,55079001100,-87.93761636287321,43.021659379009066,-87.96901390366762,43.127689901740844,2020-07-17,1,25.0
55079015800,55079016500,-87.93761636287321,43.021659379009066,-87.91153110922029,43.01579142211555,2020-07-17,4,102.0
55079015800,55079180200,-87.93761636287321,43.021659379009066,-87.85506992096182,42.95465467367753,2020-07-17,1,25.0
55079015800,55079019300,-87.93761636287321,43.021659379009066,-87.99612754588766,42.99498021323571,2020-07-17,2,51.0
55079015800,55079004100,-87.93761636287321,43.021659379009066,-87.95681147526382,43.0940907627305,2020-07-17,1,25.0
55079015800,55079012900,-87.93761636287321,43.021659379009066,-87.99989477924994,43.028140622580246,2020-07-17,3,77.0
55079015800,55079001000,-87.93761636287321,43.021659379009066,-87.95348314468296,43.12464896388482,2020-07-17,1,25.0
55079015800,55079008800,-87.93761636287321,43.021659379009066,-87.94617084834631,43.06788862375971,2020-07-17,1,25.0
55079015800,55079015900,-87.93761636287321,43.021659379009066,-87.9473669417017,43.02159668337006,2020-07-17,2,51.0
55079021600,55079020000,-87.92488475274558,42.952251222261935,-87.95273620994368,42.98405311376188,2020-07-17,9,171.0
55079021600,55079004300,-87.92488475274558,42.952251222261935,-87.93220867621264,43.094799127568905,2020-07-17,1,19.0
55079021600,55079004400,-87.92488475274558,42.952251222261935,-87.90608569163814,43.089298213737145,2020-07-17,1,19.0
55079021600,55079004500,-87.92488475274558,42.952251222261935,-87.92226909278084,43.08550885272536,2020-07-17,1,19.0
55079021600,55079015700,-87.92488475274558,42.952251222261935,-87.92777138656925,43.021663598322064,2020-07-17,3,57.0
55079021600,55079016200,-87.92488475274558,42.952251222261935,-87.94745090497267,43.01660575920564,2020-07-17,3,57.0
55079021600,55079019000,-87.92488475274558,42.952251222261935,-87.967877289968,42.995496154489715,2020-07-17,1,19.0
55079021600,55079000101,-87.92488475274558,42.952251222261935,-88.00922083481396,43.18510784936368,2020-07-17,1,19.0
55079021600,55079000102,-87.92488475274558,42.952251222261935,-88.01167859828367,43.164645145767146,2020-07-17,1,19.0
55079021600,55079000202,-87.92488475274558,42.952251222261935,-88.04132965001602,43.160382512849615,2020-07-17,1,19.0
55079021600,55079011400,-87.92488475274558,42.952251222261935,-87.9106574898586,43.05269479350376,2020-07-17,1,19.0
55079021600,55079110100,-87.92488475274558,42.952251222261935,-87.9710022364233,43.012448953036525,2020-07-17,2,38.0
55079021600,55079101000,-87.92488475274558,42.952251222261935,-88.05764456171738,42.99173938525954,2020-07-17,2,38.0
55079021600,55079021200,-87.92488475274558,42.952251222261935,-87.92101040508955,42.965284697357816,2020-07-17,16,304.0
55079021600,55079160100,-87.92488475274558,42.952251222261935,-87.91471599062149,42.91513941042769,2020-07-17,16,304.0
55079021600,55079000600,-87.92488475274558,42.952251222261935,-88.00190569680801,43.14010292722225,2020-07-17,1,19.0
55079021600,55079090300,-87.92488475274558,42.952251222261935,-88.0515779905257,43.06739040507833,2020-07-17,3,57.0
55079021600,55079101600,-87.92488475274558,42.952251222261935,-87.98881839806968,43.003113634057684,2020-07-17,1,19.0
55079021600,55079186300,-87.92488475274558,42.952251222261935,-87.91799927397663,43.040616743150025,2020-07-17,3,57.0
55079021600,55079021700,-87.92488475274558,42.952251222261935,-87.91312462574102,42.94052513723052,2020-07-17,22,418.0
55079021600,55079120501,-87.92488475274558,42.952251222261935,-87.96680035551529,42.94072396992586,2020-07-17,4,76.0
55079021600,55079019100,-87.92488475274558,42.952251222261935,-87.96549351619066,42.982165146288615,2020-07-17,1,19.0
55079021600,55079070300,-87.92488475274558,42.952251222261935,-87.90380003116019,43.10631443965618,2020-07-17,1,19.0
55079021600,55079090200,-87.92488475274558,42.952251222261935,-88.05200796218348,43.081902180003375,2020-07-17,3,57.0
55079021600,55079120400,-87.92488475274558,42.952251222261935,-87.96548496050795,42.96670427425607,2020-07-17,8,152.0
55079021600,55079120203,-87.92488475274558,42.952251222261935,-88.00776394431053,42.95694649923871,2020-07-17,3,57.0
55079021600,55079018400,-87.92488475274558,42.952251222261935,-87.90417459790928,42.9917062933768,2020-07-17,1,19.0
55079021600,55079160300,-87.92488475274558,42.952251222261935,-87.8893867076047,42.856940087232964,2020-07-17,3,57.0
55079021600,55079187300,-87.92488475274558,42.952251222261935,-87.9656302556773,42.887159701718595,2020-07-17,3,57.0
55079021600,55079017300,-87.92488475274558,42.952251222261935,-87.94877202549131,43.0036525046766,2020-07-17,1,19.0
55079021600,55079000501,-87.92488475274558,42.952251222261935,-88.04340002069712,43.115390222488664,2020-07-17,1,19.0
55079021600,55079186000,-87.92488475274558,42.952251222261935,-87.92039854147795,43.053956957431964,2020-07-17,1,19.0
55079021600,55079021400,-87.92488475274558,42.952251222261935,-87.93891709359613,42.96295890378409,2020-07-17,7,133.0
55079021600,55079185500,-87.92488475274558,42.952251222261935,-87.92624880733425,43.0601763240656,2020-07-17,1,19.0
55079021600,55079185300,-87.92488475274558,42.952251222261935,-88.04265402690729,43.049880154873065,2020-07-17,1,19.0
55079021600,55079120502,-87.92488475274558,42.952251222261935,-87.96510992081555,42.95304728304586,2020-07-17,4,76.0
55079021600,55079187400,-87.92488475274558,42.952251222261935,-87.90767949876499,43.03217517915639,2020-07-17,5,95.0
55079021600,55079180500,-87.92488475274558,42.952251222261935,-87.87471526249948,42.93725893299447,2020-07-17,3,57.0
55079021600,55079000400,-87.92488475274558,42.952251222261935,-88.05554472050937,43.110954423820296,2020-07-17,1,19.0
55079021600,55079021000,-87.92488475274558,42.952251222261935,-87.89993467732904,42.962739149255064,2020-07-17,1,19.0
55079021600,55079160204,-87.92488475274558,42.952251222261935,-87.9317944903397,42.879700165258704,2020-07-17,3,57.0
55079021600,55079186800,-87.92488475274558,42.952251222261935,-87.9506670108877,43.02815858561159,2020-07-17,3,57.0
55079021600,55079187200,-87.92488475274558,42.952251222261935,-88.00769048889484,42.863813659193866,2020-07-17,3,57.0
55079021600,55079080100,-87.92488475274558,42.952251222261935,-87.89773689723896,43.0955518884228,2020-07-17,1,19.0
55079021600,55079160203,-87.92488475274558,42.952251222261935,-87.91638950191752,42.89402789790319,2020-07-17,10,190.0
55079021600,55079091200,-87.92488475274558,42.952251222261935,-88.00388284004167,43.0467075980639,2020-07-17,1,19.0
55079021600,55079018900,-87.92488475274558,42.952251222261935,-87.95323213052187,42.995654122863776,2020-07-17,3,57.0
55079021600,55079020100,-87.92488475274558,42.952251222261935,-87.94099671150566,42.988482506396224,2020-07-17,3,57.0
55079021600,55079160202,-87.92488475274558,42.952251222261935,-87.87217546542965,42.881379330302295,2020-07-17,8,152.0
55079021600,55079180400,-87.92488475274558,42.952251222261935,-87.85633588550823,42.93709205888796,2020-07-17,1,19.0
55079021600,55079100900,-87.92488475274558,42.952251222261935,-88.05216898532913,43.00959788353506,2020-07-17,1,19.0
55079021600,55079101100,-87.92488475274558,42.952251222261935,-88.04276904850849,42.99420752845147,2020-07-17,4,76.0
55079021600,55079013600,-87.92488475274558,42.952251222261935,-87.9527511611333,43.04369545920421,2020-07-17,2,38.0
55079021600,55079140100,-87.92488475274558,42.952251222261935,-88.0188613886232,42.93745223479677,2020-07-17,3,57.0
55079021600,55079140201,-87.92488475274558,42.952251222261935,-87.99911426080601,42.93902100763907,2020-07-17,6,114.0
55079021600,55079186500,-87.92488475274558,42.952251222261935,-87.9130303085029,43.02319729476483,2020-07-17,1,19.0
55079021600,55079007500,-87.92488475274558,42.952251222261935,-87.87772470520909,43.071061371506396,2020-07-17,1,19.0
55079021600,55079016800,-87.92488475274558,42.952251222261935,-87.92935001478907,43.01036042537408,2020-07-17,2,38.0
55079021600,55079120101,-87.92488475274558,42.952251222261935,-88.04814010007517,42.95916305909443,2020-07-17,2,38.0
55079021600,55079003600,-87.92488475274558,42.952251222261935,-87.98321131530031,43.092736225323044,2020-07-17,1,19.0
55079021600,55079014400,-87.92488475274558,42.952251222261935,-87.90784049253895,43.042413401572134,2020-07-17,3,57.0
55079021600,55079170700,-87.92488475274558,42.952251222261935,-87.84797376219025,42.90256149755693,2020-07-17,2,38.0
55079021600,55079018000,-87.92488475274558,42.952251222261935,-87.8945288084346,43.01098558683315,2020-07-17,1,19.0
55079021600,55079150100,-87.92488475274558,42.952251222261935,-87.97759713310646,42.91424119290261,2020-07-17,11,209.0
55079021600,55079021600,-87.92488475274558,42.952251222261935,-87.92488475274558,42.952251222261935,2020-07-17,248,4715.0
55079021600,55079005500,-87.92488475274558,42.952251222261935,-88.03284541742188,43.08237006688624,2020-07-17,1,19.0
55079021600,55079016100,-87.92488475274558,42.952251222261935,-87.95946595975387,43.016089910899275,2020-07-17,1,19.0
55079021600,55079021300,-87.92488475274558,42.952251222261935,-87.93877469638159,42.970224160413096,2020-07-17,2,38.0
55079021600,55079016600,-87.92488475274558,42.952251222261935,-87.9139279223807,43.010028166006215,2020-07-17,2,38.0
55079021600,55079014100,-87.92488475274558,42.952251222261935,-87.92097269793881,43.04863570292668,2020-07-17,1,19.0
55079021600,55079101800,-87.92488475274558,42.952251222261935,-88.00969812606968,42.99373426381014,2020-07-17,2,38.0
55079021600,55079009400,-87.92488475274558,42.952251222261935,-87.98309572088205,43.053347935581954,2020-07-17,1,19.0
55079021600,55079100800,-87.92488475274558,42.952251222261935,-88.05710943935104,43.023654444193184,2020-07-17,1,19.0
55079021600,55079120201,-87.92488475274558,42.952251222261935,-88.01868214174351,42.96737507435749,2020-07-17,2,38.0
55079021600,55079050102,-87.92488475274558,42.952251222261935,-87.96743569232115,43.172443064752215,2020-07-17,3,57.0
55079021600,55079180300,-87.92488475274558,42.952251222261935,-87.87005593266791,42.951885652862586,2020-07-17,2,38.0
55079021600,55079019500,-87.92488475274558,42.952251222261935,-88.02769031152603,42.97732706705707,2020-07-17,1,19.0
55079021600,55079000700,-87.92488475274558,42.952251222261935,-87.99009583376943,43.15588909293765,2020-07-17,1,19.0
55079021600,55079020400,-87.92488475274558,42.952251222261935,-87.9300852632457,42.98834002972675,2020-07-17,3,57.0
55079021600,55079010700,-87.92488475274558,42.952251222261935,-87.90095083433016,43.0597678010215,2020-07-17,1,19.0
55079021600,55079020300,-87.92488475274558,42.952251222261935,-87.92658964497383,42.979242665655576,2020-07-17,5,95.0
55079021600,55079016700,-87.92488475274558,42.952251222261935,-87.92209519609614,43.010301162214034,2020-07-17,2,38.0
55079021600,55079186600,-87.92488475274558,42.952251222261935,-87.91355022125023,43.001384465822476,2020-07-17,1,19.0
55079021600,55079012300,-87.92488475274558,42.952251222261935,-87.96196748080853,43.043599093031496,2020-07-17,1,19.0
55079021600,55079018500,-87.92488475274558,42.952251222261935,-87.91439743752404,42.98441904059949,2020-07-17,2,38.0
55079021600,55079020500,-87.92488475274558,42.952251222261935,-87.92272370744391,42.988321496925906,2020-07-17,2,38.0
55079021600,55079021500,-87.92488475274558,42.952251222261935,-87.94398245259515,42.952098604888974,2020-07-17,13,247.0
55079021600,55079020200,-87.92488475274558,42.952251222261935,-87.94112496275925,42.977527635995024,2020-07-17,2,38.0
55079021600,55079016400,-87.92488475274558,42.952251222261935,-87.92777599229481,43.01665943799343,2020-07-17,2,38.0
55079021600,55079002600,-87.92488475274558,42.952251222261935,-87.96192834607115,43.10067420371696,2020-07-17,1,19.0
55079021600,55079010600,-87.92488475274558,42.952251222261935,-87.90749884397533,43.060136167504425,2020-07-17,1,19.0
55079021600,55079013700,-87.92488475274558,42.952251222261935,-87.94529508707278,43.04229912697773,2020-07-17,1,19.0
55079021600,55079018300,-87.92488475274558,42.952251222261935,-87.89285805580873,42.991354183119796,2020-07-17,1,19.0
55079021600,55079016500,-87.92488475274558,42.952251222261935,-87.91153110922029,43.01579142211555,2020-07-17,1,19.0
55079021600,55079017600,-87.92488475274558,42.952251222261935,-87.92236059293215,43.00280872383964,2020-07-17,1,19.0
55079021600,55079018700,-87.92488475274558,42.952251222261935,-87.92991431934564,42.995583237143,2020-07-17,1,19.0
55079021600,55079014300,-87.92488475274558,42.952251222261935,-87.90101539256612,43.042731429373134,2020-07-17,1,19.0
55079021600,55079020600,-87.92488475274558,42.952251222261935,-87.90444286867323,42.9810337820488,2020-07-17,1,19.0
55079021600,55079170100,-87.92488475274558,42.952251222261935,-87.84892368656588,42.919583500675934,2020-07-17,2,38.0
55079021600,55079013400,-87.92488475274558,42.952251222261935,-87.95356038604784,43.03496530197635,2020-07-17,3,57.0
55079021600,55079186200,-87.92488475274558,42.952251222261935,-87.93244814260824,43.04856605375616,2020-07-17,1,19.0
55079021600,55079100300,-87.92488475274558,42.952251222261935,-88.00316709835943,43.017354422985534,2020-07-17,1,19.0
55079021600,55079101200,-87.92488475274558,42.952251222261935,-88.02772831407549,42.99180235090393,2020-07-17,1,19.0
55079021600,55079186900,-87.92488475274558,42.952251222261935,-87.88804149673794,43.05226526687869,2020-07-17,1,19.0
55079021600,55079185600,-87.92488475274558,42.952251222261935,-87.91469071944607,43.06026722158336,2020-07-17,1,19.0
55079021600,55079185200,-87.92488475274558,42.952251222261935,-87.88193798921913,42.967674094622936,2020-07-17,3,57.0
55079021600,55079016900,-87.92488475274558,42.952251222261935,-87.93770785693083,43.00951913559766,2020-07-17,1,19.0
55079021600,55079017000,-87.92488475274558,42.952251222261935,-87.9475259715867,43.01041841584858,2020-07-17,1,19.0
55079021600,55079185400,-87.92488475274558,42.952251222261935,-87.93768935592728,43.06023552955454,2020-07-17,1,19.0
55079021600,55079021100,-87.92488475274558,42.952251222261935,-87.91444199314573,42.970152010378044,2020-07-17,2,38.0
55079021600,55079006900,-87.92488475274558,42.952251222261935,-87.91078185483303,43.07979537793229,2020-07-17,1,19.0
55079021600,55079009700,-87.92488475274558,42.952251222261935,-87.95262115062044,43.05393954073114,2020-07-17,1,19.0
55079035100,55079060200,-87.89285549776399,43.15380150659221,-87.9245165328896,43.11556508690733,2020-07-17,6,137.0
55079035100,55079101000,-87.89285549776399,43.15380150659221,-88.05764456171738,42.99173938525954,2020-07-17,1,22.0
55079035100,55079018100,-87.89285549776399,43.15380150659221,-87.88469234682039,42.998709042311724,2020-07-17,1,22.0
55079035100,55079160100,-87.89285549776399,43.15380150659221,-87.91471599062149,42.91513941042769,2020-07-17,1,22.0
55079035100,55079090300,-87.89285549776399,43.15380150659221,-88.0515779905257,43.06739040507833,2020-07-17,1,22.0
55079035100,55079060101,-87.89285549776399,43.15380150659221,-87.92535691568614,43.13950788268824,2020-07-17,8,183.0
55079035100,55079000302,-87.89285549776399,43.15380150659221,-88.04649688617519,43.13922972061493,2020-07-17,1,22.0
55079035100,55079185300,-87.89285549776399,43.15380150659221,-88.04265402690729,43.049880154873065,2020-07-17,1,22.0
55079035100,55079020800,-87.89285549776399,43.15380150659221,-87.87636299879055,42.985307292991365,2020-07-17,1,22.0
55079035100,55079091200,-87.89285549776399,43.15380150659221,-88.00388284004167,43.0467075980639,2020-07-17,4,91.0
55079035100,55079180400,-87.89285549776399,43.15380150659221,-87.85633588550823,42.93709205888796,2020-07-17,2,45.0
55079035100,55079002800,-87.89285549776399,43.15380150659221,-87.97141961541004,43.10830621321033,2020-07-17,1,22.0
55079035100,55079101100,-87.89285549776399,43.15380150659221,-88.04276904850849,42.99420752845147,2020-07-17,1,22.0
55079035100,55079017900,-87.89285549776399,43.15380150659221,-87.90503327479618,42.998772533253295,2020-07-17,1,22.0
55079035100,55079070100,-87.89285549776399,43.15380150659221,-87.9076583493148,43.12063010988105,2020-07-17,5,114.0
55079035100,55079030100,-87.89285549776399,43.15380150659221,-87.89837270942148,43.1819862198906,2020-07-17,6,137.0
55079035100,55079040100,-87.89285549776399,43.15380150659221,-87.93527423095499,43.17163768621121,2020-07-17,3,68.0
55079035100,55079035100,-87.89285549776399,43.15380150659221,-87.89285549776399,43.15380150659221,2020-07-17,80,1837.0
55079035100,55079018000,-87.89285549776399,43.15380150659221,-87.8945288084346,43.01098558683315,2020-07-17,1,22.0
55079035100,55079070200,-87.89285549776399,43.15380150659221,-87.8919112738197,43.1133970416122,2020-07-17,2,45.0
55079035100,55079035200,-87.89285549776399,43.15380150659221,-87.9070718018067,43.16012040860922,2020-07-17,8,183.0
55079035100,55079187000,-87.89285549776399,43.15380150659221,-87.88728455831759,43.05530607398437,2020-07-17,1,22.0
55079035100,55079050102,-87.89285549776399,43.15380150659221,-87.96743569232115,43.172443064752215,2020-07-17,2,45.0
55079035100,55079000700,-87.89285549776399,43.15380150659221,-87.99009583376943,43.15588909293765,2020-07-17,3,68.0
55079035100,55079020400,-87.89285549776399,43.15380150659221,-87.9300852632457,42.98834002972675,2020-07-17,1,22.0
55079035100,55079007600,-87.89285549776399,43.15380150659221,-87.87859580944733,43.06399812725538,2020-07-17,2,45.0
55079035100,55079000900,-87.89285549776399,43.15380150659221,-87.95566887882444,43.14970170326806,2020-07-17,2,45.0
55079035100,55079020900,-87.89285549776399,43.15380150659221,-87.90186271433869,42.97013349358029,2020-07-17,1,22.0
55079035100,55079080400,-87.89285549776399,43.15380150659221,-87.88848724040903,43.08594082590386,2020-07-17,2,45.0
55079035100,55079007800,-87.89285549776399,43.15380150659221,-87.88801504624632,43.07075279367613,2020-07-17,1,22.0
55079035100,55079019800,-87.89285549776399,43.15380150659221,-87.98973307517815,42.982078809345225,2020-07-17,1,22.0
55079035100,55079090700,-87.89285549776399,43.15380150659221,-88.02545440842808,43.059193901469925,2020-07-17,1,22.0
55079035100,55079101300,-87.89285549776399,43.15380150659221,-88.02770018483265,42.99907770295741,2020-07-17,1,22.0
55079035100,55079060102,-87.89285549776399,43.15380150659221,-87.93974960524739,43.148654535590595,2020-07-17,3,68.0
55079035100,55079013300,-87.89285549776399,43.15380150659221,-87.96206431187025,43.03483590901066,2020-07-17,1,22.0
55079091100,55079060200,-88.00381885772617,43.05493775558714,-87.9245165328896,43.11556508690733,2020-07-17,1,30.0
55079091100,55079019000,-88.00381885772617,43.05493775558714,-87.967877289968,42.995496154489715,2020-07-17,2,60.0
55079091100,55079110100,-88.00381885772617,43.05493775558714,-87.9710022364233,43.012448953036525,2020-07-17,1,30.0
55079091100,55079160100,-88.00381885772617,43.05493775558714,-87.91471599062149,42.91513941042769,2020-07-17,1,30.0
55079091100,55079090300,-88.00381885772617,43.05493775558714,-88.0515779905257,43.06739040507833,2020-07-17,6,182.0
55079091100,55079186300,-88.00381885772617,43.05493775558714,-87.91799927397663,43.040616743150025,2020-07-17,1,30.0
55079091100,55079090100,-88.00381885772617,43.05493775558714,-88.04837730790923,43.0973204568905,2020-07-17,1,30.0
55079091100,55079090200,-88.00381885772617,43.05493775558714,-88.05200796218348,43.081902180003375,2020-07-17,1,30.0
55079091100,55079090900,-88.00381885772617,43.05493775558714,-88.00270912368009,43.06124682618238,2020-07-17,14,426.0
55079091100,55079090600,-88.00381885772617,43.05493775558714,-88.05435154566402,43.03795832032663,2020-07-17,1,30.0
55079091100,55079185300,-88.00381885772617,43.05493775558714,-88.04265402690729,43.049880154873065,2020-07-17,4,121.0
55079091100,55079187400,-88.00381885772617,43.05493775558714,-87.90767949876499,43.03217517915639,2020-07-17,1,30.0
55079091100,55079012500,-88.00381885772617,43.05493775558714,-87.97654888060033,43.037091021714275,2020-07-17,3,91.0
55079091100,55079130200,-88.00381885772617,43.05493775558714,-88.05891051157585,42.93732261654573,2020-07-17,1,30.0
55079091100,55079004600,-88.00381885772617,43.05493775558714,-87.9321086251029,43.08569057130924,2020-07-17,1,30.0
55079091100,55079186800,-88.00381885772617,43.05493775558714,-87.9506670108877,43.02815858561159,2020-07-17,1,30.0
55079091100,55079091200,-88.00381885772617,43.05493775558714,-88.00388284004167,43.0467075980639,2020-07-17,21,640.0
55079091100,55079091400,-88.00381885772617,43.05493775558714,-87.99383660813824,43.04031315098078,2020-07-17,2,60.0
55079091100,55079007500,-88.00381885772617,43.05493775558714,-87.87772470520909,43.071061371506396,2020-07-17,1,30.0
55079091100,55079091100,-88.00381885772617,43.05493775558714,-88.00381885772617,43.05493775558714,2020-07-17,125,3812.0
55079091100,55079101400,-88.00381885772617,43.05493775558714,-88.02735540531337,43.00631524274058,2020-07-17,1,30.0
55079091100,55079014400,-88.00381885772617,43.05493775558714,-87.90784049253895,43.042413401572134,2020-07-17,3,91.0
55079091100,55079021600,-88.00381885772617,43.05493775558714,-87.92488475274558,42.952251222261935,2020-07-17,2,60.0
55079091100,55079120102,-88.00381885772617,43.05493775558714,-88.04966546230908,42.97409794368699,2020-07-17,2,60.0
55079091100,55079150301,-88.00381885772617,43.05493775558714,-88.05345903025625,42.89781994777656,2020-07-17,1,30.0
55079091100,55079009400,-88.00381885772617,43.05493775558714,-87.98309572088205,43.053347935581954,2020-07-17,1,30.0
55079091100,55079100800,-88.00381885772617,43.05493775558714,-88.05710943935104,43.023654444193184,2020-07-17,1,30.0
55079091100,55079007300,-88.00381885772617,43.05493775558714,-87.88807891595606,43.0779148594549,2020-07-17,1,30.0
55079091100,55079010700,-88.00381885772617,43.05493775558714,-87.90095083433016,43.0597678010215,2020-07-17,2,60.0
55079091100,55079000201,-88.00381885772617,43.05493775558714,-88.0472441211064,43.1799495757708,2020-07-17,1,30.0
55079091100,55079007800,-88.00381885772617,43.05493775558714,-87.88801504624632,43.07075279367613,2020-07-17,2,60.0
55079091100,55079012700,-88.00381885772617,43.05493775558714,-88.0122777504643,43.029662330242175,2020-07-17,1,30.0
55079091100,55079150303,-88.00381885772617,43.05493775558714,-88.02312771344377,42.88960646488504,2020-07-17,1,30.0
55079091100,55079019800,-88.00381885772617,43.05493775558714,-87.98973307517815,42.982078809345225,2020-07-17,1,30.0
55079091100,55079017600,-88.00381885772617,43.05493775558714,-87.92236059293215,43.00280872383964,2020-07-17,1,30.0
55079091100,55079020600,-88.00381885772617,43.05493775558714,-87.90444286867323,42.9810337820488,2020-07-17,1,30.0
55079091100,55079090700,-88.00381885772617,43.05493775558714,-88.02545440842808,43.059193901469925,2020-07-17,7,213.0
55079091100,55079101300,-88.00381885772617,43.05493775558714,-88.02770018483265,42.99907770295741,2020-07-17,1,30.0
55079091100,55079091000,-88.00381885772617,43.05493775558714,-87.99705672432205,43.06433297165757,2020-07-17,4,121.0
55079091100,55079101200,-88.00381885772617,43.05493775558714,-88.02772831407549,42.99180235090393,2020-07-17,1,30.0
55079091100,55079186900,-88.00381885772617,43.05493775558714,-87.88804149673794,43.05226526687869,2020-07-17,1,30.0
55079091100,55079005600,-88.00381885772617,43.05493775558714,-88.02758035548169,43.071050112322006,2020-07-17,2,60.0
55079091100,55079090800,-88.00381885772617,43.05493775558714,-88.01754834659646,43.063072316879136,2020-07-17,2,60.0
55079140100,55079020000,-88.0188613886232,42.93745223479677,-87.95273620994368,42.98405311376188,2020-07-17,3,62.0
55079140100,55079060200,-88.0188613886232,42.93745223479677,-87.9245165328896,43.11556508690733,2020-07-17,2,41.0
55079140100,55079100100,-88.0188613886232,42.93745223479677,-87.98598444052216,43.01659648927991,2020-07-17,1,20.0
55079140100,55079011200,-88.0188613886232,42.93745223479677,-87.89756439120579,43.055476240018415,2020-07-17,1,20.0
55079140100,55079110100,-88.0188613886232,42.93745223479677,-87.9710022364233,43.012448953036525,2020-07-17,2,41.0
55079140100,55079160100,-88.0188613886232,42.93745223479677,-87.91471599062149,42.91513941042769,2020-07-17,4,82.0
55079140100,55079186300,-88.0188613886232,42.93745223479677,-87.91799927397663,43.040616743150025,2020-07-17,1,20.0
55079140100,55079021700,-88.0188613886232,42.93745223479677,-87.91312462574102,42.94052513723052,2020-07-17,1,20.0
55079140100,55079120400,-88.0188613886232,42.93745223479677,-87.96548496050795,42.96670427425607,2020-07-17,2,41.0
55079140100,55079120203,-88.0188613886232,42.93745223479677,-88.00776394431053,42.95694649923871,2020-07-17,14,290.0
55079140100,55079187300,-88.0188613886232,42.93745223479677,-87.9656302556773,42.887159701718595,2020-07-17,1,20.0
55079140100,55079185300,-88.0188613886232,42.93745223479677,-88.04265402690729,43.049880154873065,2020-07-17,1,20.0
55079140100,55079120502,-88.0188613886232,42.93745223479677,-87.96510992081555,42.95304728304586,2020-07-17,4,82.0
55079140100,55079187400,-88.0188613886232,42.93745223479677,-87.90767949876499,43.03217517915639,2020-07-17,1,20.0
55079140100,55079150304,-88.0188613886232,42.93745223479677,-88.02760163837803,42.91519132559998,2020-07-17,9,186.0
55079140100,55079180500,-88.0188613886232,42.93745223479677,-87.87471526249948,42.93725893299447,2020-07-17,1,20.0
55079140100,55079130200,-88.0188613886232,42.93745223479677,-88.05891051157585,42.93732261654573,2020-07-17,3,62.0
55079140100,55079186800,-88.0188613886232,42.93745223479677,-87.9506670108877,43.02815858561159,2020-07-17,1,20.0
55079140100,55079187200,-88.0188613886232,42.93745223479677,-88.00769048889484,42.863813659193866,2020-07-17,7,145.0
55079140100,55079160203,-88.0188613886232,42.93745223479677,-87.91638950191752,42.89402789790319,2020-07-17,1,20.0
55079140100,55079100600,-88.0188613886232,42.93745223479677,-88.02237498004419,43.02035162464835,2020-07-17,1,20.0
55079140100,55079101100,-88.0188613886232,42.93745223479677,-88.04276904850849,42.99420752845147,2020-07-17,2,41.0
55079140100,55079140100,-88.0188613886232,42.93745223479677,-88.0188613886232,42.93745223479677,2020-07-17,122,2528.0
55079140100,55079140201,-88.0188613886232,42.93745223479677,-87.99911426080601,42.93902100763907,2020-07-17,21,435.0
55079140100,55079101400,-88.0188613886232,42.93745223479677,-88.02735540531337,43.00631524274058,2020-07-17,1,20.0
55079140100,55079018000,-88.0188613886232,42.93745223479677,-87.8945288084346,43.01098558683315,2020-07-17,2,41.0
55079140100,55079150100,-88.0188613886232,42.93745223479677,-87.97759713310646,42.91424119290261,2020-07-17,3,62.0
55079140100,55079021600,-88.0188613886232,42.93745223479677,-87.92488475274558,42.952251222261935,2020-07-17,1,20.0
55079140100,55079021300,-88.0188613886232,42.93745223479677,-87.93877469638159,42.970224160413096,2020-07-17,1,20.0
55079140100,55079120102,-88.0188613886232,42.93745223479677,-88.04966546230908,42.97409794368699,2020-07-17,2,41.0
55079140100,55079130100,-88.0188613886232,42.93745223479677,-88.04407902007586,42.942752065148895,2020-07-17,7,145.0
55079140100,55079014100,-88.0188613886232,42.93745223479677,-87.92097269793881,43.04863570292668,2020-07-17,1,20.0
55079140100,55079019600,-88.0188613886232,42.93745223479677,-88.00769668957767,42.984657216409644,2020-07-17,3,62.0
55079140100,55079150301,-88.0188613886232,42.93745223479677,-88.05345903025625,42.89781994777656,2020-07-17,1,20.0
55079140100,55079120201,-88.0188613886232,42.93745223479677,-88.01868214174351,42.96737507435749,2020-07-17,2,41.0
55079140100,55079180300,-88.0188613886232,42.93745223479677,-87.87005593266791,42.951885652862586,2020-07-17,2,41.0
55079140100,55079019500,-88.0188613886232,42.93745223479677,-88.02769031152603,42.97732706705707,2020-07-17,1,20.0
55079140100,55079185100,-88.0188613886232,42.93745223479677,-87.86132764015301,42.9760744263621,2020-07-17,1,20.0
55079140100,55079101500,-88.0188613886232,42.93745223479677,-88.00747595996755,43.007126720391405,2020-07-17,1,20.0
55079140100,55079101700,-88.0188613886232,42.93745223479677,-88.00697190300957,43.00173437379505,2020-07-17,1,20.0
55079140100,55079100200,-88.0188613886232,42.93745223479677,-87.99137992566246,43.01460892403096,2020-07-17,1,20.0
55079140100,55079009800,-88.0188613886232,42.93745223479677,-87.95409571434068,43.059778012269526,2020-07-17,1,20.0
55079140100,55079000900,-88.0188613886232,42.93745223479677,-87.95566887882444,43.14970170326806,2020-07-17,1,20.0
55079140100,55079016700,-88.0188613886232,42.93745223479677,-87.92209519609614,43.010301162214034,2020-07-17,1,20.0
55079140100,55079021500,-88.0188613886232,42.93745223479677,-87.94398245259515,42.952098604888974,2020-07-17,1,20.0
55079140100,55079150303,-88.0188613886232,42.93745223479677,-88.02312771344377,42.88960646488504,2020-07-17,1,20.0
55079140100,55079019800,-88.0188613886232,42.93745223479677,-87.98973307517815,42.982078809345225,2020-07-17,2,41.0
55079140100,55079019300,-88.0188613886232,42.93745223479677,-87.99612754588766,42.99498021323571,2020-07-17,2,41.0
55079140100,55079170100,-88.0188613886232,42.93745223479677,-87.84892368656588,42.919583500675934,2020-07-17,1,20.0
55079140100,55079185200,-88.0188613886232,42.93745223479677,-87.88193798921913,42.967674094622936,2020-07-17,1,20.0
55079140100,55079170300,-88.0188613886232,42.93745223479677,-87.87538996197884,42.9095536521384,2020-07-17,1,20.0
55079150100,55079020000,-87.97759713310646,42.91424119290261,-87.95273620994368,42.98405311376188,2020-07-17,9,139.0
55079150100,55079004400,-87.97759713310646,42.91424119290261,-87.90608569163814,43.089298213737145,2020-07-17,1,15.0
55079150100,55079004500,-87.97759713310646,42.91424119290261,-87.92226909278084,43.08550885272536,2020-07-17,1,15.0
55079150100,55079019000,-87.97759713310646,42.91424119290261,-87.967877289968,42.995496154489715,2020-07-17,4,62.0
55079150100,55079100100,-87.97759713310646,42.91424119290261,-87.98598444052216,43.01659648927991,2020-07-17,1,15.0
55079150100,55079100700,-87.97759713310646,42.91424119290261,-88.03788629567484,43.0213025080197,2020-07-17,1,15.0
55079150100,55079091300,-87.97759713310646,42.91424119290261,-88.0097444924032,43.037871666045895,2020-07-17,1,15.0
55079150100,55079000102,-87.97759713310646,42.91424119290261,-88.01167859828367,43.164645145767146,2020-07-17,1,15.0
55079150100,55079010800,-87.97759713310646,42.91424119290261,-87.88986181293924,43.05733829509928,2020-07-17,1,15.0
55079150100,55079011200,-87.97759713310646,42.91424119290261,-87.89756439120579,43.055476240018415,2020-07-17,1,15.0
55079150100,55079110100,-87.97759713310646,42.91424119290261,-87.9710022364233,43.012448953036525,2020-07-17,4,62.0
55079150100,55079101000,-87.97759713310646,42.91424119290261,-88.05764456171738,42.99173938525954,2020-07-17,3,46.0
55079150100,55079021200,-87.97759713310646,42.91424119290261,-87.92101040508955,42.965284697357816,2020-07-17,4,62.0
55079150100,55079160100,-87.97759713310646,42.91424119290261,-87.91471599062149,42.91513941042769,2020-07-17,38,589.0
55079150100,55079000600,-87.97759713310646,42.91424119290261,-88.00190569680801,43.14010292722225,2020-07-17,1,15.0
55079150100,55079090300,-87.97759713310646,42.91424119290261,-88.0515779905257,43.06739040507833,2020-07-17,2,31.0
55079150100,55079101600,-87.97759713310646,42.91424119290261,-87.98881839806968,43.003113634057684,2020-07-17,2,31.0
55079150100,55079186300,-87.97759713310646,42.91424119290261,-87.91799927397663,43.040616743150025,2020-07-17,2,31.0
55079150100,55079021700,-87.97759713310646,42.91424119290261,-87.91312462574102,42.94052513723052,2020-07-17,13,201.0
55079150100,55079120501,-87.97759713310646,42.91424119290261,-87.96680035551529,42.94072396992586,2020-07-17,6,93.0
55079150100,55079019200,-87.97759713310646,42.91424119290261,-87.9858350139744,42.99282711086924,2020-07-17,3,46.0
55079150100,55079120400,-87.97759713310646,42.91424119290261,-87.96548496050795,42.96670427425607,2020-07-17,8,124.0
55079150100,55079120203,-87.97759713310646,42.91424119290261,-88.00776394431053,42.95694649923871,2020-07-17,24,372.0
55079150100,55079170500,-87.97759713310646,42.91424119290261,-87.85764758199707,42.897602993060175,2020-07-17,1,15.0
55079150100,55079160300,-87.97759713310646,42.91424119290261,-87.8893867076047,42.856940087232964,2020-07-17,10,155.0
55079150100,55079187300,-87.97759713310646,42.91424119290261,-87.9656302556773,42.887159701718595,2020-07-17,15,232.0
55079150100,55079019400,-87.97759713310646,42.91424119290261,-88.02755647500341,42.984577749923744,2020-07-17,1,15.0
55079150100,55079000501,-87.97759713310646,42.91424119290261,-88.04340002069712,43.115390222488664,2020-07-17,12,186.0
55079150100,55079186000,-87.97759713310646,42.91424119290261,-87.92039854147795,43.053956957431964,2020-07-17,1,15.0
55079150100,55079021400,-87.97759713310646,42.91424119290261,-87.93891709359613,42.96295890378409,2020-07-17,4,62.0
55079150100,55079185300,-87.97759713310646,42.91424119290261,-88.04265402690729,43.049880154873065,2020-07-17,7,108.0
55079150100,55079120502,-87.97759713310646,42.91424119290261,-87.96510992081555,42.95304728304586,2020-07-17,6,93.0
55079150100,55079187400,-87.97759713310646,42.91424119290261,-87.90767949876499,43.03217517915639,2020-07-17,2,31.0
55079150100,55079150304,-87.97759713310646,42.91424119290261,-88.02760163837803,42.91519132559998,2020-07-17,44,682.0
55079150100,55079180500,-87.97759713310646,42.91424119290261,-87.87471526249948,42.93725893299447,2020-07-17,3,46.0
55079150100,55079130200,-87.97759713310646,42.91424119290261,-88.05891051157585,42.93732261654573,2020-07-17,6,93.0
55079150100,55079021000,-87.97759713310646,42.91424119290261,-87.89993467732904,42.962739149255064,2020-07-17,1,15.0
55079150100,55079160204,-87.97759713310646,42.91424119290261,-87.9317944903397,42.879700165258704,2020-07-17,11,170.0
55079150100,55079186800,-87.97759713310646,42.91424119290261,-87.9506670108877,43.02815858561159,2020-07-17,6,93.0
55079150100,55079187200,-87.97759713310646,42.91424119290261,-88.00769048889484,42.863813659193866,2020-07-17,42,651.0
55079150100,55079160203,-87.97759713310646,42.91424119290261,-87.91638950191752,42.89402789790319,2020-07-17,18,279.0
55079150100,55079170200,-87.97759713310646,42.91424119290261,-87.87263683893734,42.92275381108851,2020-07-17,1,15.0
55079150100,55079091200,-87.97759713310646,42.91424119290261,-88.00388284004167,43.0467075980639,2020-07-17,1,15.0
55079150100,55079020100,-87.97759713310646,42.91424119290261,-87.94099671150566,42.988482506396224,2020-07-17,4,62.0
55079150100,55079160202,-87.97759713310646,42.91424119290261,-87.87217546542965,42.881379330302295,2020-07-17,10,155.0
55079150100,55079180400,-87.97759713310646,42.91424119290261,-87.85633588550823,42.93709205888796,2020-07-17,2,31.0
55079150100,55079002800,-87.97759713310646,42.91424119290261,-87.97141961541004,43.10830621321033,2020-07-17,1,15.0
55079150100,55079014600,-87.97759713310646,42.91424119290261,-87.93032605572249,43.04237842637439,2020-07-17,2,31.0
55079150100,55079100900,-87.97759713310646,42.91424119290261,-88.05216898532913,43.00959788353506,2020-07-17,2,31.0
55079150100,55079007000,-87.97759713310646,42.91424119290261,-87.91122456687498,43.07424564740019,2020-07-17,1,15.0
55079150100,55079101100,-87.97759713310646,42.91424119290261,-88.04276904850849,42.99420752845147,2020-07-17,5,77.0
55079150100,55079140100,-87.97759713310646,42.91424119290261,-88.0188613886232,42.93745223479677,2020-07-17,10,155.0
55079150100,55079140201,-87.97759713310646,42.91424119290261,-87.99911426080601,42.93902100763907,2020-07-17,32,496.0
55079150100,55079140202,-87.97759713310646,42.91424119290261,-87.981557716435,42.93443757238657,2020-07-17,11,170.0
55079150100,55079180100,-87.97759713310646,42.91424119290261,-87.84722355247969,42.95102171952154,2020-07-17,1,15.0
55079150100,55079120101,-87.97759713310646,42.91424119290261,-88.04814010007517,42.95916305909443,2020-07-17,2,31.0
55079150100,55079101400,-87.97759713310646,42.91424119290261,-88.02735540531337,43.00631524274058,2020-07-17,1,15.0
55079150100,55079011300,-87.97759713310646,42.91424119290261,-87.90713298111844,43.04890661506502,2020-07-17,1,15.0
55079150100,55079014400,-87.97759713310646,42.91424119290261,-87.90784049253895,43.042413401572134,2020-07-17,2,31.0
55079150100,55079070200,-87.97759713310646,42.91424119290261,-87.8919112738197,43.1133970416122,2020-07-17,1,15.0
55079150100,55079150100,-87.97759713310646,42.91424119290261,-87.97759713310646,42.91424119290261,2020-07-17,565,8758.0
55079150100,55079021600,-87.97759713310646,42.91424119290261,-87.92488475274558,42.952251222261935,2020-07-17,11,170.0
55079150100,55079003400,-87.97759713310646,42.91424119290261,-88.02444287795417,43.0934576342605,2020-07-17,1,15.0
55079150100,55079016100,-87.97759713310646,42.91424119290261,-87.95946595975387,43.016089910899275,2020-07-17,2,31.0
55079150100,55079016600,-87.97759713310646,42.91424119290261,-87.9139279223807,43.010028166006215,2020-07-17,2,31.0
55079150100,55079120102,-87.97759713310646,42.91424119290261,-88.04966546230908,42.97409794368699,2020-07-17,8,124.0
55079150100,55079130100,-87.97759713310646,42.91424119290261,-88.04407902007586,42.942752065148895,2020-07-17,9,139.0
55079150100,55079019600,-87.97759713310646,42.91424119290261,-88.00769668957767,42.984657216409644,2020-07-17,2,31.0
55079150100,55079150301,-87.97759713310646,42.91424119290261,-88.05345903025625,42.89781994777656,2020-07-17,10,155.0
55079150100,55079120201,-87.97759713310646,42.91424119290261,-88.01868214174351,42.96737507435749,2020-07-17,2,31.0
55079150100,55079180300,-87.97759713310646,42.91424119290261,-87.87005593266791,42.951885652862586,2020-07-17,3,46.0
55079150100,55079015800,-87.97759713310646,42.91424119290261,-87.93761636287321,43.021659379009066,2020-07-17,2,31.0
55079150100,55079101500,-87.97759713310646,42.91424119290261,-88.00747595996755,43.007126720391405,2020-07-17,1,15.0
55079150100,55079007200,-87.97759713310646,42.91424119290261,-87.89788270005259,43.07774402945858,2020-07-17,1,15.0
55079150100,55079007600,-87.97759713310646,42.91424119290261,-87.87859580944733,43.06399812725538,2020-07-17,1,15.0
55079150100,55079186600,-87.97759713310646,42.91424119290261,-87.91355022125023,43.001384465822476,2020-07-17,2,31.0
55079150100,55079120202,-87.97759713310646,42.91424119290261,-87.99868084532402,42.965848843600455,2020-07-17,1,15.0
55079150100,55079000201,-87.97759713310646,42.91424119290261,-88.0472441211064,43.1799495757708,2020-07-17,1,15.0
55079150100,55079018500,-87.97759713310646,42.91424119290261,-87.91439743752404,42.98441904059949,2020-07-17,2,31.0
55079150100,55079021500,-87.97759713310646,42.91424119290261,-87.94398245259515,42.952098604888974,2020-07-17,2,31.0
55079150100,55079020200,-87.97759713310646,42.91424119290261,-87.94112496275925,42.977527635995024,2020-07-17,4,62.0
55079150100,55079018600,-87.97759713310646,42.91424119290261,-87.92255649026754,42.995575414800356,2020-07-17,1,15.0
55079150100,55079150303,-87.97759713310646,42.91424119290261,-88.02312771344377,42.88960646488504,2020-07-17,21,325.0
55079150100,55079019700,-87.97759713310646,42.91424119290261,-88.00741820523533,42.97570820507905,2020-07-17,1,15.0
55079150100,55079019800,-87.97759713310646,42.91424119290261,-87.98973307517815,42.982078809345225,2020-07-17,1,15.0
55079150100,55079018700,-87.97759713310646,42.91424119290261,-87.92991431934564,42.995583237143,2020-07-17,1,15.0
55079150100,55079180200,-87.97759713310646,42.91424119290261,-87.85506992096182,42.95465467367753,2020-07-17,1,15.0
55079150100,55079014300,-87.97759713310646,42.91424119290261,-87.90101539256612,43.042731429373134,2020-07-17,3,46.0
55079150100,55079101300,-87.97759713310646,42.91424119290261,-88.02770018483265,42.99907770295741,2020-07-17,2,31.0
55079150100,55079170100,-87.97759713310646,42.91424119290261,-87.84892368656588,42.919583500675934,2020-07-17,5,77.0
55079150100,55079101200,-87.97759713310646,42.91424119290261,-88.02772831407549,42.99180235090393,2020-07-17,1,15.0
55079150100,55079186900,-87.97759713310646,42.91424119290261,-87.88804149673794,43.05226526687869,2020-07-17,1,15.0
55079150100,55079170600,-87.97759713310646,42.91424119290261,-87.86320935056827,42.907724102777856,2020-07-17,2,31.0
55079150100,55079014800,-87.97759713310646,42.91424119290261,-87.9402035907502,43.042125624825495,2020-07-17,1,15.0
55079150100,55079009200,-87.97759713310646,42.91424119290261,-87.97560474362125,43.06069020349929,2020-07-17,1,15.0
55079150100,55079005600,-87.97759713310646,42.91424119290261,-88.02758035548169,43.071050112322006,2020-07-17,1,15.0
55079150100,55079016900,-87.97759713310646,42.91424119290261,-87.93770785693083,43.00951913559766,2020-07-17,1,15.0
55079150100,55079013300,-87.97759713310646,42.91424119290261,-87.96206431187025,43.03483590901066,2020-07-17,1,15.0
55079150100,55079001000,-87.97759713310646,42.91424119290261,-87.95348314468296,43.12464896388482,2020-07-17,2,31.0
55079150100,55079009300,-87.97759713310646,42.91424119290261,-87.98314520393755,43.060746025032145,2020-07-17,1,15.0
55079150100,55079013000,-87.97759713310646,42.91424119290261,-87.9876687698922,43.02770173765977,2020-07-17,1,15.0
55079150100,55079009700,-87.97759713310646,42.91424119290261,-87.95262115062044,43.05393954073114,2020-07-17,1,15.0
55079150301,55079020000,-88.05345903025625,42.89781994777656,-87.95273620994368,42.98405311376188,2020-07-17,1,18.0
55079150301,55079060200,-88.05345903025625,42.89781994777656,-87.9245165328896,43.11556508690733,2020-07-17,1,18.0
55079150301,55079012800,-88.05345903025625,42.89781994777656,-88.03145321223326,43.03059221584991,2020-07-17,2,37.0
55079150301,55079091300,-88.05345903025625,42.89781994777656,-88.0097444924032,43.037871666045895,2020-07-17,2,37.0
55079150301,55079000102,-88.05345903025625,42.89781994777656,-88.01167859828367,43.164645145767146,2020-07-17,1,18.0
55079150301,55079110100,-88.05345903025625,42.89781994777656,-87.9710022364233,43.012448953036525,2020-07-17,2,37.0
55079150301,55079101000,-88.05345903025625,42.89781994777656,-88.05764456171738,42.99173938525954,2020-07-17,1,18.0
55079150301,55079021200,-88.05345903025625,42.89781994777656,-87.92101040508955,42.965284697357816,2020-07-17,1,18.0
55079150301,55079160100,-88.05345903025625,42.89781994777656,-87.91471599062149,42.91513941042769,2020-07-17,8,151.0
55079150301,55079090300,-88.05345903025625,42.89781994777656,-88.0515779905257,43.06739040507833,2020-07-17,2,37.0
55079150301,55079101600,-88.05345903025625,42.89781994777656,-87.98881839806968,43.003113634057684,2020-07-17,2,37.0
55079150301,55079186300,-88.05345903025625,42.89781994777656,-87.91799927397663,43.040616743150025,2020-07-17,1,18.0
55079150301,55079021700,-88.05345903025625,42.89781994777656,-87.91312462574102,42.94052513723052,2020-07-17,2,37.0
55079150301,55079090200,-88.05345903025625,42.89781994777656,-88.05200796218348,43.081902180003375,2020-07-17,1,18.0
55079150301,55079120400,-88.05345903025625,42.89781994777656,-87.96548496050795,42.96670427425607,2020-07-17,4,75.0
55079150301,55079120203,-88.05345903025625,42.89781994777656,-88.00776394431053,42.95694649923871,2020-07-17,12,227.0
55079150301,55079018400,-88.05345903025625,42.89781994777656,-87.90417459790928,42.9917062933768,2020-07-17,1,18.0
55079150301,55079160300,-88.05345903025625,42.89781994777656,-87.8893867076047,42.856940087232964,2020-07-17,3,56.0
55079150301,55079187300,-88.05345903025625,42.89781994777656,-87.9656302556773,42.887159701718595,2020-07-17,5,94.0
55079150301,55079000501,-88.05345903025625,42.89781994777656,-88.04340002069712,43.115390222488664,2020-07-17,1,18.0
55079150301,55079021400,-88.05345903025625,42.89781994777656,-87.93891709359613,42.96295890378409,2020-07-17,1,18.0
55079150301,55079185500,-88.05345903025625,42.89781994777656,-87.92624880733425,43.0601763240656,2020-07-17,1,18.0
55079150301,55079090600,-88.05345903025625,42.89781994777656,-88.05435154566402,43.03795832032663,2020-07-17,3,56.0
55079150301,55079185300,-88.05345903025625,42.89781994777656,-88.04265402690729,43.049880154873065,2020-07-17,4,75.0
55079150301,55079120502,-88.05345903025625,42.89781994777656,-87.96510992081555,42.95304728304586,2020-07-17,1,18.0
55079150301,55079187400,-88.05345903025625,42.89781994777656,-87.90767949876499,43.03217517915639,2020-07-17,2,37.0
55079150301,55079150304,-88.05345903025625,42.89781994777656,-88.02760163837803,42.91519132559998,2020-07-17,18,341.0
55079150301,55079180500,-88.05345903025625,42.89781994777656,-87.87471526249948,42.93725893299447,2020-07-17,2,37.0
55079150301,55079000800,-88.05345903025625,42.89781994777656,-87.97372753660457,43.14064967469203,2020-07-17,1,18.0
55079150301,55079130200,-88.05345903025625,42.89781994777656,-88.05891051157585,42.93732261654573,2020-07-17,11,208.0
55079150301,55079021000,-88.05345903025625,42.89781994777656,-87.89993467732904,42.962739149255064,2020-07-17,1,18.0
55079150301,55079160204,-88.05345903025625,42.89781994777656,-87.9317944903397,42.879700165258704,2020-07-17,4,75.0
55079150301,55079186800,-88.05345903025625,42.89781994777656,-87.9506670108877,43.02815858561159,2020-07-17,1,18.0
55079150301,55079187200,-88.05345903025625,42.89781994777656,-88.00769048889484,42.863813659193866,2020-07-17,23,436.0
55079150301,55079160203,-88.05345903025625,42.89781994777656,-87.91638950191752,42.89402789790319,2020-07-17,3,56.0
55079150301,55079100500,-88.05345903025625,42.89781994777656,-88.02674691869541,43.01326660162138,2020-07-17,2,37.0
55079150301,55079100600,-88.05345903025625,42.89781994777656,-88.02237498004419,43.02035162464835,2020-07-17,1,18.0
55079150301,55079018900,-88.05345903025625,42.89781994777656,-87.95323213052187,42.995654122863776,2020-07-17,1,18.0
55079150301,55079020100,-88.05345903025625,42.89781994777656,-87.94099671150566,42.988482506396224,2020-07-17,2,37.0
55079150301,55079180400,-88.05345903025625,42.89781994777656,-87.85633588550823,42.93709205888796,2020-07-17,1,18.0
55079150301,55079100900,-88.05345903025625,42.89781994777656,-88.05216898532913,43.00959788353506,2020-07-17,1,18.0
55079150301,55079101100,-88.05345903025625,42.89781994777656,-88.04276904850849,42.99420752845147,2020-07-17,1,18.0
55079150301,55079140100,-88.05345903025625,42.89781994777656,-88.0188613886232,42.93745223479677,2020-07-17,6,113.0
55079150301,55079140201,-88.05345903025625,42.89781994777656,-87.99911426080601,42.93902100763907,2020-07-17,7,132.0
55079150301,55079140202,-88.05345903025625,42.89781994777656,-87.981557716435,42.93443757238657,2020-07-17,4,75.0
55079150301,55079120101,-88.05345903025625,42.89781994777656,-88.04814010007517,42.95916305909443,2020-07-17,7,132.0
55079150301,55079070100,-88.05345903025625,42.89781994777656,-87.9076583493148,43.12063010988105,2020-07-17,1,18.0
55079150301,55079011300,-88.05345903025625,42.89781994777656,-87.90713298111844,43.04890661506502,2020-07-17,1,18.0
55079150301,55079014400,-88.05345903025625,42.89781994777656,-87.90784049253895,43.042413401572134,2020-07-17,3,56.0
55079150301,55079100400,-88.05345903025625,42.89781994777656,-88.01166560297426,43.0170103539625,2020-07-17,2,37.0
55079150301,55079018000,-88.05345903025625,42.89781994777656,-87.8945288084346,43.01098558683315,2020-07-17,2,37.0
55079150301,55079150100,-88.05345903025625,42.89781994777656,-87.97759713310646,42.91424119290261,2020-07-17,14,265.0
55079150301,55079021600,-88.05345903025625,42.89781994777656,-87.92488475274558,42.952251222261935,2020-07-17,5,94.0
55079150301,55079016100,-88.05345903025625,42.89781994777656,-87.95946595975387,43.016089910899275,2020-07-17,1,18.0
55079150301,55079120102,-88.05345903025625,42.89781994777656,-88.04966546230908,42.97409794368699,2020-07-17,2,37.0
55079150301,55079130100,-88.05345903025625,42.89781994777656,-88.04407902007586,42.942752065148895,2020-07-17,31,588.0
55079150301,55079014100,-88.05345903025625,42.89781994777656,-87.92097269793881,43.04863570292668,2020-07-17,1,18.0
55079150301,55079150301,-88.05345903025625,42.89781994777656,-88.05345903025625,42.89781994777656,2020-07-17,295,5600.0
55079150301,55079100800,-88.05345903025625,42.89781994777656,-88.05710943935104,43.023654444193184,2020-07-17,1,18.0
55079150301,55079120201,-88.05345903025625,42.89781994777656,-88.01868214174351,42.96737507435749,2020-07-17,2,37.0
55079150301,55079180300,-88.05345903025625,42.89781994777656,-87.87005593266791,42.951885652862586,2020-07-17,2,37.0
55079150301,55079185100,-88.05345903025625,42.89781994777656,-87.86132764015301,42.9760744263621,2020-07-17,1,18.0
55079150301,55079007300,-88.05345903025625,42.89781994777656,-87.88807891595606,43.0779148594549,2020-07-17,1,18.0
55079150301,55079100200,-88.05345903025625,42.89781994777656,-87.99137992566246,43.01460892403096,2020-07-17,1,18.0
55079150301,55079007600,-88.05345903025625,42.89781994777656,-87.87859580944733,43.06399812725538,2020-07-17,1,18.0
55079150301,55079020900,-88.05345903025625,42.89781994777656,-87.90186271433869,42.97013349358029,2020-07-17,1,18.0
55079150301,55079016700,-88.05345903025625,42.89781994777656,-87.92209519609614,43.010301162214034,2020-07-17,1,18.0
55079150301,55079080400,-88.05345903025625,42.89781994777656,-87.88848724040903,43.08594082590386,2020-07-17,1,18.0
55079150301,55079018500,-88.05345903025625,42.89781994777656,-87.91439743752404,42.98441904059949,2020-07-17,2,37.0
55079150301,55079021500,-88.05345903025625,42.89781994777656,-87.94398245259515,42.952098604888974,2020-07-17,2,37.0
55079150301,55079012700,-88.05345903025625,42.89781994777656,-88.0122777504643,43.029662330242175,2020-07-17,1,18.0
55079150301,55079150303,-88.05345903025625,42.89781994777656,-88.02312771344377,42.88960646488504,2020-07-17,27,512.0
55079150301,55079019700,-88.05345903025625,42.89781994777656,-88.00741820523533,42.97570820507905,2020-07-17,1,18.0
55079150301,55079019800,-88.05345903025625,42.89781994777656,-87.98973307517815,42.982078809345225,2020-07-17,1,18.0
55079150301,55079018300,-88.05345903025625,42.89781994777656,-87.89285805580873,42.991354183119796,2020-07-17,1,18.0
55079150301,55079180200,-88.05345903025625,42.89781994777656,-87.85506992096182,42.95465467367753,2020-07-17,1,18.0
55079150301,55079019300,-88.05345903025625,42.89781994777656,-87.99612754588766,42.99498021323571,2020-07-17,1,18.0
55079150301,55079101300,-88.05345903025625,42.89781994777656,-88.02770018483265,42.99907770295741,2020-07-17,2,37.0
55079150301,55079170100,-88.05345903025625,42.89781994777656,-87.84892368656588,42.919583500675934,2020-07-17,1,18.0
55079150301,55079100300,-88.05345903025625,42.89781994777656,-88.00316709835943,43.017354422985534,2020-07-17,2,37.0
55079150301,55079101200,-88.05345903025625,42.89781994777656,-88.02772831407549,42.99180235090393,2020-07-17,2,37.0
55079150301,55079021800,-88.05345903025625,42.89781994777656,-87.95694377227925,42.94079756603018,2020-07-17,1,18.0
55079150301,55079005100,-88.05345903025625,42.89781994777656,-87.99757698420609,43.08261869423604,2020-07-17,1,18.0
55079150301,55079170600,-88.05345903025625,42.89781994777656,-87.86320935056827,42.907724102777856,2020-07-17,1,18.0
55079150301,55079185200,-88.05345903025625,42.89781994777656,-87.88193798921913,42.967674094622936,2020-07-17,1,18.0
55079150301,55079016900,-88.05345903025625,42.89781994777656,-87.93770785693083,43.00951913559766,2020-07-17,1,18.0
55079150301,55079017100,-88.05345903025625,42.89781994777656,-87.95808412992528,43.01056521552099,2020-07-17,1,18.0
55079180100,55079020000,-87.84722355247969,42.95102171952154,-87.95273620994368,42.98405311376188,2020-07-17,1,20.0
55079180100,55079004300,-87.84722355247969,42.95102171952154,-87.93220867621264,43.094799127568905,2020-07-17,1,20.0
55079180100,55079060200,-87.84722355247969,42.95102171952154,-87.9245165328896,43.11556508690733,2020-07-17,1,20.0
55079180100,55079004400,-87.84722355247969,42.95102171952154,-87.90608569163814,43.089298213737145,2020-07-17,2,40.0
55079180100,55079100700,-87.84722355247969,42.95102171952154,-88.03788629567484,43.0213025080197,2020-07-17,1,20.0
55079180100,55079011200,-87.84722355247969,42.95102171952154,-87.89756439120579,43.055476240018415,2020-07-17,2,40.0
55079180100,55079110100,-87.84722355247969,42.95102171952154,-87.9710022364233,43.012448953036525,2020-07-17,4,80.0
55079180100,55079101000,-87.84722355247969,42.95102171952154,-88.05764456171738,42.99173938525954,2020-07-17,1,20.0
55079180100,55079021200,-87.84722355247969,42.95102171952154,-87.92101040508955,42.965284697357816,2020-07-17,1,20.0
55079180100,55079160100,-87.84722355247969,42.95102171952154,-87.91471599062149,42.91513941042769,2020-07-17,5,100.0
55079180100,55079021700,-87.84722355247969,42.95102171952154,-87.91312462574102,42.94052513723052,2020-07-17,1,20.0
55079180100,55079090200,-87.84722355247969,42.95102171952154,-88.05200796218348,43.081902180003375,2020-07-17,1,20.0
55079180100,55079120400,-87.84722355247969,42.95102171952154,-87.96548496050795,42.96670427425607,2020-07-17,2,40.0
55079180100,55079120203,-87.84722355247969,42.95102171952154,-88.00776394431053,42.95694649923871,2020-07-17,3,60.0
55079180100,55079170500,-87.84722355247969,42.95102171952154,-87.85764758199707,42.897602993060175,2020-07-17,3,60.0
55079180100,55079160300,-87.84722355247969,42.95102171952154,-87.8893867076047,42.856940087232964,2020-07-17,1,20.0
55079180100,55079187300,-87.84722355247969,42.95102171952154,-87.9656302556773,42.887159701718595,2020-07-17,1,20.0
55079180100,55079185900,-87.84722355247969,42.95102171952154,-87.93229166080955,43.05383765471328,2020-07-17,1,20.0
55079180100,55079060101,-87.84722355247969,42.95102171952154,-87.92535691568614,43.13950788268824,2020-07-17,1,20.0
55079180100,55079090600,-87.84722355247969,42.95102171952154,-88.05435154566402,43.03795832032663,2020-07-17,1,20.0
55079180100,55079185300,-87.84722355247969,42.95102171952154,-88.04265402690729,43.049880154873065,2020-07-17,1,20.0
55079180100,55079180500,-87.84722355247969,42.95102171952154,-87.87471526249948,42.93725893299447,2020-07-17,2,40.0
55079180100,55079021000,-87.84722355247969,42.95102171952154,-87.89993467732904,42.962739149255064,2020-07-17,1,20.0
55079180100,55079160204,-87.84722355247969,42.95102171952154,-87.9317944903397,42.879700165258704,2020-07-17,2,40.0
55079180100,55079186800,-87.84722355247969,42.95102171952154,-87.9506670108877,43.02815858561159,2020-07-17,2,40.0
55079180100,55079187200,-87.84722355247969,42.95102171952154,-88.00769048889484,42.863813659193866,2020-07-17,6,120.0
55079180100,55079160203,-87.84722355247969,42.95102171952154,-87.91638950191752,42.89402789790319,2020-07-17,7,140.0
55079180100,55079170200,-87.84722355247969,42.95102171952154,-87.87263683893734,42.92275381108851,2020-07-17,4,80.0
55079180100,55079020100,-87.84722355247969,42.95102171952154,-87.94099671150566,42.988482506396224,2020-07-17,1,20.0
55079180100,55079180400,-87.84722355247969,42.95102171952154,-87.85633588550823,42.93709205888796,2020-07-17,5,100.0
55079180100,55079005000,-87.84722355247969,42.95102171952154,-87.98327608357046,43.07665137069942,2020-07-17,2,40.0
55079180100,55079014600,-87.84722355247969,42.95102171952154,-87.93032605572249,43.04237842637439,2020-07-17,1,20.0
55079180100,55079100900,-87.84722355247969,42.95102171952154,-88.05216898532913,43.00959788353506,2020-07-17,1,20.0
55079180100,55079101100,-87.84722355247969,42.95102171952154,-88.04276904850849,42.99420752845147,2020-07-17,1,20.0
55079180100,55079140100,-87.84722355247969,42.95102171952154,-88.0188613886232,42.93745223479677,2020-07-17,2,40.0
55079180100,55079140201,-87.84722355247969,42.95102171952154,-87.99911426080601,42.93902100763907,2020-07-17,2,40.0
55079180100,55079180100,-87.84722355247969,42.95102171952154,-87.84722355247969,42.95102171952154,2020-07-17,126,2520.0
55079180100,55079014400,-87.84722355247969,42.95102171952154,-87.90784049253895,43.042413401572134,2020-07-17,1,20.0
55079180100,55079018000,-87.84722355247969,42.95102171952154,-87.8945288084346,43.01098558683315,2020-07-17,1,20.0
55079180100,55079150100,-87.84722355247969,42.95102171952154,-87.97759713310646,42.91424119290261,2020-07-17,6,120.0
55079180100,55079021600,-87.84722355247969,42.95102171952154,-87.92488475274558,42.952251222261935,2020-07-17,2,40.0
55079180100,55079002900,-87.84722355247969,42.95102171952154,-87.98131890013833,43.108341188298006,2020-07-17,1,20.0
55079180100,55079120102,-87.84722355247969,42.95102171952154,-88.04966546230908,42.97409794368699,2020-07-17,1,20.0
55079180100,55079130100,-87.84722355247969,42.95102171952154,-88.04407902007586,42.942752065148895,2020-07-17,1,20.0
55079180100,55079150301,-87.84722355247969,42.95102171952154,-88.05345903025625,42.89781994777656,2020-07-17,1,20.0
55079180100,55079180300,-87.84722355247969,42.95102171952154,-87.87005593266791,42.951885652862586,2020-07-17,2,40.0
55079180100,55079185100,-87.84722355247969,42.95102171952154,-87.86132764015301,42.9760744263621,2020-07-17,3,60.0
55079180100,55079080200,-87.84722355247969,42.95102171952154,-87.8877423232882,43.0942616397457,2020-07-17,1,20.0
55079180100,55079101500,-87.84722355247969,42.95102171952154,-88.00747595996755,43.007126720391405,2020-07-17,1,20.0
55079180100,55079005900,-87.84722355247969,42.95102171952154,-87.98523579862835,43.06821108392844,2020-07-17,1,20.0
55079180100,55079017400,-87.84722355247969,42.95102171952154,-87.9382983850757,43.00476614107047,2020-07-17,1,20.0
55079180100,55079120202,-87.84722355247969,42.95102171952154,-87.99868084532402,42.965848843600455,2020-07-17,1,20.0
55079180100,55079018500,-87.84722355247969,42.95102171952154,-87.91439743752404,42.98441904059949,2020-07-17,2,40.0
55079180100,55079020500,-87.84722355247969,42.95102171952154,-87.92272370744391,42.988321496925906,2020-07-17,2,40.0
55079180100,55079020200,-87.84722355247969,42.95102171952154,-87.94112496275925,42.977527635995024,2020-07-17,1,20.0
55079180100,55079012700,-87.84722355247969,42.95102171952154,-88.0122777504643,43.029662330242175,2020-07-17,1,20.0
55079180100,55079019800,-87.84722355247969,42.95102171952154,-87.98973307517815,42.982078809345225,2020-07-17,1,20.0
55079180100,55079001100,-87.84722355247969,42.95102171952154,-87.96901390366762,43.127689901740844,2020-07-17,1,20.0
55079180100,55079180200,-87.84722355247969,42.95102171952154,-87.85506992096182,42.95465467367753,2020-07-17,8,160.0
55079180100,55079014300,-87.84722355247969,42.95102171952154,-87.90101539256612,43.042731429373134,2020-07-17,1,20.0
55079180100,55079101300,-87.84722355247969,42.95102171952154,-88.02770018483265,42.99907770295741,2020-07-17,1,20.0
55079180100,55079170100,-87.84722355247969,42.95102171952154,-87.84892368656588,42.919583500675934,2020-07-17,6,120.0
55079180100,55079170600,-87.84722355247969,42.95102171952154,-87.86320935056827,42.907724102777856,2020-07-17,2,40.0
55079180100,55079185200,-87.84722355247969,42.95102171952154,-87.88193798921913,42.967674094622936,2020-07-17,10,200.0
55079180100,55079170300,-87.84722355247969,42.95102171952154,-87.87538996197884,42.9095536521384,2020-07-17,1,20.0
55079180100,55079005600,-87.84722355247969,42.95102171952154,-88.02758035548169,43.071050112322006,2020-07-17,1,20.0
55079180100,55079017100,-87.84722355247969,42.95102171952154,-87.95808412992528,43.01056521552099,2020-07-17,2,40.0
55079180100,55079009900,-87.84722355247969,42.95102171952154,-87.94630275235495,43.060274421469344,2020-07-17,1,20.0
55079180100,55079170400,-87.84722355247969,42.95102171952154,-87.8734267877277,42.89848248246609,2020-07-17,1,20.0
55079180100,55079006500,-87.84722355247969,42.95102171952154,-87.94229465456391,43.0797331466399,2020-07-17,2,40.0
55079180200,55079020000,-87.85506992096182,42.95465467367753,-87.95273620994368,42.98405311376188,2020-07-17,2,47.0
55079180200,55079002400,-87.85506992096182,42.95465467367753,-87.95188617843814,43.106404380820805,2020-07-17,1,23.0
55079180200,55079015700,-87.85506992096182,42.95465467367753,-87.92777138656925,43.021663598322064,2020-07-17,1,23.0
55079180200,55079016200,-87.85506992096182,42.95465467367753,-87.94745090497267,43.01660575920564,2020-07-17,1,23.0
55079180200,55079019000,-87.85506992096182,42.95465467367753,-87.967877289968,42.995496154489715,2020-07-17,1,23.0
55079180200,55079100100,-87.85506992096182,42.95465467367753,-87.98598444052216,43.01659648927991,2020-07-17,1,23.0
55079180200,55079091300,-87.85506992096182,42.95465467367753,-88.0097444924032,43.037871666045895,2020-07-17,1,23.0
55079180200,55079000101,-87.85506992096182,42.95465467367753,-88.00922083481396,43.18510784936368,2020-07-17,1,23.0
55079180200,55079000102,-87.85506992096182,42.95465467367753,-88.01167859828367,43.164645145767146,2020-07-17,3,70.0
55079180200,55079021200,-87.85506992096182,42.95465467367753,-87.92101040508955,42.965284697357816,2020-07-17,1,23.0
55079180200,55079160100,-87.85506992096182,42.95465467367753,-87.91471599062149,42.91513941042769,2020-07-17,9,212.0
55079180200,55079101600,-87.85506992096182,42.95465467367753,-87.98881839806968,43.003113634057684,2020-07-17,1,23.0
55079180200,55079186300,-87.85506992096182,42.95465467367753,-87.91799927397663,43.040616743150025,2020-07-17,1,23.0
55079180200,55079021700,-87.85506992096182,42.95465467367753,-87.91312462574102,42.94052513723052,2020-07-17,3,70.0
55079180200,55079120501,-87.85506992096182,42.95465467367753,-87.96680035551529,42.94072396992586,2020-07-17,2,47.0
55079180200,55079019200,-87.85506992096182,42.95465467367753,-87.9858350139744,42.99282711086924,2020-07-17,1,23.0
55079180200,55079120203,-87.85506992096182,42.95465467367753,-88.00776394431053,42.95694649923871,2020-07-17,6,141.0
55079180200,55079170500,-87.85506992096182,42.95465467367753,-87.85764758199707,42.897602993060175,2020-07-17,1,23.0
55079180200,55079160300,-87.85506992096182,42.95465467367753,-87.8893867076047,42.856940087232964,2020-07-17,5,118.0
55079180200,55079187300,-87.85506992096182,42.95465467367753,-87.9656302556773,42.887159701718595,2020-07-17,1,23.0
55079180200,55079004800,-87.85506992096182,42.95465467367753,-87.96231596301399,43.077035360461494,2020-07-17,1,23.0
55079180200,55079009500,-87.85506992096182,42.95465467367753,-87.97530476217976,43.0530114064315,2020-07-17,1,23.0
55079180200,55079021400,-87.85506992096182,42.95465467367753,-87.93891709359613,42.96295890378409,2020-07-17,4,94.0
55079180200,55079060101,-87.85506992096182,42.95465467367753,-87.92535691568614,43.13950788268824,2020-07-17,1,23.0
55079180200,55079120502,-87.85506992096182,42.95465467367753,-87.96510992081555,42.95304728304586,2020-07-17,3,70.0
55079180200,55079020800,-87.85506992096182,42.95465467367753,-87.87636299879055,42.985307292991365,2020-07-17,3,70.0
55079180200,55079187400,-87.85506992096182,42.95465467367753,-87.90767949876499,43.03217517915639,2020-07-17,1,23.0
55079180200,55079180500,-87.85506992096182,42.95465467367753,-87.87471526249948,42.93725893299447,2020-07-17,5,118.0
55079180200,55079021000,-87.85506992096182,42.95465467367753,-87.89993467732904,42.962739149255064,2020-07-17,2,47.0
55079180200,55079160204,-87.85506992096182,42.95465467367753,-87.9317944903397,42.879700165258704,2020-07-17,1,23.0
55079180200,55079187200,-87.85506992096182,42.95465467367753,-88.00769048889484,42.863813659193866,2020-07-17,1,23.0
55079180200,55079160203,-87.85506992096182,42.95465467367753,-87.91638950191752,42.89402789790319,2020-07-17,4,94.0
55079180200,55079160202,-87.85506992096182,42.95465467367753,-87.87217546542965,42.881379330302295,2020-07-17,2,47.0
55079180200,55079180400,-87.85506992096182,42.95465467367753,-87.85633588550823,42.93709205888796,2020-07-17,18,425.0
55079180200,55079101100,-87.85506992096182,42.95465467367753,-88.04276904850849,42.99420752845147,2020-07-17,1,23.0
55079180200,55079140100,-87.85506992096182,42.95465467367753,-88.0188613886232,42.93745223479677,2020-07-17,2,47.0
55079180200,55079140201,-87.85506992096182,42.95465467367753,-87.99911426080601,42.93902100763907,2020-07-17,2,47.0
55079180200,55079180100,-87.85506992096182,42.95465467367753,-87.84722355247969,42.95102171952154,2020-07-17,6,141.0
55079180200,55079186500,-87.85506992096182,42.95465467367753,-87.9130303085029,43.02319729476483,2020-07-17,1,23.0
55079180200,55079016800,-87.85506992096182,42.95465467367753,-87.92935001478907,43.01036042537408,2020-07-17,1,23.0
55079180200,55079120101,-87.85506992096182,42.95465467367753,-88.04814010007517,42.95916305909443,2020-07-17,2,47.0
55079180200,55079007700,-87.85506992096182,42.95465467367753,-87.88849935823362,43.06389053422122,2020-07-17,2,47.0
55079180200,55079014400,-87.85506992096182,42.95465467367753,-87.90784049253895,43.042413401572134,2020-07-17,2,47.0
55079180200,55079170700,-87.85506992096182,42.95465467367753,-87.84797376219025,42.90256149755693,2020-07-17,1,23.0
55079180200,55079018000,-87.85506992096182,42.95465467367753,-87.8945288084346,43.01098558683315,2020-07-17,1,23.0
55079180200,55079150100,-87.85506992096182,42.95465467367753,-87.97759713310646,42.91424119290261,2020-07-17,4,94.0
55079180200,55079021600,-87.85506992096182,42.95465467367753,-87.92488475274558,42.952251222261935,2020-07-17,8,189.0
55079180200,55079016100,-87.85506992096182,42.95465467367753,-87.95946595975387,43.016089910899275,2020-07-17,2,47.0
55079180200,55079019600,-87.85506992096182,42.95465467367753,-88.00769668957767,42.984657216409644,2020-07-17,2,47.0
55079180200,55079150301,-87.85506992096182,42.95465467367753,-88.05345903025625,42.89781994777656,2020-07-17,5,118.0
55079180200,55079120201,-87.85506992096182,42.95465467367753,-88.01868214174351,42.96737507435749,2020-07-17,1,23.0
55079180200,55079180300,-87.85506992096182,42.95465467367753,-87.87005593266791,42.951885652862586,2020-07-17,22,520.0
55079180200,55079020700,-87.85506992096182,42.95465467367753,-87.89282968229121,42.980391637955094,2020-07-17,1,23.0
55079180200,55079185100,-87.85506992096182,42.95465467367753,-87.86132764015301,42.9760744263621,2020-07-17,3,70.0
55079180200,55079007100,-87.85506992096182,42.95465467367753,-87.90149576859913,43.07383574480911,2020-07-17,1,23.0
55079180200,55079080200,-87.85506992096182,42.95465467367753,-87.8877423232882,43.0942616397457,2020-07-17,1,23.0
55079180200,55079016300,-87.85506992096182,42.95465467367753,-87.93764055272034,43.01572710315665,2020-07-17,1,23.0
55079180200,55079019900,-87.85506992096182,42.95465467367753,-87.98235255712866,42.973172118392476,2020-07-17,1,23.0
55079180200,55079100200,-87.85506992096182,42.95465467367753,-87.99137992566246,43.01460892403096,2020-07-17,5,118.0
55079180200,55079007600,-87.85506992096182,42.95465467367753,-87.87859580944733,43.06399812725538,2020-07-17,1,23.0
55079180200,55079020300,-87.85506992096182,42.95465467367753,-87.92658964497383,42.979242665655576,2020-07-17,1,23.0
55079180200,55079186600,-87.85506992096182,42.95465467367753,-87.91355022125023,43.001384465822476,2020-07-17,2,47.0
55079180200,55079120202,-87.85506992096182,42.95465467367753,-87.99868084532402,42.965848843600455,2020-07-17,1,23.0
55079180200,55079018500,-87.85506992096182,42.95465467367753,-87.91439743752404,42.98441904059949,2020-07-17,1,23.0
55079180200,55079021500,-87.85506992096182,42.95465467367753,-87.94398245259515,42.952098604888974,2020-07-17,1,23.0
55079180200,55079019700,-87.85506992096182,42.95465467367753,-88.00741820523533,42.97570820507905,2020-07-17,1,23.0
55079180200,55079016400,-87.85506992096182,42.95465467367753,-87.92777599229481,43.01665943799343,2020-07-17,1,23.0
55079180200,55079016500,-87.85506992096182,42.95465467367753,-87.91153110922029,43.01579142211555,2020-07-17,1,23.0
55079180200,55079018700,-87.85506992096182,42.95465467367753,-87.92991431934564,42.995583237143,2020-07-17,1,23.0
55079180200,55079180200,-87.85506992096182,42.95465467367753,-87.85506992096182,42.95465467367753,2020-07-17,182,4304.0
55079180200,55079020600,-87.85506992096182,42.95465467367753,-87.90444286867323,42.9810337820488,2020-07-17,1,23.0
55079180200,55079101300,-87.85506992096182,42.95465467367753,-88.02770018483265,42.99907770295741,2020-07-17,2,47.0
55079180200,55079170100,-87.85506992096182,42.95465467367753,-87.84892368656588,42.919583500675934,2020-07-17,10,236.0
55079180200,55079100300,-87.85506992096182,42.95465467367753,-88.00316709835943,43.017354422985534,2020-07-17,2,47.0
55079180200,55079170600,-87.85506992096182,42.95465467367753,-87.86320935056827,42.907724102777856,2020-07-17,5,118.0
55079180200,55079185200,-87.85506992096182,42.95465467367753,-87.88193798921913,42.967674094622936,2020-07-17,14,331.0
55079180200,55079060102,-87.85506992096182,42.95465467367753,-87.93974960524739,43.148654535590595,2020-07-17,1,23.0
55079180200,55079017100,-87.85506992096182,42.95465467367753,-87.95808412992528,43.01056521552099,2020-07-17,2,47.0
55079180200,55079013300,-87.85506992096182,42.95465467367753,-87.96206431187025,43.03483590901066,2020-07-17,1,23.0
55079180200,55079015900,-87.85506992096182,42.95465467367753,-87.9473669417017,43.02159668337006,2020-07-17,1,23.0
55079120502,55079020000,-87.96510992081555,42.95304728304586,-87.95273620994368,42.98405311376188,2020-07-17,7,170.0
55079120502,55079016200,-87.96510992081555,42.95304728304586,-87.94745090497267,43.01660575920564,2020-07-17,1,24.0
55079120502,55079019000,-87.96510992081555,42.95304728304586,-87.967877289968,42.995496154489715,2020-07-17,2,48.0
55079120502,55079100700,-87.96510992081555,42.95304728304586,-88.03788629567484,43.0213025080197,2020-07-17,3,72.0
55079120502,55079010800,-87.96510992081555,42.95304728304586,-87.88986181293924,43.05733829509928,2020-07-17,1,24.0
55079120502,55079110100,-87.96510992081555,42.95304728304586,-87.9710022364233,43.012448953036525,2020-07-17,3,72.0
55079120502,55079021200,-87.96510992081555,42.95304728304586,-87.92101040508955,42.965284697357816,2020-07-17,1,24.0
55079120502,55079160100,-87.96510992081555,42.95304728304586,-87.91471599062149,42.91513941042769,2020-07-17,15,364.0
55079120502,55079021700,-87.96510992081555,42.95304728304586,-87.91312462574102,42.94052513723052,2020-07-17,5,121.0
55079120502,55079120501,-87.96510992081555,42.95304728304586,-87.96680035551529,42.94072396992586,2020-07-17,3,72.0
55079120502,55079019100,-87.96510992081555,42.95304728304586,-87.96549351619066,42.982165146288615,2020-07-17,2,48.0
55079120502,55079019200,-87.96510992081555,42.95304728304586,-87.9858350139744,42.99282711086924,2020-07-17,1,24.0
55079120502,55079120400,-87.96510992081555,42.95304728304586,-87.96548496050795,42.96670427425607,2020-07-17,16,389.0
55079120502,55079120203,-87.96510992081555,42.95304728304586,-88.00776394431053,42.95694649923871,2020-07-17,22,535.0
55079120502,55079019400,-87.96510992081555,42.95304728304586,-88.02755647500341,42.984577749923744,2020-07-17,2,48.0
55079120502,55079021400,-87.96510992081555,42.95304728304586,-87.93891709359613,42.96295890378409,2020-07-17,2,48.0
55079120502,55079090600,-87.96510992081555,42.95304728304586,-88.05435154566402,43.03795832032663,2020-07-17,1,24.0
55079120502,55079185300,-87.96510992081555,42.95304728304586,-88.04265402690729,43.049880154873065,2020-07-17,2,48.0
55079120502,55079120502,-87.96510992081555,42.95304728304586,-87.96510992081555,42.95304728304586,2020-07-17,181,4403.0
55079120502,55079187400,-87.96510992081555,42.95304728304586,-87.90767949876499,43.03217517915639,2020-07-17,2,48.0
55079120502,55079150304,-87.96510992081555,42.95304728304586,-88.02760163837803,42.91519132559998,2020-07-17,3,72.0
55079120502,55079187200,-87.96510992081555,42.95304728304586,-88.00769048889484,42.863813659193866,2020-07-17,2,48.0
55079120502,55079160203,-87.96510992081555,42.95304728304586,-87.91638950191752,42.89402789790319,2020-07-17,3,72.0
55079120502,55079091200,-87.96510992081555,42.95304728304586,-88.00388284004167,43.0467075980639,2020-07-17,2,48.0
55079120502,55079018900,-87.96510992081555,42.95304728304586,-87.95323213052187,42.995654122863776,2020-07-17,1,24.0
55079120502,55079160202,-87.96510992081555,42.95304728304586,-87.87217546542965,42.881379330302295,2020-07-17,2,48.0
55079120502,55079014600,-87.96510992081555,42.95304728304586,-87.93032605572249,43.04237842637439,2020-07-17,1,24.0
55079120502,55079101100,-87.96510992081555,42.95304728304586,-88.04276904850849,42.99420752845147,2020-07-17,2,48.0
55079120502,55079140100,-87.96510992081555,42.95304728304586,-88.0188613886232,42.93745223479677,2020-07-17,5,121.0
55079120502,55079140201,-87.96510992081555,42.95304728304586,-87.99911426080601,42.93902100763907,2020-07-17,6,145.0
55079120502,55079140202,-87.96510992081555,42.95304728304586,-87.981557716435,42.93443757238657,2020-07-17,2,48.0
55079120502,55079016800,-87.96510992081555,42.95304728304586,-87.92935001478907,43.01036042537408,2020-07-17,1,24.0
55079120502,55079120101,-87.96510992081555,42.95304728304586,-88.04814010007517,42.95916305909443,2020-07-17,3,72.0
55079120502,55079008500,-87.96510992081555,42.95304728304586,-87.9298714910033,43.06776123229879,2020-07-17,1,24.0
55079120502,55079007700,-87.96510992081555,42.95304728304586,-87.88849935823362,43.06389053422122,2020-07-17,1,24.0
55079120502,55079011300,-87.96510992081555,42.95304728304586,-87.90713298111844,43.04890661506502,2020-07-17,1,24.0
55079120502,55079150100,-87.96510992081555,42.95304728304586,-87.97759713310646,42.91424119290261,2020-07-17,7,170.0
55079120502,55079021600,-87.96510992081555,42.95304728304586,-87.92488475274558,42.952251222261935,2020-07-17,5,121.0
55079120502,55079187000,-87.96510992081555,42.95304728304586,-87.88728455831759,43.05530607398437,2020-07-17,1,24.0
55079120502,55079120102,-87.96510992081555,42.95304728304586,-88.04966546230908,42.97409794368699,2020-07-17,2,48.0
55079120502,55079130100,-87.96510992081555,42.95304728304586,-88.04407902007586,42.942752065148895,2020-07-17,1,24.0
55079120502,55079019600,-87.96510992081555,42.95304728304586,-88.00769668957767,42.984657216409644,2020-07-17,1,24.0
55079120502,55079101800,-87.96510992081555,42.95304728304586,-88.00969812606968,42.99373426381014,2020-07-17,1,24.0
55079120502,55079150301,-87.96510992081555,42.95304728304586,-88.05345903025625,42.89781994777656,2020-07-17,2,48.0
55079120502,55079100800,-87.96510992081555,42.95304728304586,-88.05710943935104,43.023654444193184,2020-07-17,1,24.0
55079120502,55079050102,-87.96510992081555,42.95304728304586,-87.96743569232115,43.172443064752215,2020-07-17,1,24.0
55079120502,55079180300,-87.96510992081555,42.95304728304586,-87.87005593266791,42.951885652862586,2020-07-17,1,24.0
55079120502,55079019500,-87.96510992081555,42.95304728304586,-88.02769031152603,42.97732706705707,2020-07-17,1,24.0
55079120502,55079185100,-87.96510992081555,42.95304728304586,-87.86132764015301,42.9760744263621,2020-07-17,1,24.0
55079120502,55079019900,-87.96510992081555,42.95304728304586,-87.98235255712866,42.973172118392476,2020-07-17,6,145.0
55079120502,55079101500,-87.96510992081555,42.95304728304586,-88.00747595996755,43.007126720391405,2020-07-17,1,24.0
55079120502,55079020400,-87.96510992081555,42.95304728304586,-87.9300852632457,42.98834002972675,2020-07-17,1,24.0
55079120502,55079012600,-87.96510992081555,42.95304728304586,-87.99443577770006,43.034032251200934,2020-07-17,1,24.0
55079120502,55079007600,-87.96510992081555,42.95304728304586,-87.87859580944733,43.06399812725538,2020-07-17,3,72.0
55079120502,55079004200,-87.96510992081555,42.95304728304586,-87.94544782159862,43.09516547779425,2020-07-17,1,24.0
55079120502,55079120202,-87.96510992081555,42.95304728304586,-87.99868084532402,42.965848843600455,2020-07-17,3,72.0
55079120502,55079018500,-87.96510992081555,42.95304728304586,-87.91439743752404,42.98441904059949,2020-07-17,2,48.0
55079120502,55079021500,-87.96510992081555,42.95304728304586,-87.94398245259515,42.952098604888974,2020-07-17,6,145.0
55079120502,55079020200,-87.96510992081555,42.95304728304586,-87.94112496275925,42.977527635995024,2020-07-17,1,24.0
55079120502,55079150303,-87.96510992081555,42.95304728304586,-88.02312771344377,42.88960646488504,2020-07-17,2,48.0
55079120502,55079019700,-87.96510992081555,42.95304728304586,-88.00741820523533,42.97570820507905,2020-07-17,1,24.0
55079120502,55079019800,-87.96510992081555,42.95304728304586,-87.98973307517815,42.982078809345225,2020-07-17,1,24.0
55079120502,55079016400,-87.96510992081555,42.95304728304586,-87.92777599229481,43.01665943799343,2020-07-17,1,24.0
55079120502,55079000304,-87.96510992081555,42.95304728304586,-88.02644618111368,43.14364069729464,2020-07-17,1,24.0
55079120502,55079100300,-87.96510992081555,42.95304728304586,-88.00316709835943,43.017354422985534,2020-07-17,2,48.0
55079120502,55079101200,-87.96510992081555,42.95304728304586,-88.02772831407549,42.99180235090393,2020-07-17,1,24.0
55079120502,55079021800,-87.96510992081555,42.95304728304586,-87.95694377227925,42.94079756603018,2020-07-17,2,48.0
55079120502,55079170300,-87.96510992081555,42.95304728304586,-87.87538996197884,42.9095536521384,2020-07-17,1,24.0
55079120502,55079016900,-87.96510992081555,42.95304728304586,-87.93770785693083,43.00951913559766,2020-07-17,1,24.0
55079120502,55079017000,-87.96510992081555,42.95304728304586,-87.9475259715867,43.01041841584858,2020-07-17,1,24.0
55079120502,55079013000,-87.96510992081555,42.95304728304586,-87.9876687698922,43.02770173765977,2020-07-17,1,24.0
55079006100,55079020000,-87.96847508739953,43.06791249267312,-87.95273620994368,42.98405311376188,2020-07-17,1,15.0
55079006100,55079002400,-87.96847508739953,43.06791249267312,-87.95188617843814,43.106404380820805,2020-07-17,2,30.0
55079006100,55079004300,-87.96847508739953,43.06791249267312,-87.93220867621264,43.094799127568905,2020-07-17,2,30.0
55079006100,55079060200,-87.96847508739953,43.06791249267312,-87.9245165328896,43.11556508690733,2020-07-17,2,30.0
55079006100,55079004400,-87.96847508739953,43.06791249267312,-87.90608569163814,43.089298213737145,2020-07-17,1,15.0
55079006100,55079019000,-87.96847508739953,43.06791249267312,-87.967877289968,42.995496154489715,2020-07-17,1,15.0
55079006100,55079091300,-87.96847508739953,43.06791249267312,-88.0097444924032,43.037871666045895,2020-07-17,1,15.0
55079006100,55079000102,-87.96847508739953,43.06791249267312,-88.01167859828367,43.164645145767146,2020-07-17,2,30.0
55079006100,55079011200,-87.96847508739953,43.06791249267312,-87.89756439120579,43.055476240018415,2020-07-17,1,15.0
55079006100,55079011400,-87.96847508739953,43.06791249267312,-87.9106574898586,43.05269479350376,2020-07-17,1,15.0
55079006100,55079101000,-87.96847508739953,43.06791249267312,-88.05764456171738,42.99173938525954,2020-07-17,1,15.0
55079006100,55079090300,-87.96847508739953,43.06791249267312,-88.0515779905257,43.06739040507833,2020-07-17,3,46.0
55079006100,55079101600,-87.96847508739953,43.06791249267312,-87.98881839806968,43.003113634057684,2020-07-17,1,15.0
55079006100,55079186300,-87.96847508739953,43.06791249267312,-87.91799927397663,43.040616743150025,2020-07-17,1,15.0
55079006100,55079012400,-87.96847508739953,43.06791249267312,-87.97680856828566,43.04580144948212,2020-07-17,1,15.0
55079006100,55079090200,-87.96847508739953,43.06791249267312,-88.05200796218348,43.081902180003375,2020-07-17,1,15.0
55079006100,55079090900,-87.96847508739953,43.06791249267312,-88.00270912368009,43.06124682618238,2020-07-17,1,15.0
55079006100,55079120400,-87.96847508739953,43.06791249267312,-87.96548496050795,42.96670427425607,2020-07-17,1,15.0
55079006100,55079120203,-87.96847508739953,43.06791249267312,-88.00776394431053,42.95694649923871,2020-07-17,1,15.0
55079006100,55079001200,-87.96847508739953,43.06791249267312,-87.98620080987179,43.12617611256525,2020-07-17,1,15.0
55079006100,55079004800,-87.96847508739953,43.06791249267312,-87.96231596301399,43.077035360461494,2020-07-17,4,61.0
55079006100,55079009500,-87.96847508739953,43.06791249267312,-87.97530476217976,43.0530114064315,2020-07-17,1,15.0
55079006100,55079185900,-87.96847508739953,43.06791249267312,-87.93229166080955,43.05383765471328,2020-07-17,1,15.0
55079006100,55079185500,-87.96847508739953,43.06791249267312,-87.92624880733425,43.0601763240656,2020-07-17,1,15.0
55079006100,55079090600,-87.96847508739953,43.06791249267312,-88.05435154566402,43.03795832032663,2020-07-17,1,15.0
55079006100,55079185300,-87.96847508739953,43.06791249267312,-88.04265402690729,43.049880154873065,2020-07-17,1,15.0
55079006100,55079120502,-87.96847508739953,43.06791249267312,-87.96510992081555,42.95304728304586,2020-07-17,1,15.0
55079006100,55079187400,-87.96847508739953,43.06791249267312,-87.90767949876499,43.03217517915639,2020-07-17,2,30.0
55079006100,55079180500,-87.96847508739953,43.06791249267312,-87.87471526249948,42.93725893299447,2020-07-17,2,30.0
55079006100,55079004600,-87.96847508739953,43.06791249267312,-87.9321086251029,43.08569057130924,2020-07-17,1,15.0
55079006100,55079005400,-87.96847508739953,43.06791249267312,-88.02259608100492,43.0824437803151,2020-07-17,1,15.0
55079006100,55079006200,-87.96847508739953,43.06791249267312,-87.96097127315564,43.067902782244275,2020-07-17,3,46.0
55079006100,55079006000,-87.96847508739953,43.06791249267312,-87.97554005335066,43.067947929210746,2020-07-17,4,61.0
55079006100,55079091200,-87.96847508739953,43.06791249267312,-88.00388284004167,43.0467075980639,2020-07-17,2,30.0
55079006100,55079180400,-87.96847508739953,43.06791249267312,-87.85633588550823,42.93709205888796,2020-07-17,2,30.0
55079006100,55079005000,-87.96847508739953,43.06791249267312,-87.98327608357046,43.07665137069942,2020-07-17,3,46.0
55079006100,55079100900,-87.96847508739953,43.06791249267312,-88.05216898532913,43.00959788353506,2020-07-17,1,15.0
55079006100,55079101100,-87.96847508739953,43.06791249267312,-88.04276904850849,42.99420752845147,2020-07-17,1,15.0
55079006100,55079013600,-87.96847508739953,43.06791249267312,-87.9527511611333,43.04369545920421,2020-07-17,1,15.0
55079006100,55079003300,-87.96847508739953,43.06791249267312,-88.0173066794685,43.1010408446094,2020-07-17,3,46.0
55079006100,55079016800,-87.96847508739953,43.06791249267312,-87.92935001478907,43.01036042537408,2020-07-17,1,15.0
55079006100,55079008500,-87.96847508739953,43.06791249267312,-87.9298714910033,43.06776123229879,2020-07-17,1,15.0
55079006100,55079007700,-87.96847508739953,43.06791249267312,-87.88849935823362,43.06389053422122,2020-07-17,1,15.0
55079006100,55079003600,-87.96847508739953,43.06791249267312,-87.98321131530031,43.092736225323044,2020-07-17,2,30.0
55079006100,55079003800,-87.96847508739953,43.06791249267312,-87.97215356169055,43.086187842345545,2020-07-17,1,15.0
55079006100,55079003400,-87.96847508739953,43.06791249267312,-88.02444287795417,43.0934576342605,2020-07-17,4,61.0
55079006100,55079005500,-87.96847508739953,43.06791249267312,-88.03284541742188,43.08237006688624,2020-07-17,1,15.0
55079006100,55079005800,-87.96847508739953,43.06791249267312,-87.99994620357029,43.072303413103626,2020-07-17,1,15.0
55079006100,55079187000,-87.96847508739953,43.06791249267312,-87.88728455831759,43.05530607398437,2020-07-17,1,15.0
55079006100,55079002900,-87.96847508739953,43.06791249267312,-87.98131890013833,43.108341188298006,2020-07-17,1,15.0
55079006100,55079014100,-87.96847508739953,43.06791249267312,-87.92097269793881,43.04863570292668,2020-07-17,1,15.0
55079006100,55079150301,-87.96847508739953,43.06791249267312,-88.05345903025625,42.89781994777656,2020-07-17,2,30.0
55079006100,55079050102,-87.96847508739953,43.06791249267312,-87.96743569232115,43.172443064752215,2020-07-17,1,15.0
55079006100,55079180300,-87.96847508739953,43.06791249267312,-87.87005593266791,42.951885652862586,2020-07-17,1,15.0
55079006100,55079015800,-87.96847508739953,43.06791249267312,-87.93761636287321,43.021659379009066,2020-07-17,1,15.0
55079006100,55079006300,-87.96847508739953,43.06791249267312,-87.95229119818997,43.07635281761954,2020-07-17,1,15.0
55079006100,55079016300,-87.96847508739953,43.06791249267312,-87.93764055272034,43.01572710315665,2020-07-17,1,15.0
55079006100,55079019900,-87.96847508739953,43.06791249267312,-87.98235255712866,42.973172118392476,2020-07-17,1,15.0
55079006100,55079005700,-87.96847508739953,43.06791249267312,-88.01309831915184,43.07138814037072,2020-07-17,1,15.0
55079006100,55079003100,-87.96847508739953,43.06791249267312,-87.98607018194353,43.10091760946077,2020-07-17,1,15.0
55079006100,55079012600,-87.96847508739953,43.06791249267312,-87.99443577770006,43.034032251200934,2020-07-17,1,15.0
55079006100,55079005900,-87.96847508739953,43.06791249267312,-87.98523579862835,43.06821108392844,2020-07-17,4,61.0
55079006100,55079001300,-87.96847508739953,43.06791249267312,-87.99843350448002,43.126783535933505,2020-07-17,1,15.0
55079006100,55079020300,-87.96847508739953,43.06791249267312,-87.92658964497383,42.979242665655576,2020-07-17,1,15.0
55079006100,55079186600,-87.96847508739953,43.06791249267312,-87.91355022125023,43.001384465822476,2020-07-17,1,15.0
55079006100,55079003900,-87.96847508739953,43.06791249267312,-87.96215160813261,43.086172227530916,2020-07-17,2,30.0
55079006100,55079004700,-87.96847508739953,43.06791249267312,-87.94760565609727,43.08576787197636,2020-07-17,3,46.0
55079006100,55079021500,-87.96847508739953,43.06791249267312,-87.94398245259515,42.952098604888974,2020-07-17,1,15.0
55079006100,55079020200,-87.96847508739953,43.06791249267312,-87.94112496275925,42.977527635995024,2020-07-17,1,15.0
55079006100,55079012700,-87.96847508739953,43.06791249267312,-88.0122777504643,43.029662330242175,2020-07-17,1,15.0
55079006100,55079009100,-87.96847508739953,43.06791249267312,-87.96852806703085,43.060675408064526,2020-07-17,4,61.0
55079006100,55079000304,-87.96847508739953,43.06791249267312,-88.02644618111368,43.14364069729464,2020-07-17,1,15.0
55079006100,55079003700,-87.96847508739953,43.06791249267312,-87.98336380852676,43.08546039091554,2020-07-17,4,61.0
55079006100,55079186400,-87.96847508739953,43.06791249267312,-87.93038892981184,43.03695266796131,2020-07-17,1,15.0
55079006100,55079009600,-87.96847508739953,43.06791249267312,-87.96486502955395,43.05277336645368,2020-07-17,2,30.0
55079006100,55079008900,-87.96847508739953,43.06791249267312,-87.95337828163817,43.06706338271535,2020-07-17,2,30.0
55079006100,55079004100,-87.96847508739953,43.06791249267312,-87.95681147526382,43.0940907627305,2020-07-17,2,30.0
55079006100,55079013400,-87.96847508739953,43.06791249267312,-87.95356038604784,43.03496530197635,2020-07-17,1,15.0
55079006100,55079005100,-87.96847508739953,43.06791249267312,-87.99757698420609,43.08261869423604,2020-07-17,1,15.0
55079006100,55079004900,-87.96847508739953,43.06791249267312,-87.97231517837423,43.077061406485264,2020-07-17,2,30.0
55079006100,55079005600,-87.96847508739953,43.06791249267312,-88.02758035548169,43.071050112322006,2020-07-17,2,30.0
55079006100,55079012900,-87.96847508739953,43.06791249267312,-87.99989477924994,43.028140622580246,2020-07-17,1,15.0
55079006100,55079016900,-87.96847508739953,43.06791249267312,-87.93770785693083,43.00951913559766,2020-07-17,1,15.0
55079006100,55079006100,-87.96847508739953,43.06791249267312,-87.96847508739953,43.06791249267312,2020-07-17,106,1629.0
55079006100,55079001000,-87.96847508739953,43.06791249267312,-87.95348314468296,43.12464896388482,2020-07-17,1,15.0
55079006100,55079009300,-87.96847508739953,43.06791249267312,-87.98314520393755,43.060746025032145,2020-07-17,4,61.0
55079006100,55079185400,-87.96847508739953,43.06791249267312,-87.93768935592728,43.06023552955454,2020-07-17,1,15.0
55079006100,55079008800,-87.96847508739953,43.06791249267312,-87.94617084834631,43.06788862375971,2020-07-17,1,15.0
55079006100,55079006900,-87.96847508739953,43.06791249267312,-87.91078185483303,43.07979537793229,2020-07-17,2,30.0
55079006500,55079002100,-87.94229465456391,43.0797331466399,-87.95315716160212,43.115529640428136,2020-07-17,3,54.0
55079006500,55079002400,-87.94229465456391,43.0797331466399,-87.95188617843814,43.106404380820805,2020-07-17,1,18.0
55079006500,55079004300,-87.94229465456391,43.0797331466399,-87.93220867621264,43.094799127568905,2020-07-17,1,18.0
55079006500,55079060200,-87.94229465456391,43.0797331466399,-87.9245165328896,43.11556508690733,2020-07-17,1,18.0
55079006500,55079004500,-87.94229465456391,43.0797331466399,-87.92226909278084,43.08550885272536,2020-07-17,1,18.0
55079006500,55079002300,-87.94229465456391,43.0797331466399,-87.93621856893152,43.105985427841645,2020-07-17,1,18.0
55079006500,55079110100,-87.94229465456391,43.0797331466399,-87.9710022364233,43.012448953036525,2020-07-17,2,36.0
55079006500,55079021200,-87.94229465456391,43.0797331466399,-87.92101040508955,42.965284697357816,2020-07-17,1,18.0
55079006500,55079000600,-87.94229465456391,43.0797331466399,-88.00190569680801,43.14010292722225,2020-07-17,1,18.0
55079006500,55079090300,-87.94229465456391,43.0797331466399,-88.0515779905257,43.06739040507833,2020-07-17,2,36.0
55079006500,55079186300,-87.94229465456391,43.0797331466399,-87.91799927397663,43.040616743150025,2020-07-17,2,36.0
55079006500,55079012400,-87.94229465456391,43.0797331466399,-87.97680856828566,43.04580144948212,2020-07-17,1,18.0
55079006500,55079021700,-87.94229465456391,43.0797331466399,-87.91312462574102,42.94052513723052,2020-07-17,1,18.0
55079006500,55079001200,-87.94229465456391,43.0797331466399,-87.98620080987179,43.12617611256525,2020-07-17,2,36.0
55079006500,55079004800,-87.94229465456391,43.0797331466399,-87.96231596301399,43.077035360461494,2020-07-17,1,18.0
55079006500,55079185900,-87.94229465456391,43.0797331466399,-87.93229166080955,43.05383765471328,2020-07-17,1,18.0
55079006500,55079186000,-87.94229465456391,43.0797331466399,-87.92039854147795,43.053956957431964,2020-07-17,1,18.0
55079006500,55079003200,-87.94229465456391,43.0797331466399,-88.00111189801154,43.10115852758208,2020-07-17,1,18.0
55079006500,55079060101,-87.94229465456391,43.0797331466399,-87.92535691568614,43.13950788268824,2020-07-17,1,18.0
55079006500,55079185300,-87.94229465456391,43.0797331466399,-88.04265402690729,43.049880154873065,2020-07-17,1,18.0
55079006500,55079120502,-87.94229465456391,43.0797331466399,-87.96510992081555,42.95304728304586,2020-07-17,1,18.0
55079006500,55079004600,-87.94229465456391,43.0797331466399,-87.9321086251029,43.08569057130924,2020-07-17,2,36.0
55079006500,55079005400,-87.94229465456391,43.0797331466399,-88.02259608100492,43.0824437803151,2020-07-17,1,18.0
55079006500,55079006200,-87.94229465456391,43.0797331466399,-87.96097127315564,43.067902782244275,2020-07-17,1,18.0
55079006500,55079186800,-87.94229465456391,43.0797331466399,-87.9506670108877,43.02815858561159,2020-07-17,2,36.0
55079006500,55079002800,-87.94229465456391,43.0797331466399,-87.97141961541004,43.10830621321033,2020-07-17,1,18.0
55079006500,55079006800,-87.94229465456391,43.0797331466399,-87.92500216567623,43.079683301494654,2020-07-17,2,36.0
55079006500,55079100900,-87.94229465456391,43.0797331466399,-88.05216898532913,43.00959788353506,2020-07-17,1,18.0
55079006500,55079008500,-87.94229465456391,43.0797331466399,-87.9298714910033,43.06776123229879,2020-07-17,1,18.0
55079006500,55079003600,-87.94229465456391,43.0797331466399,-87.98321131530031,43.092736225323044,2020-07-17,1,18.0
55079006500,55079003400,-87.94229465456391,43.0797331466399,-88.02444287795417,43.0934576342605,2020-07-17,1,18.0
55079006500,55079187000,-87.94229465456391,43.0797331466399,-87.88728455831759,43.05530607398437,2020-07-17,1,18.0
55079006500,55079009400,-87.94229465456391,43.0797331466399,-87.98309572088205,43.053347935581954,2020-07-17,1,18.0
55079006500,55079006300,-87.94229465456391,43.0797331466399,-87.95229119818997,43.07635281761954,2020-07-17,1,18.0
55079006500,55079006600,-87.94229465456391,43.0797331466399,-87.93135214789555,43.075399167305534,2020-07-17,3,54.0
55079006500,55079016700,-87.94229465456391,43.0797331466399,-87.92209519609614,43.010301162214034,2020-07-17,1,18.0
55079006500,55079004200,-87.94229465456391,43.0797331466399,-87.94544782159862,43.09516547779425,2020-07-17,3,54.0
55079006500,55079186600,-87.94229465456391,43.0797331466399,-87.91355022125023,43.001384465822476,2020-07-17,1,18.0
55079006500,55079001500,-87.94229465456391,43.0797331466399,-88.01520145334699,43.123754077777434,2020-07-17,1,18.0
55079006500,55079002000,-87.94229465456391,43.0797331466399,-87.96815137233186,43.115621500302275,2020-07-17,2,36.0
55079006500,55079004700,-87.94229465456391,43.0797331466399,-87.94760565609727,43.08576787197636,2020-07-17,3,54.0
55079006500,55079009100,-87.94229465456391,43.0797331466399,-87.96852806703085,43.060675408064526,2020-07-17,1,18.0
55079006500,55079000304,-87.94229465456391,43.0797331466399,-88.02644618111368,43.14364069729464,2020-07-17,1,18.0
55079006500,55079001900,-87.94229465456391,43.0797331466399,-87.98367415791445,43.115686316787006,2020-07-17,1,18.0
55079006500,55079009600,-87.94229465456391,43.0797331466399,-87.96486502955395,43.05277336645368,2020-07-17,1,18.0
55079006500,55079008900,-87.94229465456391,43.0797331466399,-87.95337828163817,43.06706338271535,2020-07-17,1,18.0
55079006500,55079005100,-87.94229465456391,43.0797331466399,-87.99757698420609,43.08261869423604,2020-07-17,1,18.0
55079006500,55079004900,-87.94229465456391,43.0797331466399,-87.97231517837423,43.077061406485264,2020-07-17,2,36.0
55079006500,55079007400,-87.94229465456391,43.0797331466399,-87.87216855868374,43.078043126250115,2020-07-17,1,18.0
55079006500,55079008000,-87.94229465456391,43.0797331466399,-87.90282982859381,43.067480284048756,2020-07-17,1,18.0
55079006500,55079186100,-87.94229465456391,43.0797331466399,-87.94279275484007,43.048652729679134,2020-07-17,2,36.0
55079006500,55079006400,-87.94229465456391,43.0797331466399,-87.94234792087695,43.07421796319209,2020-07-17,7,127.0
55079006500,55079009900,-87.94229465456391,43.0797331466399,-87.94630275235495,43.060274421469344,2020-07-17,2,36.0
55079006500,55079006500,-87.94229465456391,43.0797331466399,-87.94229465456391,43.0797331466399,2020-07-17,89,1623.0
55079006500,55079185400,-87.94229465456391,43.0797331466399,-87.93768935592728,43.06023552955454,2020-07-17,2,36.0
55079006500,55079008800,-87.94229465456391,43.0797331466399,-87.94617084834631,43.06788862375971,2020-07-17,1,18.0
55079006500,55079013500,-87.94229465456391,43.0797331466399,-87.9526122313311,43.040147622140005,2020-07-17,2,36.0
55079006500,55079009700,-87.94229465456391,43.0797331466399,-87.95262115062044,43.05393954073114,2020-07-17,1,18.0
55079006500,55079008700,-87.94229465456391,43.0797331466399,-87.93997122125838,43.06781436915486,2020-07-17,1,18.0
55079003400,55079002400,-88.02444287795417,43.0934576342605,-87.95188617843814,43.106404380820805,2020-07-17,1,21.0
55079003400,55079004300,-88.02444287795417,43.0934576342605,-87.93220867621264,43.094799127568905,2020-07-17,2,42.0
55079003400,55079060200,-88.02444287795417,43.0934576342605,-87.9245165328896,43.11556508690733,2020-07-17,2,42.0
55079003400,55079004400,-88.02444287795417,43.0934576342605,-87.90608569163814,43.089298213737145,2020-07-17,2,42.0
55079003400,55079100700,-88.02444287795417,43.0934576342605,-88.03788629567484,43.0213025080197,2020-07-17,1,21.0
55079003400,55079000101,-88.02444287795417,43.0934576342605,-88.00922083481396,43.18510784936368,2020-07-17,7,148.0
55079003400,55079000102,-88.02444287795417,43.0934576342605,-88.01167859828367,43.164645145767146,2020-07-17,9,191.0
55079003400,55079000202,-88.02444287795417,43.0934576342605,-88.04132965001602,43.160382512849615,2020-07-17,3,63.0
55079003400,55079002300,-88.02444287795417,43.0934576342605,-87.93621856893152,43.105985427841645,2020-07-17,2,42.0
55079003400,55079011400,-88.02444287795417,43.0934576342605,-87.9106574898586,43.05269479350376,2020-07-17,1,21.0
55079003400,55079110100,-88.02444287795417,43.0934576342605,-87.9710022364233,43.012448953036525,2020-07-17,5,106.0
55079003400,55079101000,-88.02444287795417,43.0934576342605,-88.05764456171738,42.99173938525954,2020-07-17,5,106.0
55079003400,55079000600,-88.02444287795417,43.0934576342605,-88.00190569680801,43.14010292722225,2020-07-17,4,84.0
55079003400,55079050101,-88.02444287795417,43.0934576342605,-87.98494662348081,43.17683059907653,2020-07-17,4,84.0
55079003400,55079090300,-88.02444287795417,43.0934576342605,-88.0515779905257,43.06739040507833,2020-07-17,15,318.0
55079003400,55079186300,-88.02444287795417,43.0934576342605,-87.91799927397663,43.040616743150025,2020-07-17,1,21.0
55079003400,55079012400,-88.02444287795417,43.0934576342605,-87.97680856828566,43.04580144948212,2020-07-17,1,21.0
55079003400,55079021700,-88.02444287795417,43.0934576342605,-87.91312462574102,42.94052513723052,2020-07-17,2,42.0
55079003400,55079090100,-88.02444287795417,43.0934576342605,-88.04837730790923,43.0973204568905,2020-07-17,5,106.0
55079003400,55079090200,-88.02444287795417,43.0934576342605,-88.05200796218348,43.081902180003375,2020-07-17,17,360.0
55079003400,55079090900,-88.02444287795417,43.0934576342605,-88.00270912368009,43.06124682618238,2020-07-17,2,42.0
55079003400,55079120400,-88.02444287795417,43.0934576342605,-87.96548496050795,42.96670427425607,2020-07-17,3,63.0
55079003400,55079120203,-88.02444287795417,43.0934576342605,-88.00776394431053,42.95694649923871,2020-07-17,3,63.0
55079003400,55079160300,-88.02444287795417,43.0934576342605,-87.8893867076047,42.856940087232964,2020-07-17,1,21.0
55079003400,55079000501,-88.02444287795417,43.0934576342605,-88.04340002069712,43.115390222488664,2020-07-17,6,127.0
55079003400,55079001200,-88.02444287795417,43.0934576342605,-87.98620080987179,43.12617611256525,2020-07-17,2,42.0
55079003400,55079002700,-88.02444287795417,43.0934576342605,-87.97176690626681,43.100825271475365,2020-07-17,1,21.0
55079003400,55079003500,-88.02444287795417,43.0934576342605,-87.99830093777771,43.09359369867719,2020-07-17,9,191.0
55079003400,55079004800,-88.02444287795417,43.0934576342605,-87.96231596301399,43.077035360461494,2020-07-17,2,42.0
55079003400,55079186000,-88.02444287795417,43.0934576342605,-87.92039854147795,43.053956957431964,2020-07-17,1,21.0
55079003400,55079003200,-88.02444287795417,43.0934576342605,-88.00111189801154,43.10115852758208,2020-07-17,4,84.0
55079003400,55079005300,-88.02444287795417,43.0934576342605,-88.01242727702714,43.07892288175221,2020-07-17,5,106.0
55079003400,55079060101,-88.02444287795417,43.0934576342605,-87.92535691568614,43.13950788268824,2020-07-17,1,21.0
55079003400,55079000302,-88.02444287795417,43.0934576342605,-88.04649688617519,43.13922972061493,2020-07-17,2,42.0
55079003400,55079090600,-88.02444287795417,43.0934576342605,-88.05435154566402,43.03795832032663,2020-07-17,2,42.0
55079003400,55079185300,-88.02444287795417,43.0934576342605,-88.04265402690729,43.049880154873065,2020-07-17,5,106.0
55079003400,55079120502,-88.02444287795417,43.0934576342605,-87.96510992081555,42.95304728304586,2020-07-17,1,21.0
55079003400,55079014700,-88.02444287795417,43.0934576342605,-87.93551340137516,43.042200823908786,2020-07-17,2,42.0
55079003400,55079187400,-88.02444287795417,43.0934576342605,-87.90767949876499,43.03217517915639,2020-07-17,1,21.0
55079003400,55079000800,-88.02444287795417,43.0934576342605,-87.97372753660457,43.14064967469203,2020-07-17,3,63.0
55079003400,55079004000,-88.02444287795417,43.0934576342605,-87.97205846198321,43.09342306765945,2020-07-17,3,63.0
55079003400,55079004600,-88.02444287795417,43.0934576342605,-87.9321086251029,43.08569057130924,2020-07-17,2,42.0
55079003400,55079005400,-88.02444287795417,43.0934576342605,-88.02259608100492,43.0824437803151,2020-07-17,5,106.0
55079003400,55079000400,-88.02444287795417,43.0934576342605,-88.05554472050937,43.110954423820296,2020-07-17,6,127.0
55079003400,55079006200,-88.02444287795417,43.0934576342605,-87.96097127315564,43.067902782244275,2020-07-17,3,63.0
55079003400,55079186800,-88.02444287795417,43.0934576342605,-87.9506670108877,43.02815858561159,2020-07-17,1,21.0
55079003400,55079091200,-88.02444287795417,43.0934576342605,-88.00388284004167,43.0467075980639,2020-07-17,1,21.0
55079003400,55079180400,-88.02444287795417,43.0934576342605,-87.85633588550823,42.93709205888796,2020-07-17,1,21.0
55079003400,55079005000,-88.02444287795417,43.0934576342605,-87.98327608357046,43.07665137069942,2020-07-17,2,42.0
55079003400,55079001400,-88.02444287795417,43.0934576342605,-88.01656972395298,43.130900969315825,2020-07-17,1,21.0
55079003400,55079100900,-88.02444287795417,43.0934576342605,-88.05216898532913,43.00959788353506,2020-07-17,2,42.0
55079003400,55079101100,-88.02444287795417,43.0934576342605,-88.04276904850849,42.99420752845147,2020-07-17,2,42.0
55079003400,55079013600,-88.02444287795417,43.0934576342605,-87.9527511611333,43.04369545920421,2020-07-17,1,21.0
55079003400,55079140201,-88.02444287795417,43.0934576342605,-87.99911426080601,42.93902100763907,2020-07-17,1,21.0
55079003400,55079140202,-88.02444287795417,43.0934576342605,-87.981557716435,42.93443757238657,2020-07-17,1,21.0
55079003400,55079186500,-88.02444287795417,43.0934576342605,-87.9130303085029,43.02319729476483,2020-07-17,2,42.0
55079003400,55079003300,-88.02444287795417,43.0934576342605,-88.0173066794685,43.1010408446094,2020-07-17,6,127.0
55079003400,55079007500,-88.02444287795417,43.0934576342605,-87.87772470520909,43.071061371506396,2020-07-17,1,21.0
55079003400,55079001600,-88.02444287795417,43.0934576342605,-88.01599665750028,43.11588641903863,2020-07-17,3,63.0
55079003400,55079016800,-88.02444287795417,43.0934576342605,-87.92935001478907,43.01036042537408,2020-07-17,1,21.0
55079003400,55079120101,-88.02444287795417,43.0934576342605,-88.04814010007517,42.95916305909443,2020-07-17,2,42.0
55079003400,55079070100,-88.02444287795417,43.0934576342605,-87.9076583493148,43.12063010988105,2020-07-17,1,21.0
55079003400,55079101400,-88.02444287795417,43.0934576342605,-88.02735540531337,43.00631524274058,2020-07-17,1,21.0
55079003400,55079007700,-88.02444287795417,43.0934576342605,-87.88849935823362,43.06389053422122,2020-07-17,1,21.0
55079003400,55079003600,-88.02444287795417,43.0934576342605,-87.98321131530031,43.092736225323044,2020-07-17,2,42.0
55079003400,55079011300,-88.02444287795417,43.0934576342605,-87.90713298111844,43.04890661506502,2020-07-17,1,21.0
55079003400,55079100400,-88.02444287795417,43.0934576342605,-88.01166560297426,43.0170103539625,2020-07-17,2,42.0
55079003400,55079150100,-88.02444287795417,43.0934576342605,-87.97759713310646,42.91424119290261,2020-07-17,1,21.0
55079003400,55079021600,-88.02444287795417,43.0934576342605,-87.92488475274558,42.952251222261935,2020-07-17,1,21.0
55079003400,55079001800,-88.02444287795417,43.0934576342605,-87.99853790291819,43.115847306484916,2020-07-17,1,21.0
55079003400,55079003400,-88.02444287795417,43.0934576342605,-88.02444287795417,43.0934576342605,2020-07-17,252,5351.0
55079003400,55079005500,-88.02444287795417,43.0934576342605,-88.03284541742188,43.08237006688624,2020-07-17,5,106.0
55079003400,55079005800,-88.02444287795417,43.0934576342605,-87.99994620357029,43.072303413103626,2020-07-17,1,21.0
55079003400,55079016100,-88.02444287795417,43.0934576342605,-87.95946595975387,43.016089910899275,2020-07-17,1,21.0
55079003400,55079019600,-88.02444287795417,43.0934576342605,-88.00769668957767,42.984657216409644,2020-07-17,1,21.0
55079003400,55079185700,-88.02444287795417,43.0934576342605,-87.91471207902771,43.06752585199898,2020-07-17,1,21.0
55079003400,55079000700,-88.02444287795417,43.0934576342605,-87.99009583376943,43.15588909293765,2020-07-17,1,21.0
55079003400,55079100200,-88.02444287795417,43.0934576342605,-87.99137992566246,43.01460892403096,2020-07-17,2,42.0
55079003400,55079005700,-88.02444287795417,43.0934576342605,-88.01309831915184,43.07138814037072,2020-07-17,2,42.0
55079003400,55079003100,-88.02444287795417,43.0934576342605,-87.98607018194353,43.10091760946077,2020-07-17,2,42.0
55079003400,55079012600,-88.02444287795417,43.0934576342605,-87.99443577770006,43.034032251200934,2020-07-17,2,42.0
55079003400,55079005200,-88.02444287795417,43.0934576342605,-88.0124256780363,43.086227920709504,2020-07-17,7,148.0
55079003400,55079005900,-88.02444287795417,43.0934576342605,-87.98523579862835,43.06821108392844,2020-07-17,5,106.0
55079003400,55079000900,-88.02444287795417,43.0934576342605,-87.95566887882444,43.14970170326806,2020-07-17,2,42.0
55079003400,55079001300,-88.02444287795417,43.0934576342605,-87.99843350448002,43.126783535933505,2020-07-17,1,21.0
55079003400,55079001700,-88.02444287795417,43.0934576342605,-88.01621221830194,43.10855887721336,2020-07-17,5,106.0
55079003400,55079020900,-88.02444287795417,43.0934576342605,-87.90186271433869,42.97013349358029,2020-07-17,1,21.0
55079003400,55079186600,-88.02444287795417,43.0934576342605,-87.91355022125023,43.001384465822476,2020-07-17,2,42.0
55079003400,55079001500,-88.02444287795417,43.0934576342605,-88.01520145334699,43.123754077777434,2020-07-17,2,42.0
55079003400,55079003900,-88.02444287795417,43.0934576342605,-87.96215160813261,43.086172227530916,2020-07-17,1,21.0
55079003400,55079000201,-88.02444287795417,43.0934576342605,-88.0472441211064,43.1799495757708,2020-07-17,2,42.0
55079003400,55079004700,-88.02444287795417,43.0934576342605,-87.94760565609727,43.08576787197636,2020-07-17,2,42.0
55079003400,55079018500,-88.02444287795417,43.0934576342605,-87.91439743752404,42.98441904059949,2020-07-17,2,42.0
55079003400,55079020200,-88.02444287795417,43.0934576342605,-87.94112496275925,42.977527635995024,2020-07-17,2,42.0
55079003400,55079002600,-88.02444287795417,43.0934576342605,-87.96192834607115,43.10067420371696,2020-07-17,1,21.0
55079003400,55079009000,-88.02444287795417,43.0934576342605,-87.9610837883489,43.060355868415826,2020-07-17,1,21.0
55079003400,55079009100,-88.02444287795417,43.0934576342605,-87.96852806703085,43.060675408064526,2020-07-17,1,21.0
55079003400,55079013700,-88.02444287795417,43.0934576342605,-87.94529508707278,43.04229912697773,2020-07-17,2,42.0
55079003400,55079000304,-88.02444287795417,43.0934576342605,-88.02644618111368,43.14364069729464,2020-07-17,1,21.0
55079003400,55079001900,-88.02444287795417,43.0934576342605,-87.98367415791445,43.115686316787006,2020-07-17,4,84.0
55079003400,55079186400,-88.02444287795417,43.0934576342605,-87.93038892981184,43.03695266796131,2020-07-17,1,21.0
55079003400,55079009600,-88.02444287795417,43.0934576342605,-87.96486502955395,43.05277336645368,2020-07-17,1,21.0
55079003400,55079004100,-88.02444287795417,43.0934576342605,-87.95681147526382,43.0940907627305,2020-07-17,2,42.0
55079003400,55079013400,-88.02444287795417,43.0934576342605,-87.95356038604784,43.03496530197635,2020-07-17,1,21.0
55079003400,55079091000,-88.02444287795417,43.0934576342605,-87.99705672432205,43.06433297165757,2020-07-17,3,63.0
55079003400,55079186200,-88.02444287795417,43.0934576342605,-87.93244814260824,43.04856605375616,2020-07-17,2,42.0
55079003400,55079100300,-88.02444287795417,43.0934576342605,-88.00316709835943,43.017354422985534,2020-07-17,1,21.0
55079003400,55079005100,-88.02444287795417,43.0934576342605,-87.99757698420609,43.08261869423604,2020-07-17,6,127.0
55079003400,55079004900,-88.02444287795417,43.0934576342605,-87.97231517837423,43.077061406485264,2020-07-17,1,21.0
55079003400,55079009200,-88.02444287795417,43.0934576342605,-87.97560474362125,43.06069020349929,2020-07-17,1,21.0
55079003400,55079005600,-88.02444287795417,43.0934576342605,-88.02758035548169,43.071050112322006,2020-07-17,2,42.0
55079003400,55079006400,-88.02444287795417,43.0934576342605,-87.94234792087695,43.07421796319209,2020-07-17,2,42.0
55079003400,55079016900,-88.02444287795417,43.0934576342605,-87.93770785693083,43.00951913559766,2020-07-17,2,42.0
55079003400,55079012200,-88.02444287795417,43.0934576342605,-87.95271101560115,43.04866661559741,2020-07-17,1,21.0
55079003400,55079013300,-88.02444287795417,43.0934576342605,-87.96206431187025,43.03483590901066,2020-07-17,1,21.0
55079003400,55079000303,-88.02444287795417,43.0934576342605,-88.04588241201564,43.12968529312476,2020-07-17,1,21.0
55079003400,55079001000,-88.02444287795417,43.0934576342605,-87.95348314468296,43.12464896388482,2020-07-17,3,63.0
55079003400,55079009900,-88.02444287795417,43.0934576342605,-87.94630275235495,43.060274421469344,2020-07-17,2,42.0
55079003400,55079003000,-88.02444287795417,43.0934576342605,-87.99619059962126,43.10851035065769,2020-07-17,1,21.0
55079003400,55079008600,-88.02444287795417,43.0934576342605,-87.93517868399437,43.06762170689756,2020-07-17,1,21.0
55079003400,55079006500,-88.02444287795417,43.0934576342605,-87.94229465456391,43.0797331466399,2020-07-17,2,42.0
55079003400,55079185400,-88.02444287795417,43.0934576342605,-87.93768935592728,43.06023552955454,2020-07-17,1,21.0
55079003400,55079008700,-88.02444287795417,43.0934576342605,-87.93997122125838,43.06781436915486,2020-07-17,1,21.0
55079019900,55079020000,-87.98235255712866,42.973172118392476,-87.95273620994368,42.98405311376188,2020-07-17,4,95.0
55079019900,55079002100,-87.98235255712866,42.973172118392476,-87.95315716160212,43.115529640428136,2020-07-17,1,23.0
55079019900,55079015700,-87.98235255712866,42.973172118392476,-87.92777138656925,43.021663598322064,2020-07-17,1,23.0
55079019900,55079019000,-87.98235255712866,42.973172118392476,-87.967877289968,42.995496154489715,2020-07-17,4,95.0
55079019900,55079100100,-87.98235255712866,42.973172118392476,-87.98598444052216,43.01659648927991,2020-07-17,1,23.0
55079019900,55079100700,-87.98235255712866,42.973172118392476,-88.03788629567484,43.0213025080197,2020-07-17,1,23.0
55079019900,55079002300,-87.98235255712866,42.973172118392476,-87.93621856893152,43.105985427841645,2020-07-17,1,23.0
55079019900,55079110100,-87.98235255712866,42.973172118392476,-87.9710022364233,43.012448953036525,2020-07-17,5,119.0
55079019900,55079160100,-87.98235255712866,42.973172118392476,-87.91471599062149,42.91513941042769,2020-07-17,3,71.0
55079019900,55079021700,-87.98235255712866,42.973172118392476,-87.91312462574102,42.94052513723052,2020-07-17,2,47.0
55079019900,55079120501,-87.98235255712866,42.973172118392476,-87.96680035551529,42.94072396992586,2020-07-17,1,23.0
55079019900,55079019100,-87.98235255712866,42.973172118392476,-87.96549351619066,42.982165146288615,2020-07-17,1,23.0
55079019900,55079090100,-87.98235255712866,42.973172118392476,-88.04837730790923,43.0973204568905,2020-07-17,1,23.0
55079019900,55079090200,-87.98235255712866,42.973172118392476,-88.05200796218348,43.081902180003375,2020-07-17,2,47.0
55079019900,55079120400,-87.98235255712866,42.973172118392476,-87.96548496050795,42.96670427425607,2020-07-17,16,383.0
55079019900,55079120203,-87.98235255712866,42.973172118392476,-88.00776394431053,42.95694649923871,2020-07-17,7,167.0
55079019900,55079187300,-87.98235255712866,42.973172118392476,-87.9656302556773,42.887159701718595,2020-07-17,1,23.0
55079019900,55079017300,-87.98235255712866,42.973172118392476,-87.94877202549131,43.0036525046766,2020-07-17,1,23.0
55079019900,55079003500,-87.98235255712866,42.973172118392476,-87.99830093777771,43.09359369867719,2020-07-17,1,23.0
55079019900,55079000302,-87.98235255712866,42.973172118392476,-88.04649688617519,43.13922972061493,2020-07-17,1,23.0
55079019900,55079090600,-87.98235255712866,42.973172118392476,-88.05435154566402,43.03795832032663,2020-07-17,1,23.0
55079019900,55079080300,-87.98235255712866,42.973172118392476,-87.87475616434764,43.089996653126924,2020-07-17,1,23.0
55079019900,55079185300,-87.98235255712866,42.973172118392476,-88.04265402690729,43.049880154873065,2020-07-17,2,47.0
55079019900,55079120502,-87.98235255712866,42.973172118392476,-87.96510992081555,42.95304728304586,2020-07-17,1,23.0
55079019900,55079187400,-87.98235255712866,42.973172118392476,-87.90767949876499,43.03217517915639,2020-07-17,1,23.0
55079019900,55079150304,-87.98235255712866,42.973172118392476,-88.02760163837803,42.91519132559998,2020-07-17,1,23.0
55079019900,55079180500,-87.98235255712866,42.973172118392476,-87.87471526249948,42.93725893299447,2020-07-17,1,23.0
55079019900,55079130200,-87.98235255712866,42.973172118392476,-88.05891051157585,42.93732261654573,2020-07-17,1,23.0
55079019900,55079021000,-87.98235255712866,42.973172118392476,-87.89993467732904,42.962739149255064,2020-07-17,1,23.0
55079019900,55079186800,-87.98235255712866,42.973172118392476,-87.9506670108877,43.02815858561159,2020-07-17,2,47.0
55079019900,55079187200,-87.98235255712866,42.973172118392476,-88.00769048889484,42.863813659193866,2020-07-17,1,23.0
55079019900,55079170200,-87.98235255712866,42.973172118392476,-87.87263683893734,42.92275381108851,2020-07-17,1,23.0
55079019900,55079091200,-87.98235255712866,42.973172118392476,-88.00388284004167,43.0467075980639,2020-07-17,1,23.0
55079019900,55079100500,-87.98235255712866,42.973172118392476,-88.02674691869541,43.01326660162138,2020-07-17,1,23.0
55079019900,55079020100,-87.98235255712866,42.973172118392476,-87.94099671150566,42.988482506396224,2020-07-17,1,23.0
55079019900,55079160202,-87.98235255712866,42.973172118392476,-87.87217546542965,42.881379330302295,2020-07-17,1,23.0
55079019900,55079100900,-87.98235255712866,42.973172118392476,-88.05216898532913,43.00959788353506,2020-07-17,1,23.0
55079019900,55079007000,-87.98235255712866,42.973172118392476,-87.91122456687498,43.07424564740019,2020-07-17,1,23.0
55079019900,55079140100,-87.98235255712866,42.973172118392476,-88.0188613886232,42.93745223479677,2020-07-17,3,71.0
55079019900,55079140201,-87.98235255712866,42.973172118392476,-87.99911426080601,42.93902100763907,2020-07-17,2,47.0
55079019900,55079180100,-87.98235255712866,42.973172118392476,-87.84722355247969,42.95102171952154,2020-07-17,1,23.0
55079019900,55079186500,-87.98235255712866,42.973172118392476,-87.9130303085029,43.02319729476483,2020-07-17,1,23.0
55079019900,55079003300,-87.98235255712866,42.973172118392476,-88.0173066794685,43.1010408446094,2020-07-17,1,23.0
55079019900,55079016800,-87.98235255712866,42.973172118392476,-87.92935001478907,43.01036042537408,2020-07-17,1,23.0
55079019900,55079120101,-87.98235255712866,42.973172118392476,-88.04814010007517,42.95916305909443,2020-07-17,1,23.0
55079019900,55079003600,-87.98235255712866,42.973172118392476,-87.98321131530031,43.092736225323044,2020-07-17,1,23.0
55079019900,55079014400,-87.98235255712866,42.973172118392476,-87.90784049253895,43.042413401572134,2020-07-17,1,23.0
55079019900,55079018000,-87.98235255712866,42.973172118392476,-87.8945288084346,43.01098558683315,2020-07-17,1,23.0
55079019900,55079150100,-87.98235255712866,42.973172118392476,-87.97759713310646,42.91424119290261,2020-07-17,4,95.0
55079019900,55079016600,-87.98235255712866,42.973172118392476,-87.9139279223807,43.010028166006215,2020-07-17,1,23.0
55079019900,55079130100,-87.98235255712866,42.973172118392476,-88.04407902007586,42.942752065148895,2020-07-17,4,95.0
55079019900,55079150301,-87.98235255712866,42.973172118392476,-88.05345903025625,42.89781994777656,2020-07-17,1,23.0
55079019900,55079120201,-87.98235255712866,42.973172118392476,-88.01868214174351,42.96737507435749,2020-07-17,2,47.0
55079019900,55079180300,-87.98235255712866,42.973172118392476,-87.87005593266791,42.951885652862586,2020-07-17,1,23.0
55079019900,55079020700,-87.98235255712866,42.973172118392476,-87.89282968229121,42.980391637955094,2020-07-17,2,47.0
55079019900,55079185100,-87.98235255712866,42.973172118392476,-87.86132764015301,42.9760744263621,2020-07-17,1,23.0
55079019900,55079006300,-87.98235255712866,42.973172118392476,-87.95229119818997,43.07635281761954,2020-07-17,1,23.0
55079019900,55079080200,-87.98235255712866,42.973172118392476,-87.8877423232882,43.0942616397457,2020-07-17,1,23.0
55079019900,55079019900,-87.98235255712866,42.973172118392476,-87.98235255712866,42.973172118392476,2020-07-17,127,3042.0
55079019900,55079100200,-87.98235255712866,42.973172118392476,-87.99137992566246,43.01460892403096,2020-07-17,1,23.0
55079019900,55079005700,-87.98235255712866,42.973172118392476,-88.01309831915184,43.07138814037072,2020-07-17,1,23.0
55079019900,55079017500,-87.98235255712866,42.973172118392476,-87.92965116916102,43.00287441605045,2020-07-17,1,23.0
55079019900,55079003100,-87.98235255712866,42.973172118392476,-87.98607018194353,43.10091760946077,2020-07-17,1,23.0
55079019900,55079001300,-87.98235255712866,42.973172118392476,-87.99843350448002,43.126783535933505,2020-07-17,1,23.0
55079019900,55079001700,-87.98235255712866,42.973172118392476,-88.01621221830194,43.10855887721336,2020-07-17,1,23.0
55079019900,55079020300,-87.98235255712866,42.973172118392476,-87.92658964497383,42.979242665655576,2020-07-17,1,23.0
55079019900,55079020900,-87.98235255712866,42.973172118392476,-87.90186271433869,42.97013349358029,2020-07-17,2,47.0
55079019900,55079016700,-87.98235255712866,42.973172118392476,-87.92209519609614,43.010301162214034,2020-07-17,1,23.0
55079019900,55079004200,-87.98235255712866,42.973172118392476,-87.94544782159862,43.09516547779425,2020-07-17,1,23.0
55079019900,55079120202,-87.98235255712866,42.973172118392476,-87.99868084532402,42.965848843600455,2020-07-17,7,167.0
55079019900,55079018500,-87.98235255712866,42.973172118392476,-87.91439743752404,42.98441904059949,2020-07-17,1,23.0
55079019900,55079020500,-87.98235255712866,42.973172118392476,-87.92272370744391,42.988321496925906,2020-07-17,1,23.0
55079019900,55079021500,-87.98235255712866,42.973172118392476,-87.94398245259515,42.952098604888974,2020-07-17,1,23.0
55079019900,55079020200,-87.98235255712866,42.973172118392476,-87.94112496275925,42.977527635995024,2020-07-17,2,47.0
55079019900,55079018600,-87.98235255712866,42.973172118392476,-87.92255649026754,42.995575414800356,2020-07-17,1,23.0
55079019900,55079016000,-87.98235255712866,42.973172118392476,-87.95725941865898,43.02137414837421,2020-07-17,1,23.0
55079019900,55079019700,-87.98235255712866,42.973172118392476,-88.00741820523533,42.97570820507905,2020-07-17,1,23.0
55079019900,55079019800,-87.98235255712866,42.973172118392476,-87.98973307517815,42.982078809345225,2020-07-17,4,95.0
55079019900,55079018700,-87.98235255712866,42.973172118392476,-87.92991431934564,42.995583237143,2020-07-17,1,23.0
55079019900,55079008900,-87.98235255712866,42.973172118392476,-87.95337828163817,43.06706338271535,2020-07-17,1,23.0
55079019900,55079170100,-87.98235255712866,42.973172118392476,-87.84892368656588,42.919583500675934,2020-07-17,1,23.0
55079019900,55079185600,-87.98235255712866,42.973172118392476,-87.91469071944607,43.06026722158336,2020-07-17,1,23.0
55079019900,55079170600,-87.98235255712866,42.973172118392476,-87.86320935056827,42.907724102777856,2020-07-17,1,23.0
55079019900,55079060102,-87.98235255712866,42.973172118392476,-87.93974960524739,43.148654535590595,2020-07-17,1,23.0
55079019900,55079186100,-87.98235255712866,42.973172118392476,-87.94279275484007,43.048652729679134,2020-07-17,1,23.0
55079019900,55079016900,-87.98235255712866,42.973172118392476,-87.93770785693083,43.00951913559766,2020-07-17,1,23.0
55079019900,55079120300,-87.98235255712866,42.973172118392476,-87.97376432533524,42.98091406493879,2020-07-17,2,47.0
55079019900,55079013000,-87.98235255712866,42.973172118392476,-87.9876687698922,43.02770173765977,2020-07-17,1,23.0
55079101500,55079020000,-88.00747595996755,43.007126720391405,-87.95273620994368,42.98405311376188,2020-07-17,2,36.0
55079101500,55079002400,-88.00747595996755,43.007126720391405,-87.95188617843814,43.106404380820805,2020-07-17,1,18.0
55079101500,55079060200,-88.00747595996755,43.007126720391405,-87.9245165328896,43.11556508690733,2020-07-17,1,18.0
55079101500,55079004400,-88.00747595996755,43.007126720391405,-87.90608569163814,43.089298213737145,2020-07-17,1,18.0
55079101500,55079004500,-88.00747595996755,43.007126720391405,-87.92226909278084,43.08550885272536,2020-07-17,1,18.0
55079101500,55079019000,-88.00747595996755,43.007126720391405,-87.967877289968,42.995496154489715,2020-07-17,1,18.0
55079101500,55079100100,-88.00747595996755,43.007126720391405,-87.98598444052216,43.01659648927991,2020-07-17,6,108.0
55079101500,55079100700,-88.00747595996755,43.007126720391405,-88.03788629567484,43.0213025080197,2020-07-17,2,36.0
55079101500,55079110100,-88.00747595996755,43.007126720391405,-87.9710022364233,43.012448953036525,2020-07-17,3,54.0
55079101500,55079101000,-88.00747595996755,43.007126720391405,-88.05764456171738,42.99173938525954,2020-07-17,10,180.0
55079101500,55079160100,-88.00747595996755,43.007126720391405,-87.91471599062149,42.91513941042769,2020-07-17,1,18.0
55079101500,55079000600,-88.00747595996755,43.007126720391405,-88.00190569680801,43.14010292722225,2020-07-17,2,36.0
55079101500,55079101600,-88.00747595996755,43.007126720391405,-87.98881839806968,43.003113634057684,2020-07-17,3,54.0
55079101500,55079021700,-88.00747595996755,43.007126720391405,-87.91312462574102,42.94052513723052,2020-07-17,3,54.0
55079101500,55079019100,-88.00747595996755,43.007126720391405,-87.96549351619066,42.982165146288615,2020-07-17,1,18.0
55079101500,55079019200,-88.00747595996755,43.007126720391405,-87.9858350139744,42.99282711086924,2020-07-17,1,18.0
55079101500,55079070300,-88.00747595996755,43.007126720391405,-87.90380003116019,43.10631443965618,2020-07-17,1,18.0
55079101500,55079120400,-88.00747595996755,43.007126720391405,-87.96548496050795,42.96670427425607,2020-07-17,3,54.0
55079101500,55079120203,-88.00747595996755,43.007126720391405,-88.00776394431053,42.95694649923871,2020-07-17,6,108.0
55079101500,55079160300,-88.00747595996755,43.007126720391405,-87.8893867076047,42.856940087232964,2020-07-17,1,18.0
55079101500,55079019400,-88.00747595996755,43.007126720391405,-88.02755647500341,42.984577749923744,2020-07-17,2,36.0
55079101500,55079000501,-88.00747595996755,43.007126720391405,-88.04340002069712,43.115390222488664,2020-07-17,5,90.0
55079101500,55079003200,-88.00747595996755,43.007126720391405,-88.00111189801154,43.10115852758208,2020-07-17,1,18.0
55079101500,55079090600,-88.00747595996755,43.007126720391405,-88.05435154566402,43.03795832032663,2020-07-17,1,18.0
55079101500,55079185300,-88.00747595996755,43.007126720391405,-88.04265402690729,43.049880154873065,2020-07-17,3,54.0
55079101500,55079014700,-88.00747595996755,43.007126720391405,-87.93551340137516,43.042200823908786,2020-07-17,1,18.0
55079101500,55079150304,-88.00747595996755,43.007126720391405,-88.02760163837803,42.91519132559998,2020-07-17,1,18.0
55079101500,55079180500,-88.00747595996755,43.007126720391405,-87.87471526249948,42.93725893299447,2020-07-17,1,18.0
55079101500,55079012500,-88.00747595996755,43.007126720391405,-87.97654888060033,43.037091021714275,2020-07-17,1,18.0
55079101500,55079186800,-88.00747595996755,43.007126720391405,-87.9506670108877,43.02815858561159,2020-07-17,4,72.0
55079101500,55079187200,-88.00747595996755,43.007126720391405,-88.00769048889484,42.863813659193866,2020-07-17,2,36.0
55079101500,55079091200,-88.00747595996755,43.007126720391405,-88.00388284004167,43.0467075980639,2020-07-17,2,36.0
55079101500,55079100500,-88.00747595996755,43.007126720391405,-88.02674691869541,43.01326660162138,2020-07-17,3,54.0
55079101500,55079100600,-88.00747595996755,43.007126720391405,-88.02237498004419,43.02035162464835,2020-07-17,2,36.0
55079101500,55079018900,-88.00747595996755,43.007126720391405,-87.95323213052187,42.995654122863776,2020-07-17,1,18.0
55079101500,55079020100,-88.00747595996755,43.007126720391405,-87.94099671150566,42.988482506396224,2020-07-17,1,18.0
55079101500,55079001400,-88.00747595996755,43.007126720391405,-88.01656972395298,43.130900969315825,2020-07-17,1,18.0
55079101500,55079100900,-88.00747595996755,43.007126720391405,-88.05216898532913,43.00959788353506,2020-07-17,8,144.0
55079101500,55079101100,-88.00747595996755,43.007126720391405,-88.04276904850849,42.99420752845147,2020-07-17,4,72.0
55079101500,55079140100,-88.00747595996755,43.007126720391405,-88.0188613886232,42.93745223479677,2020-07-17,1,18.0
55079101500,55079140201,-88.00747595996755,43.007126720391405,-87.99911426080601,42.93902100763907,2020-07-17,1,18.0
55079101500,55079186500,-88.00747595996755,43.007126720391405,-87.9130303085029,43.02319729476483,2020-07-17,1,18.0
55079101500,55079007500,-88.00747595996755,43.007126720391405,-87.87772470520909,43.071061371506396,2020-07-17,1,18.0
55079101500,55079120101,-88.00747595996755,43.007126720391405,-88.04814010007517,42.95916305909443,2020-07-17,8,144.0
55079101500,55079101400,-88.00747595996755,43.007126720391405,-88.02735540531337,43.00631524274058,2020-07-17,7,126.0
55079101500,55079007700,-88.00747595996755,43.007126720391405,-87.88849935823362,43.06389053422122,2020-07-17,1,18.0
55079101500,55079040100,-88.00747595996755,43.007126720391405,-87.93527423095499,43.17163768621121,2020-07-17,3,54.0
55079101500,55079014400,-88.00747595996755,43.007126720391405,-87.90784049253895,43.042413401572134,2020-07-17,3,54.0
55079101500,55079100400,-88.00747595996755,43.007126720391405,-88.01166560297426,43.0170103539625,2020-07-17,16,288.0
55079101500,55079018000,-88.00747595996755,43.007126720391405,-87.8945288084346,43.01098558683315,2020-07-17,3,54.0
55079101500,55079150100,-88.00747595996755,43.007126720391405,-87.97759713310646,42.91424119290261,2020-07-17,3,54.0
55079101500,55079016100,-88.00747595996755,43.007126720391405,-87.95946595975387,43.016089910899275,2020-07-17,2,36.0
55079101500,55079002900,-88.00747595996755,43.007126720391405,-87.98131890013833,43.108341188298006,2020-07-17,1,18.0
55079101500,55079120102,-88.00747595996755,43.007126720391405,-88.04966546230908,42.97409794368699,2020-07-17,1,18.0
55079101500,55079130100,-88.00747595996755,43.007126720391405,-88.04407902007586,42.942752065148895,2020-07-17,3,54.0
55079101500,55079019600,-88.00747595996755,43.007126720391405,-88.00769668957767,42.984657216409644,2020-07-17,2,36.0
55079101500,55079101800,-88.00747595996755,43.007126720391405,-88.00969812606968,42.99373426381014,2020-07-17,6,108.0
55079101500,55079100800,-88.00747595996755,43.007126720391405,-88.05710943935104,43.023654444193184,2020-07-17,3,54.0
55079101500,55079120201,-88.00747595996755,43.007126720391405,-88.01868214174351,42.96737507435749,2020-07-17,2,36.0
55079101500,55079180300,-88.00747595996755,43.007126720391405,-87.87005593266791,42.951885652862586,2020-07-17,2,36.0
55079101500,55079015800,-88.00747595996755,43.007126720391405,-87.93761636287321,43.021659379009066,2020-07-17,1,18.0
55079101500,55079020700,-88.00747595996755,43.007126720391405,-87.89282968229121,42.980391637955094,2020-07-17,1,18.0
55079101500,55079007900,-88.00747595996755,43.007126720391405,-87.89683936352995,43.06599950452746,2020-07-17,1,18.0
55079101500,55079019900,-88.00747595996755,43.007126720391405,-87.98235255712866,42.973172118392476,2020-07-17,3,54.0
55079101500,55079101500,-88.00747595996755,43.007126720391405,-88.00747595996755,43.007126720391405,2020-07-17,216,3900.0
55079101500,55079101700,-88.00747595996755,43.007126720391405,-88.00697190300957,43.00173437379505,2020-07-17,3,54.0
55079101500,55079010700,-88.00747595996755,43.007126720391405,-87.90095083433016,43.0597678010215,2020-07-17,1,18.0
55079101500,55079100200,-88.00747595996755,43.007126720391405,-87.99137992566246,43.01460892403096,2020-07-17,12,216.0
55079101500,55079017500,-88.00747595996755,43.007126720391405,-87.92965116916102,43.00287441605045,2020-07-17,2,36.0
55079101500,55079006600,-88.00747595996755,43.007126720391405,-87.93135214789555,43.075399167305534,2020-07-17,1,18.0
55079101500,55079001300,-88.00747595996755,43.007126720391405,-87.99843350448002,43.126783535933505,2020-07-17,3,54.0
55079101500,55079004200,-88.00747595996755,43.007126720391405,-87.94544782159862,43.09516547779425,2020-07-17,1,18.0
55079101500,55079120202,-88.00747595996755,43.007126720391405,-87.99868084532402,42.965848843600455,2020-07-17,3,54.0
55079101500,55079007800,-88.00747595996755,43.007126720391405,-87.88801504624632,43.07075279367613,2020-07-17,1,18.0
55079101500,55079020500,-88.00747595996755,43.007126720391405,-87.92272370744391,42.988321496925906,2020-07-17,1,18.0
55079101500,55079021500,-88.00747595996755,43.007126720391405,-87.94398245259515,42.952098604888974,2020-07-17,1,18.0
55079101500,55079012700,-88.00747595996755,43.007126720391405,-88.0122777504643,43.029662330242175,2020-07-17,3,54.0
55079101500,55079018600,-88.00747595996755,43.007126720391405,-87.92255649026754,42.995575414800356,2020-07-17,1,18.0
55079101500,55079019700,-88.00747595996755,43.007126720391405,-88.00741820523533,42.97570820507905,2020-07-17,1,18.0
55079101500,55079017600,-88.00747595996755,43.007126720391405,-87.92236059293215,43.00280872383964,2020-07-17,1,18.0
55079101500,55079014300,-88.00747595996755,43.007126720391405,-87.90101539256612,43.042731429373134,2020-07-17,1,18.0
55079101500,55079019300,-88.00747595996755,43.007126720391405,-87.99612754588766,42.99498021323571,2020-07-17,2,36.0
55079101500,55079020600,-88.00747595996755,43.007126720391405,-87.90444286867323,42.9810337820488,2020-07-17,1,18.0
55079101500,55079090700,-88.00747595996755,43.007126720391405,-88.02545440842808,43.059193901469925,2020-07-17,2,36.0
55079101500,55079101300,-88.00747595996755,43.007126720391405,-88.02770018483265,42.99907770295741,2020-07-17,1,18.0
55079101500,55079170100,-88.00747595996755,43.007126720391405,-87.84892368656588,42.919583500675934,2020-07-17,2,36.0
55079101500,55079091000,-88.00747595996755,43.007126720391405,-87.99705672432205,43.06433297165757,2020-07-17,1,18.0
55079101500,55079100300,-88.00747595996755,43.007126720391405,-88.00316709835943,43.017354422985534,2020-07-17,6,108.0
55079101500,55079101200,-88.00747595996755,43.007126720391405,-88.02772831407549,42.99180235090393,2020-07-17,2,36.0
55079101500,55079170600,-88.00747595996755,43.007126720391405,-87.86320935056827,42.907724102777856,2020-07-17,2,36.0
55079101500,55079185200,-88.00747595996755,43.007126720391405,-87.88193798921913,42.967674094622936,2020-07-17,1,18.0
55079101500,55079004900,-88.00747595996755,43.007126720391405,-87.97231517837423,43.077061406485264,2020-07-17,1,18.0
55079101500,55079012900,-88.00747595996755,43.007126720391405,-87.99989477924994,43.028140622580246,2020-07-17,3,54.0
55079101500,55079009300,-88.00747595996755,43.007126720391405,-87.98314520393755,43.060746025032145,2020-07-17,1,18.0
55079101500,55079170400,-88.00747595996755,43.007126720391405,-87.8734267877277,42.89848248246609,2020-07-17,2,36.0
55079101500,55079017200,-88.00747595996755,43.007126720391405,-87.95621680562614,43.002904101727246,2020-07-17,1,18.0
55079090200,55079002100,-88.05200796218348,43.081902180003375,-87.95315716160212,43.115529640428136,2020-07-17,1,17.0
55079090200,55079060200,-88.05200796218348,43.081902180003375,-87.9245165328896,43.11556508690733,2020-07-17,5,88.0
55079090200,55079004400,-88.05200796218348,43.081902180003375,-87.90608569163814,43.089298213737145,2020-07-17,1,17.0
55079090200,55079000202,-88.05200796218348,43.081902180003375,-88.04132965001602,43.160382512849615,2020-07-17,2,35.0
55079090200,55079090300,-88.05200796218348,43.081902180003375,-88.0515779905257,43.06739040507833,2020-07-17,3,52.0
55079090200,55079021700,-88.05200796218348,43.081902180003375,-87.91312462574102,42.94052513723052,2020-07-17,1,17.0
55079090200,55079090100,-88.05200796218348,43.081902180003375,-88.04837730790923,43.0973204568905,2020-07-17,4,70.0
55079090200,55079090200,-88.05200796218348,43.081902180003375,-88.05200796218348,43.081902180003375,2020-07-17,92,1620.0
55079090200,55079090900,-88.05200796218348,43.081902180003375,-88.00270912368009,43.06124682618238,2020-07-17,2,35.0
55079090200,55079120400,-88.05200796218348,43.081902180003375,-87.96548496050795,42.96670427425607,2020-07-17,1,17.0
55079090200,55079090600,-88.05200796218348,43.081902180003375,-88.05435154566402,43.03795832032663,2020-07-17,1,17.0
55079090200,55079185300,-88.05200796218348,43.081902180003375,-88.04265402690729,43.049880154873065,2020-07-17,6,105.0
55079090200,55079091200,-88.05200796218348,43.081902180003375,-88.00388284004167,43.0467075980639,2020-07-17,6,105.0
55079090200,55079120101,-88.05200796218348,43.081902180003375,-88.04814010007517,42.95916305909443,2020-07-17,1,17.0
55079090200,55079007700,-88.05200796218348,43.081902180003375,-87.88849935823362,43.06389053422122,2020-07-17,1,17.0
55079090200,55079003400,-88.05200796218348,43.081902180003375,-88.02444287795417,43.0934576342605,2020-07-17,1,17.0
55079090200,55079005500,-88.05200796218348,43.081902180003375,-88.03284541742188,43.08237006688624,2020-07-17,2,35.0
55079090200,55079005800,-88.05200796218348,43.081902180003375,-87.99994620357029,43.072303413103626,2020-07-17,1,17.0
55079090200,55079002900,-88.05200796218348,43.081902180003375,-87.98131890013833,43.108341188298006,2020-07-17,1,17.0
55079090200,55079004200,-88.05200796218348,43.081902180003375,-87.94544782159862,43.09516547779425,2020-07-17,1,17.0
55079090200,55079012300,-88.05200796218348,43.081902180003375,-87.96196748080853,43.043599093031496,2020-07-17,1,17.0
55079090200,55079001500,-88.05200796218348,43.081902180003375,-88.01520145334699,43.123754077777434,2020-07-17,1,17.0
55079090200,55079002000,-88.05200796218348,43.081902180003375,-87.96815137233186,43.115621500302275,2020-07-17,1,17.0
55079090200,55079012700,-88.05200796218348,43.081902180003375,-88.0122777504643,43.029662330242175,2020-07-17,1,17.0
55079090200,55079090700,-88.05200796218348,43.081902180003375,-88.02545440842808,43.059193901469925,2020-07-17,6,105.0
55079090200,55079004100,-88.05200796218348,43.081902180003375,-87.95681147526382,43.0940907627305,2020-07-17,1,17.0
55079090200,55079005100,-88.05200796218348,43.081902180003375,-87.99757698420609,43.08261869423604,2020-07-17,1,17.0
55079090200,55079005600,-88.05200796218348,43.081902180003375,-88.02758035548169,43.071050112322006,2020-07-17,1,17.0
55079090200,55079090800,-88.05200796218348,43.081902180003375,-88.01754834659646,43.063072316879136,2020-07-17,2,35.0
55079021500,55079020000,-87.94398245259515,42.952098604888974,-87.95273620994368,42.98405311376188,2020-07-17,11,96.0
55079021500,55079060200,-87.94398245259515,42.952098604888974,-87.9245165328896,43.11556508690733,2020-07-17,2,17.0
55079021500,55079004400,-87.94398245259515,42.952098604888974,-87.90608569163814,43.089298213737145,2020-07-17,1,8.0
55079021500,55079019000,-87.94398245259515,42.952098604888974,-87.967877289968,42.995496154489715,2020-07-17,1,8.0
55079021500,55079021200,-87.94398245259515,42.952098604888974,-87.92101040508955,42.965284697357816,2020-07-17,6,52.0
55079021500,55079160100,-87.94398245259515,42.952098604888974,-87.91471599062149,42.91513941042769,2020-07-17,11,96.0
55079021500,55079090300,-87.94398245259515,42.952098604888974,-88.0515779905257,43.06739040507833,2020-07-17,1,8.0
55079021500,55079186300,-87.94398245259515,42.952098604888974,-87.91799927397663,43.040616743150025,2020-07-17,2,17.0
55079021500,55079021700,-87.94398245259515,42.952098604888974,-87.91312462574102,42.94052513723052,2020-07-17,10,87.0
55079021500,55079120501,-87.94398245259515,42.952098604888974,-87.96680035551529,42.94072396992586,2020-07-17,2,17.0
55079021500,55079019100,-87.94398245259515,42.952098604888974,-87.96549351619066,42.982165146288615,2020-07-17,2,17.0
55079021500,55079019200,-87.94398245259515,42.952098604888974,-87.9858350139744,42.99282711086924,2020-07-17,2,17.0
55079021500,55079120400,-87.94398245259515,42.952098604888974,-87.96548496050795,42.96670427425607,2020-07-17,7,61.0
55079021500,55079120203,-87.94398245259515,42.952098604888974,-88.00776394431053,42.95694649923871,2020-07-17,26,227.0
55079021500,55079018400,-87.94398245259515,42.952098604888974,-87.90417459790928,42.9917062933768,2020-07-17,1,8.0
55079021500,55079160300,-87.94398245259515,42.952098604888974,-87.8893867076047,42.856940087232964,2020-07-17,3,26.0
55079021500,55079187300,-87.94398245259515,42.952098604888974,-87.9656302556773,42.887159701718595,2020-07-17,2,17.0
55079021500,55079000501,-87.94398245259515,42.952098604888974,-88.04340002069712,43.115390222488664,2020-07-17,1,8.0
55079021500,55079021400,-87.94398245259515,42.952098604888974,-87.93891709359613,42.96295890378409,2020-07-17,8,70.0
55079021500,55079185300,-87.94398245259515,42.952098604888974,-88.04265402690729,43.049880154873065,2020-07-17,3,26.0
55079021500,55079120502,-87.94398245259515,42.952098604888974,-87.96510992081555,42.95304728304586,2020-07-17,8,70.0
55079021500,55079150304,-87.94398245259515,42.952098604888974,-88.02760163837803,42.91519132559998,2020-07-17,1,8.0
55079021500,55079130200,-87.94398245259515,42.952098604888974,-88.05891051157585,42.93732261654573,2020-07-17,1,8.0
55079021500,55079160204,-87.94398245259515,42.952098604888974,-87.9317944903397,42.879700165258704,2020-07-17,3,26.0
55079021500,55079186800,-87.94398245259515,42.952098604888974,-87.9506670108877,43.02815858561159,2020-07-17,1,8.0
55079021500,55079187200,-87.94398245259515,42.952098604888974,-88.00769048889484,42.863813659193866,2020-07-17,4,35.0
55079021500,55079160203,-87.94398245259515,42.952098604888974,-87.91638950191752,42.89402789790319,2020-07-17,4,35.0
55079021500,55079170200,-87.94398245259515,42.952098604888974,-87.87263683893734,42.92275381108851,2020-07-17,1,8.0
55079021500,55079100600,-87.94398245259515,42.952098604888974,-88.02237498004419,43.02035162464835,2020-07-17,1,8.0
55079021500,55079018900,-87.94398245259515,42.952098604888974,-87.95323213052187,42.995654122863776,2020-07-17,1,8.0
55079021500,55079020100,-87.94398245259515,42.952098604888974,-87.94099671150566,42.988482506396224,2020-07-17,3,26.0
55079021500,55079160202,-87.94398245259515,42.952098604888974,-87.87217546542965,42.881379330302295,2020-07-17,3,26.0
55079021500,55079180400,-87.94398245259515,42.952098604888974,-87.85633588550823,42.93709205888796,2020-07-17,2,17.0
55079021500,55079100900,-87.94398245259515,42.952098604888974,-88.05216898532913,43.00959788353506,2020-07-17,1,8.0
55079021500,55079007000,-87.94398245259515,42.952098604888974,-87.91122456687498,43.07424564740019,2020-07-17,1,8.0
55079021500,55079101100,-87.94398245259515,42.952098604888974,-88.04276904850849,42.99420752845147,2020-07-17,1,8.0
55079021500,55079140100,-87.94398245259515,42.952098604888974,-88.0188613886232,42.93745223479677,2020-07-17,4,35.0
55079021500,55079140201,-87.94398245259515,42.952098604888974,-87.99911426080601,42.93902100763907,2020-07-17,4,35.0
55079021500,55079140202,-87.94398245259515,42.952098604888974,-87.981557716435,42.93443757238657,2020-07-17,3,26.0
55079021500,55079120101,-87.94398245259515,42.952098604888974,-88.04814010007517,42.95916305909443,2020-07-17,2,17.0
55079021500,55079040100,-87.94398245259515,42.952098604888974,-87.93527423095499,43.17163768621121,2020-07-17,1,8.0
55079021500,55079014400,-87.94398245259515,42.952098604888974,-87.90784049253895,43.042413401572134,2020-07-17,3,26.0
55079021500,55079100400,-87.94398245259515,42.952098604888974,-88.01166560297426,43.0170103539625,2020-07-17,2,17.0
55079021500,55079150100,-87.94398245259515,42.952098604888974,-87.97759713310646,42.91424119290261,2020-07-17,16,140.0
55079021500,55079021600,-87.94398245259515,42.952098604888974,-87.92488475274558,42.952251222261935,2020-07-17,19,166.0
55079021500,55079021300,-87.94398245259515,42.952098604888974,-87.93877469638159,42.970224160413096,2020-07-17,4,35.0
55079021500,55079187000,-87.94398245259515,42.952098604888974,-87.88728455831759,43.05530607398437,2020-07-17,1,8.0
55079021500,55079016600,-87.94398245259515,42.952098604888974,-87.9139279223807,43.010028166006215,2020-07-17,1,8.0
55079021500,55079120102,-87.94398245259515,42.952098604888974,-88.04966546230908,42.97409794368699,2020-07-17,3,26.0
55079021500,55079130100,-87.94398245259515,42.952098604888974,-88.04407902007586,42.942752065148895,2020-07-17,2,17.0
55079021500,55079150301,-87.94398245259515,42.952098604888974,-88.05345903025625,42.89781994777656,2020-07-17,1,8.0
55079021500,55079050102,-87.94398245259515,42.952098604888974,-87.96743569232115,43.172443064752215,2020-07-17,2,17.0
55079021500,55079180300,-87.94398245259515,42.952098604888974,-87.87005593266791,42.951885652862586,2020-07-17,1,8.0
55079021500,55079015800,-87.94398245259515,42.952098604888974,-87.93761636287321,43.021659379009066,2020-07-17,1,8.0
55079021500,55079020700,-87.94398245259515,42.952098604888974,-87.89282968229121,42.980391637955094,2020-07-17,1,8.0
55079021500,55079185100,-87.94398245259515,42.952098604888974,-87.86132764015301,42.9760744263621,2020-07-17,1,8.0
55079021500,55079185700,-87.94398245259515,42.952098604888974,-87.91471207902771,43.06752585199898,2020-07-17,1,8.0
55079021500,55079000700,-87.94398245259515,42.952098604888974,-87.99009583376943,43.15588909293765,2020-07-17,1,8.0
55079021500,55079020400,-87.94398245259515,42.952098604888974,-87.9300852632457,42.98834002972675,2020-07-17,1,8.0
55079021500,55079017500,-87.94398245259515,42.952098604888974,-87.92965116916102,43.00287441605045,2020-07-17,3,26.0
55079021500,55079003100,-87.94398245259515,42.952098604888974,-87.98607018194353,43.10091760946077,2020-07-17,1,8.0
55079021500,55079012600,-87.94398245259515,42.952098604888974,-87.99443577770006,43.034032251200934,2020-07-17,2,17.0
55079021500,55079007600,-87.94398245259515,42.952098604888974,-87.87859580944733,43.06399812725538,2020-07-17,2,17.0
55079021500,55079020300,-87.94398245259515,42.952098604888974,-87.92658964497383,42.979242665655576,2020-07-17,1,8.0
55079021500,55079020900,-87.94398245259515,42.952098604888974,-87.90186271433869,42.97013349358029,2020-07-17,1,8.0
55079021500,55079018800,-87.94398245259515,42.952098604888974,-87.94058386370827,42.99929639057026,2020-07-17,1,8.0
55079021500,55079120202,-87.94398245259515,42.952098604888974,-87.99868084532402,42.965848843600455,2020-07-17,1,8.0
55079021500,55079080400,-87.94398245259515,42.952098604888974,-87.88848724040903,43.08594082590386,2020-07-17,2,17.0
55079021500,55079018200,-87.94398245259515,42.952098604888974,-87.87369831321716,42.99249911585218,2020-07-17,1,8.0
55079021500,55079021500,-87.94398245259515,42.952098604888974,-87.94398245259515,42.952098604888974,2020-07-17,255,2235.0
55079021500,55079020200,-87.94398245259515,42.952098604888974,-87.94112496275925,42.977527635995024,2020-07-17,2,17.0
55079021500,55079001900,-87.94398245259515,42.952098604888974,-87.98367415791445,43.115686316787006,2020-07-17,2,17.0
55079021500,55079180200,-87.94398245259515,42.952098604888974,-87.85506992096182,42.95465467367753,2020-07-17,1,8.0
55079021500,55079019300,-87.94398245259515,42.952098604888974,-87.99612754588766,42.99498021323571,2020-07-17,6,52.0
55079021500,55079101300,-87.94398245259515,42.952098604888974,-88.02770018483265,42.99907770295741,2020-07-17,1,8.0
55079021500,55079004100,-87.94398245259515,42.952098604888974,-87.95681147526382,43.0940907627305,2020-07-17,1,8.0
55079021500,55079021800,-87.94398245259515,42.952098604888974,-87.95694377227925,42.94079756603018,2020-07-17,1,8.0
55079021500,55079185200,-87.94398245259515,42.952098604888974,-87.88193798921913,42.967674094622936,2020-07-17,1,8.0
55079021500,55079016900,-87.94398245259515,42.952098604888974,-87.93770785693083,43.00951913559766,2020-07-17,1,8.0
55079021500,55079000303,-87.94398245259515,42.952098604888974,-88.04588241201564,43.12968529312476,2020-07-17,1,8.0
55079021500,55079021100,-87.94398245259515,42.952098604888974,-87.91444199314573,42.970152010378044,2020-07-17,1,8.0
55079021500,55079006900,-87.94398245259515,42.952098604888974,-87.91078185483303,43.07979537793229,2020-07-17,1,8.0
55079000301,55079020000,-88.06021668804352,43.1363311013577,-87.95273620994368,42.98405311376188,2020-07-17,1,20.0
55079000301,55079002400,-88.06021668804352,43.1363311013577,-87.95188617843814,43.106404380820805,2020-07-17,3,61.0
55079000301,55079060200,-88.06021668804352,43.1363311013577,-87.9245165328896,43.11556508690733,2020-07-17,1,20.0
55079000301,55079000202,-88.06021668804352,43.1363311013577,-88.04132965001602,43.160382512849615,2020-07-17,1,20.0
55079000301,55079000600,-88.06021668804352,43.1363311013577,-88.00190569680801,43.14010292722225,2020-07-17,1,20.0
55079000301,55079090300,-88.06021668804352,43.1363311013577,-88.0515779905257,43.06739040507833,2020-07-17,1,20.0
55079000301,55079101600,-88.06021668804352,43.1363311013577,-87.98881839806968,43.003113634057684,2020-07-17,1,20.0
55079000301,55079090200,-88.06021668804352,43.1363311013577,-88.05200796218348,43.081902180003375,2020-07-17,3,61.0
55079000301,55079000501,-88.06021668804352,43.1363311013577,-88.04340002069712,43.115390222488664,2020-07-17,3,61.0
55079000301,55079060101,-88.06021668804352,43.1363311013577,-87.92535691568614,43.13950788268824,2020-07-17,1,20.0
55079000301,55079000302,-88.06021668804352,43.1363311013577,-88.04649688617519,43.13922972061493,2020-07-17,1,20.0
55079000301,55079004000,-88.06021668804352,43.1363311013577,-87.97205846198321,43.09342306765945,2020-07-17,1,20.0
55079000301,55079005400,-88.06021668804352,43.1363311013577,-88.02259608100492,43.0824437803151,2020-07-17,1,20.0
55079000301,55079000502,-88.06021668804352,43.1363311013577,-88.03128731150349,43.12480634966938,2020-07-17,4,81.0
55079000301,55079160203,-88.06021668804352,43.1363311013577,-87.91638950191752,42.89402789790319,2020-07-17,1,20.0
55079000301,55079006800,-88.06021668804352,43.1363311013577,-87.92500216567623,43.079683301494654,2020-07-17,1,20.0
55079000301,55079014600,-88.06021668804352,43.1363311013577,-87.93032605572249,43.04237842637439,2020-07-17,1,20.0
55079000301,55079101100,-88.06021668804352,43.1363311013577,-88.04276904850849,42.99420752845147,2020-07-17,1,20.0
55079000301,55079140201,-88.06021668804352,43.1363311013577,-87.99911426080601,42.93902100763907,2020-07-17,1,20.0
55079000301,55079120101,-88.06021668804352,43.1363311013577,-88.04814010007517,42.95916305909443,2020-07-17,1,20.0
55079000301,55079030100,-88.06021668804352,43.1363311013577,-87.89837270942148,43.1819862198906,2020-07-17,1,20.0
55079000301,55079035100,-88.06021668804352,43.1363311013577,-87.89285549776399,43.15380150659221,2020-07-17,1,20.0
55079000301,55079150301,-88.06021668804352,43.1363311013577,-88.05345903025625,42.89781994777656,2020-07-17,1,20.0
55079000301,55079100800,-88.06021668804352,43.1363311013577,-88.05710943935104,43.023654444193184,2020-07-17,1,20.0
55079000301,55079050102,-88.06021668804352,43.1363311013577,-87.96743569232115,43.172443064752215,2020-07-17,1,20.0
55079000301,55079080200,-88.06021668804352,43.1363311013577,-87.8877423232882,43.0942616397457,2020-07-17,1,20.0
55079000301,55079185700,-88.06021668804352,43.1363311013577,-87.91471207902771,43.06752585199898,2020-07-17,1,20.0
55079000301,55079000700,-88.06021668804352,43.1363311013577,-87.99009583376943,43.15588909293765,2020-07-17,1,20.0
55079000301,55079005200,-88.06021668804352,43.1363311013577,-88.0124256780363,43.086227920709504,2020-07-17,1,20.0
55079000301,55079001500,-88.06021668804352,43.1363311013577,-88.01520145334699,43.123754077777434,2020-07-17,3,61.0
55079000301,55079004700,-88.06021668804352,43.1363311013577,-87.94760565609727,43.08576787197636,2020-07-17,3,61.0
55079000301,55079000304,-88.06021668804352,43.1363311013577,-88.02644618111368,43.14364069729464,2020-07-17,1,20.0
55079000301,55079004100,-88.06021668804352,43.1363311013577,-87.95681147526382,43.0940907627305,2020-07-17,1,20.0
55079000301,55079100300,-88.06021668804352,43.1363311013577,-88.00316709835943,43.017354422985534,2020-07-17,1,20.0
55079000301,55079185600,-88.06021668804352,43.1363311013577,-87.91469071944607,43.06026722158336,2020-07-17,1,20.0
55079000301,55079005100,-88.06021668804352,43.1363311013577,-87.99757698420609,43.08261869423604,2020-07-17,2,40.0
55079000301,55079000301,-88.06021668804352,43.1363311013577,-88.06021668804352,43.1363311013577,2020-07-17,69,1411.0
55079000800,55079002400,-87.97372753660457,43.14064967469203,-87.95188617843814,43.106404380820805,2020-07-17,1,18.0
55079000800,55079004300,-87.97372753660457,43.14064967469203,-87.93220867621264,43.094799127568905,2020-07-17,3,56.0
55079000800,55079060200,-87.97372753660457,43.14064967469203,-87.9245165328896,43.11556508690733,2020-07-17,6,113.0
55079000800,55079004400,-87.97372753660457,43.14064967469203,-87.90608569163814,43.089298213737145,2020-07-17,1,18.0
55079000800,55079004500,-87.97372753660457,43.14064967469203,-87.92226909278084,43.08550885272536,2020-07-17,1,18.0
55079000800,55079012800,-87.97372753660457,43.14064967469203,-88.03145321223326,43.03059221584991,2020-07-17,1,18.0
55079000800,55079100700,-87.97372753660457,43.14064967469203,-88.03788629567484,43.0213025080197,2020-07-17,1,18.0
55079000800,55079000101,-87.97372753660457,43.14064967469203,-88.00922083481396,43.18510784936368,2020-07-17,1,18.0
55079000800,55079000102,-87.97372753660457,43.14064967469203,-88.01167859828367,43.164645145767146,2020-07-17,11,208.0
55079000800,55079000202,-87.97372753660457,43.14064967469203,-88.04132965001602,43.160382512849615,2020-07-17,5,94.0
55079000800,55079002300,-87.97372753660457,43.14064967469203,-87.93621856893152,43.105985427841645,2020-07-17,2,37.0
55079000800,55079010800,-87.97372753660457,43.14064967469203,-87.88986181293924,43.05733829509928,2020-07-17,1,18.0
55079000800,55079011400,-87.97372753660457,43.14064967469203,-87.9106574898586,43.05269479350376,2020-07-17,1,18.0
55079000800,55079110100,-87.97372753660457,43.14064967469203,-87.9710022364233,43.012448953036525,2020-07-17,2,37.0
55079000800,55079000600,-87.97372753660457,43.14064967469203,-88.00190569680801,43.14010292722225,2020-07-17,20,379.0
55079000800,55079050101,-87.97372753660457,43.14064967469203,-87.98494662348081,43.17683059907653,2020-07-17,8,151.0
55079000800,55079090300,-87.97372753660457,43.14064967469203,-88.0515779905257,43.06739040507833,2020-07-17,9,170.0
55079000800,55079186300,-87.97372753660457,43.14064967469203,-87.91799927397663,43.040616743150025,2020-07-17,2,37.0
55079000800,55079090100,-87.97372753660457,43.14064967469203,-88.04837730790923,43.0973204568905,2020-07-17,2,37.0
55079000800,55079090200,-87.97372753660457,43.14064967469203,-88.05200796218348,43.081902180003375,2020-07-17,4,75.0
55079000800,55079120400,-87.97372753660457,43.14064967469203,-87.96548496050795,42.96670427425607,2020-07-17,1,18.0
55079000800,55079120203,-87.97372753660457,43.14064967469203,-88.00776394431053,42.95694649923871,2020-07-17,3,56.0
55079000800,55079000501,-87.97372753660457,43.14064967469203,-88.04340002069712,43.115390222488664,2020-07-17,6,113.0
55079000800,55079001200,-87.97372753660457,43.14064967469203,-87.98620080987179,43.12617611256525,2020-07-17,4,75.0
55079000800,55079002700,-87.97372753660457,43.14064967469203,-87.97176690626681,43.100825271475365,2020-07-17,2,37.0
55079000800,55079004800,-87.97372753660457,43.14064967469203,-87.96231596301399,43.077035360461494,2020-07-17,1,18.0
55079000800,55079009500,-87.97372753660457,43.14064967469203,-87.97530476217976,43.0530114064315,2020-07-17,1,18.0
55079000800,55079003200,-87.97372753660457,43.14064967469203,-88.00111189801154,43.10115852758208,2020-07-17,1,18.0
55079000800,55079060101,-87.97372753660457,43.14064967469203,-87.92535691568614,43.13950788268824,2020-07-17,5,94.0
55079000800,55079000302,-87.97372753660457,43.14064967469203,-88.04649688617519,43.13922972061493,2020-07-17,1,18.0
55079000800,55079090600,-87.97372753660457,43.14064967469203,-88.05435154566402,43.03795832032663,2020-07-17,1,18.0
55079000800,55079185300,-87.97372753660457,43.14064967469203,-88.04265402690729,43.049880154873065,2020-07-17,1,18.0
55079000800,55079150304,-87.97372753660457,43.14064967469203,-88.02760163837803,42.91519132559998,2020-07-17,1,18.0
55079000800,55079180500,-87.97372753660457,43.14064967469203,-87.87471526249948,42.93725893299447,2020-07-17,1,18.0
55079000800,55079000800,-87.97372753660457,43.14064967469203,-87.97372753660457,43.14064967469203,2020-07-17,211,4002.0
55079000800,55079004000,-87.97372753660457,43.14064967469203,-87.97205846198321,43.09342306765945,2020-07-17,3,56.0
55079000800,55079004600,-87.97372753660457,43.14064967469203,-87.9321086251029,43.08569057130924,2020-07-17,1,18.0
55079000800,55079005400,-87.97372753660457,43.14064967469203,-88.02259608100492,43.0824437803151,2020-07-17,1,18.0
55079000800,55079000400,-87.97372753660457,43.14064967469203,-88.05554472050937,43.110954423820296,2020-07-17,3,56.0
55079000800,55079000502,-87.97372753660457,43.14064967469203,-88.03128731150349,43.12480634966938,2020-07-17,1,18.0
55079000800,55079186800,-87.97372753660457,43.14064967469203,-87.9506670108877,43.02815858561159,2020-07-17,2,37.0
55079000800,55079187200,-87.97372753660457,43.14064967469203,-88.00769048889484,42.863813659193866,2020-07-17,3,56.0
55079000800,55079001400,-87.97372753660457,43.14064967469203,-88.01656972395298,43.130900969315825,2020-07-17,1,18.0
55079000800,55079013600,-87.97372753660457,43.14064967469203,-87.9527511611333,43.04369545920421,2020-07-17,2,37.0
55079000800,55079140201,-87.97372753660457,43.14064967469203,-87.99911426080601,42.93902100763907,2020-07-17,2,37.0
55079000800,55079003300,-87.97372753660457,43.14064967469203,-88.0173066794685,43.1010408446094,2020-07-17,1,18.0
55079000800,55079070100,-87.97372753660457,43.14064967469203,-87.9076583493148,43.12063010988105,2020-07-17,1,18.0
55079000800,55079007700,-87.97372753660457,43.14064967469203,-87.88849935823362,43.06389053422122,2020-07-17,1,18.0
55079000800,55079003600,-87.97372753660457,43.14064967469203,-87.98321131530031,43.092736225323044,2020-07-17,7,132.0
55079000800,55079003800,-87.97372753660457,43.14064967469203,-87.97215356169055,43.086187842345545,2020-07-17,1,18.0
55079000800,55079014400,-87.97372753660457,43.14064967469203,-87.90784049253895,43.042413401572134,2020-07-17,2,37.0
55079000800,55079100400,-87.97372753660457,43.14064967469203,-88.01166560297426,43.0170103539625,2020-07-17,1,18.0
55079000800,55079001800,-87.97372753660457,43.14064967469203,-87.99853790291819,43.115847306484916,2020-07-17,2,37.0
55079000800,55079003400,-87.97372753660457,43.14064967469203,-88.02444287795417,43.0934576342605,2020-07-17,2,37.0
55079000800,55079005800,-87.97372753660457,43.14064967469203,-87.99994620357029,43.072303413103626,2020-07-17,1,18.0
55079000800,55079035200,-87.97372753660457,43.14064967469203,-87.9070718018067,43.16012040860922,2020-07-17,1,18.0
55079000800,55079016100,-87.97372753660457,43.14064967469203,-87.95946595975387,43.016089910899275,2020-07-17,1,18.0
55079000800,55079016600,-87.97372753660457,43.14064967469203,-87.9139279223807,43.010028166006215,2020-07-17,1,18.0
55079000800,55079002900,-87.97372753660457,43.14064967469203,-87.98131890013833,43.108341188298006,2020-07-17,2,37.0
55079000800,55079120102,-87.97372753660457,43.14064967469203,-88.04966546230908,42.97409794368699,2020-07-17,1,18.0
55079000800,55079100800,-87.97372753660457,43.14064967469203,-88.05710943935104,43.023654444193184,2020-07-17,1,18.0
55079000800,55079050102,-87.97372753660457,43.14064967469203,-87.96743569232115,43.172443064752215,2020-07-17,11,208.0
55079000800,55079180300,-87.97372753660457,43.14064967469203,-87.87005593266791,42.951885652862586,2020-07-17,1,18.0
55079000800,55079015800,-87.97372753660457,43.14064967469203,-87.93761636287321,43.021659379009066,2020-07-17,1,18.0
55079000800,55079185700,-87.97372753660457,43.14064967469203,-87.91471207902771,43.06752585199898,2020-07-17,4,75.0
55079000800,55079000700,-87.97372753660457,43.14064967469203,-87.99009583376943,43.15588909293765,2020-07-17,6,113.0
55079000800,55079020400,-87.97372753660457,43.14064967469203,-87.9300852632457,42.98834002972675,2020-07-17,1,18.0
55079000800,55079100200,-87.97372753660457,43.14064967469203,-87.99137992566246,43.01460892403096,2020-07-17,4,75.0
55079000800,55079003100,-87.97372753660457,43.14064967469203,-87.98607018194353,43.10091760946077,2020-07-17,4,75.0
55079000800,55079005900,-87.97372753660457,43.14064967469203,-87.98523579862835,43.06821108392844,2020-07-17,1,18.0
55079000800,55079009800,-87.97372753660457,43.14064967469203,-87.95409571434068,43.059778012269526,2020-07-17,1,18.0
55079000800,55079000900,-87.97372753660457,43.14064967469203,-87.95566887882444,43.14970170326806,2020-07-17,5,94.0
55079000800,55079001300,-87.97372753660457,43.14064967469203,-87.99843350448002,43.126783535933505,2020-07-17,6,113.0
55079000800,55079004200,-87.97372753660457,43.14064967469203,-87.94544782159862,43.09516547779425,2020-07-17,2,37.0
55079000800,55079001500,-87.97372753660457,43.14064967469203,-88.01520145334699,43.123754077777434,2020-07-17,3,56.0
55079000800,55079002000,-87.97372753660457,43.14064967469203,-87.96815137233186,43.115621500302275,2020-07-17,7,132.0
55079000800,55079003900,-87.97372753660457,43.14064967469203,-87.96215160813261,43.086172227530916,2020-07-17,2,37.0
55079000800,55079000201,-87.97372753660457,43.14064967469203,-88.0472441211064,43.1799495757708,2020-07-17,4,75.0
55079000800,55079007800,-87.97372753660457,43.14064967469203,-87.88801504624632,43.07075279367613,2020-07-17,2,37.0
55079000800,55079018600,-87.97372753660457,43.14064967469203,-87.92255649026754,42.995575414800356,2020-07-17,1,18.0
55079000800,55079150303,-87.97372753660457,43.14064967469203,-88.02312771344377,42.88960646488504,2020-07-17,1,18.0
55079000800,55079002600,-87.97372753660457,43.14064967469203,-87.96192834607115,43.10067420371696,2020-07-17,1,18.0
55079000800,55079009000,-87.97372753660457,43.14064967469203,-87.9610837883489,43.060355868415826,2020-07-17,1,18.0
55079000800,55079009100,-87.97372753660457,43.14064967469203,-87.96852806703085,43.060675408064526,2020-07-17,3,56.0
55079000800,55079010600,-87.97372753660457,43.14064967469203,-87.90749884397533,43.060136167504425,2020-07-17,1,18.0
55079000800,55079013700,-87.97372753660457,43.14064967469203,-87.94529508707278,43.04229912697773,2020-07-17,1,18.0
55079000800,55079000304,-87.97372753660457,43.14064967469203,-88.02644618111368,43.14364069729464,2020-07-17,7,132.0
55079000800,55079001900,-87.97372753660457,43.14064967469203,-87.98367415791445,43.115686316787006,2020-07-17,1,18.0
55079000800,55079001100,-87.97372753660457,43.14064967469203,-87.96901390366762,43.127689901740844,2020-07-17,6,113.0
55079000800,55079016500,-87.97372753660457,43.14064967469203,-87.91153110922029,43.01579142211555,2020-07-17,1,18.0
55079000800,55079017600,-87.97372753660457,43.14064967469203,-87.92236059293215,43.00280872383964,2020-07-17,1,18.0
55079000800,55079101300,-87.97372753660457,43.14064967469203,-88.02770018483265,42.99907770295741,2020-07-17,3,56.0
55079000800,55079004100,-87.97372753660457,43.14064967469203,-87.95681147526382,43.0940907627305,2020-07-17,3,56.0
55079000800,55079185800,-87.97372753660457,43.14064967469203,-87.94265216254213,43.0538687550207,2020-07-17,1,18.0
55079000800,55079186200,-87.97372753660457,43.14064967469203,-87.93244814260824,43.04856605375616,2020-07-17,2,37.0
55079000800,55079100300,-87.97372753660457,43.14064967469203,-88.00316709835943,43.017354422985534,2020-07-17,4,75.0
55079000800,55079186900,-87.97372753660457,43.14064967469203,-87.88804149673794,43.05226526687869,2020-07-17,1,18.0
55079000800,55079005100,-87.97372753660457,43.14064967469203,-87.99757698420609,43.08261869423604,2020-07-17,3,56.0
55079000800,55079014800,-87.97372753660457,43.14064967469203,-87.9402035907502,43.042125624825495,2020-07-17,1,18.0
55079000800,55079060102,-87.97372753660457,43.14064967469203,-87.93974960524739,43.148654535590595,2020-07-17,1,18.0
55079000800,55079007400,-87.97372753660457,43.14064967469203,-87.87216855868374,43.078043126250115,2020-07-17,1,18.0
55079000800,55079008000,-87.97372753660457,43.14064967469203,-87.90282982859381,43.067480284048756,2020-07-17,1,18.0
55079000800,55079000301,-87.97372753660457,43.14064967469203,-88.06021668804352,43.1363311013577,2020-07-17,3,56.0
55079000800,55079016900,-87.97372753660457,43.14064967469203,-87.93770785693083,43.00951913559766,2020-07-17,1,18.0
55079000800,55079013300,-87.97372753660457,43.14064967469203,-87.96206431187025,43.03483590901066,2020-07-17,1,18.0
55079000800,55079006100,-87.97372753660457,43.14064967469203,-87.96847508739953,43.06791249267312,2020-07-17,1,18.0
55079000800,55079001000,-87.97372753660457,43.14064967469203,-87.95348314468296,43.12464896388482,2020-07-17,4,75.0
55079000800,55079008400,-87.97372753660457,43.14064967469203,-87.92332577697063,43.067583013115005,2020-07-17,1,18.0
55079000800,55079002200,-87.97372753660457,43.14064967469203,-87.9335870089048,43.11469059411332,2020-07-17,3,56.0
55079000800,55079009900,-87.97372753660457,43.14064967469203,-87.94630275235495,43.060274421469344,2020-07-17,1,18.0
55079000800,55079003000,-87.97372753660457,43.14064967469203,-87.99619059962126,43.10851035065769,2020-07-17,1,18.0
55079000800,55079008600,-87.97372753660457,43.14064967469203,-87.93517868399437,43.06762170689756,2020-07-17,1,18.0
55079000800,55079008800,-87.97372753660457,43.14064967469203,-87.94617084834631,43.06788862375971,2020-07-17,1,18.0
55079000800,55079008700,-87.97372753660457,43.14064967469203,-87.93997122125838,43.06781436915486,2020-07-17,1,18.0
55079011100,55079060200,-87.90155963599153,43.04933924860895,-87.9245165328896,43.11556508690733,2020-07-17,4,124.0
55079011100,55079019000,-87.90155963599153,43.04933924860895,-87.967877289968,42.995496154489715,2020-07-17,1,31.0
55079011100,55079100100,-87.90155963599153,43.04933924860895,-87.98598444052216,43.01659648927991,2020-07-17,1,31.0
55079011100,55079010800,-87.90155963599153,43.04933924860895,-87.88986181293924,43.05733829509928,2020-07-17,1,31.0
55079011100,55079011200,-87.90155963599153,43.04933924860895,-87.89756439120579,43.055476240018415,2020-07-17,2,62.0
55079011100,55079101600,-87.90155963599153,43.04933924860895,-87.98881839806968,43.003113634057684,2020-07-17,1,31.0
55079011100,55079186300,-87.90155963599153,43.04933924860895,-87.91799927397663,43.040616743150025,2020-07-17,2,62.0
55079011100,55079021700,-87.90155963599153,43.04933924860895,-87.91312462574102,42.94052513723052,2020-07-17,1,31.0
55079011100,55079070300,-87.90155963599153,43.04933924860895,-87.90380003116019,43.10631443965618,2020-07-17,1,31.0
55079011100,55079090200,-87.90155963599153,43.04933924860895,-88.05200796218348,43.081902180003375,2020-07-17,1,31.0
55079011100,55079186000,-87.90155963599153,43.04933924860895,-87.92039854147795,43.053956957431964,2020-07-17,1,31.0
55079011100,55079090600,-87.90155963599153,43.04933924860895,-88.05435154566402,43.03795832032663,2020-07-17,1,31.0
55079011100,55079187400,-87.90155963599153,43.04933924860895,-87.90767949876499,43.03217517915639,2020-07-17,1,31.0
55079011100,55079014600,-87.90155963599153,43.04933924860895,-87.93032605572249,43.04237842637439,2020-07-17,1,31.0
55079011100,55079007000,-87.90155963599153,43.04933924860895,-87.91122456687498,43.07424564740019,2020-07-17,2,62.0
55079011100,55079007700,-87.90155963599153,43.04933924860895,-87.88849935823362,43.06389053422122,2020-07-17,1,31.0
55079011100,55079014400,-87.90155963599153,43.04933924860895,-87.90784049253895,43.042413401572134,2020-07-17,1,31.0
55079011100,55079018000,-87.90155963599153,43.04933924860895,-87.8945288084346,43.01098558683315,2020-07-17,1,31.0
55079011100,55079005500,-87.90155963599153,43.04933924860895,-88.03284541742188,43.08237006688624,2020-07-17,1,31.0
55079011100,55079101800,-87.90155963599153,43.04933924860895,-88.00969812606968,42.99373426381014,2020-07-17,1,31.0
55079011100,55079007300,-87.90155963599153,43.04933924860895,-87.88807891595606,43.0779148594549,2020-07-17,1,31.0
55079011100,55079100200,-87.90155963599153,43.04933924860895,-87.99137992566246,43.01460892403096,2020-07-17,1,31.0
55079011100,55079005900,-87.90155963599153,43.04933924860895,-87.98523579862835,43.06821108392844,2020-07-17,1,31.0
55079011100,55079080400,-87.90155963599153,43.04933924860895,-87.88848724040903,43.08594082590386,2020-07-17,2,62.0
55079011100,55079007800,-87.90155963599153,43.04933924860895,-87.88801504624632,43.07075279367613,2020-07-17,1,31.0
55079011100,55079018500,-87.90155963599153,43.04933924860895,-87.91439743752404,42.98441904059949,2020-07-17,1,31.0
55079011100,55079017600,-87.90155963599153,43.04933924860895,-87.92236059293215,43.00280872383964,2020-07-17,1,31.0
55079011100,55079014300,-87.90155963599153,43.04933924860895,-87.90101539256612,43.042731429373134,2020-07-17,1,31.0
55079011100,55079011100,-87.90155963599153,43.04933924860895,-87.90155963599153,43.04933924860895,2020-07-17,33,1026.0
55079011100,55079186900,-87.90155963599153,43.04933924860895,-87.88804149673794,43.05226526687869,2020-07-17,2,62.0
55079011100,55079185200,-87.90155963599153,43.04933924860895,-87.88193798921913,42.967674094622936,2020-07-17,1,31.0
55079011100,55079008000,-87.90155963599153,43.04933924860895,-87.90282982859381,43.067480284048756,2020-07-17,1,31.0
55079170600,55079020000,-87.86320935056827,42.907724102777856,-87.95273620994368,42.98405311376188,2020-07-17,1,16.0
55079170600,55079002400,-87.86320935056827,42.907724102777856,-87.95188617843814,43.106404380820805,2020-07-17,2,33.0
55079170600,55079060200,-87.86320935056827,42.907724102777856,-87.9245165328896,43.11556508690733,2020-07-17,1,16.0
55079170600,55079110100,-87.86320935056827,42.907724102777856,-87.9710022364233,43.012448953036525,2020-07-17,3,49.0
55079170600,55079160100,-87.86320935056827,42.907724102777856,-87.91471599062149,42.91513941042769,2020-07-17,10,166.0
55079170600,55079050101,-87.86320935056827,42.907724102777856,-87.98494662348081,43.17683059907653,2020-07-17,1,16.0
55079170600,55079090300,-87.86320935056827,42.907724102777856,-88.0515779905257,43.06739040507833,2020-07-17,1,16.0
55079170600,55079021700,-87.86320935056827,42.907724102777856,-87.91312462574102,42.94052513723052,2020-07-17,4,66.0
55079170600,55079090900,-87.86320935056827,42.907724102777856,-88.00270912368009,43.06124682618238,2020-07-17,1,16.0
55079170600,55079120203,-87.86320935056827,42.907724102777856,-88.00776394431053,42.95694649923871,2020-07-17,5,83.0
55079170600,55079170500,-87.86320935056827,42.907724102777856,-87.85764758199707,42.897602993060175,2020-07-17,6,99.0
55079170600,55079160300,-87.86320935056827,42.907724102777856,-87.8893867076047,42.856940087232964,2020-07-17,9,149.0
55079170600,55079187300,-87.86320935056827,42.907724102777856,-87.9656302556773,42.887159701718595,2020-07-17,2,33.0
55079170600,55079000501,-87.86320935056827,42.907724102777856,-88.04340002069712,43.115390222488664,2020-07-17,3,49.0
55079170600,55079060101,-87.86320935056827,42.907724102777856,-87.92535691568614,43.13950788268824,2020-07-17,1,16.0
55079170600,55079020800,-87.86320935056827,42.907724102777856,-87.87636299879055,42.985307292991365,2020-07-17,1,16.0
55079170600,55079187400,-87.86320935056827,42.907724102777856,-87.90767949876499,43.03217517915639,2020-07-17,1,16.0
55079170600,55079150304,-87.86320935056827,42.907724102777856,-88.02760163837803,42.91519132559998,2020-07-17,1,16.0
55079170600,55079180500,-87.86320935056827,42.907724102777856,-87.87471526249948,42.93725893299447,2020-07-17,4,66.0
55079170600,55079000400,-87.86320935056827,42.907724102777856,-88.05554472050937,43.110954423820296,2020-07-17,1,16.0
55079170600,55079021000,-87.86320935056827,42.907724102777856,-87.89993467732904,42.962739149255064,2020-07-17,1,16.0
55079170600,55079160204,-87.86320935056827,42.907724102777856,-87.9317944903397,42.879700165258704,2020-07-17,3,49.0
55079170600,55079187200,-87.86320935056827,42.907724102777856,-88.00769048889484,42.863813659193866,2020-07-17,1,16.0
55079170600,55079080100,-87.86320935056827,42.907724102777856,-87.89773689723896,43.0955518884228,2020-07-17,1,16.0
55079170600,55079160203,-87.86320935056827,42.907724102777856,-87.91638950191752,42.89402789790319,2020-07-17,24,399.0
55079170600,55079170200,-87.86320935056827,42.907724102777856,-87.87263683893734,42.92275381108851,2020-07-17,2,33.0
55079170600,55079160202,-87.86320935056827,42.907724102777856,-87.87217546542965,42.881379330302295,2020-07-17,10,166.0
55079170600,55079180400,-87.86320935056827,42.907724102777856,-87.85633588550823,42.93709205888796,2020-07-17,8,133.0
55079170600,55079140201,-87.86320935056827,42.907724102777856,-87.99911426080601,42.93902100763907,2020-07-17,4,66.0
55079170600,55079180100,-87.86320935056827,42.907724102777856,-87.84722355247969,42.95102171952154,2020-07-17,1,16.0
55079170600,55079120101,-87.86320935056827,42.907724102777856,-88.04814010007517,42.95916305909443,2020-07-17,1,16.0
55079170600,55079003600,-87.86320935056827,42.907724102777856,-87.98321131530031,43.092736225323044,2020-07-17,1,16.0
55079170600,55079014400,-87.86320935056827,42.907724102777856,-87.90784049253895,43.042413401572134,2020-07-17,1,16.0
55079170600,55079170700,-87.86320935056827,42.907724102777856,-87.84797376219025,42.90256149755693,2020-07-17,2,33.0
55079170600,55079150100,-87.86320935056827,42.907724102777856,-87.97759713310646,42.91424119290261,2020-07-17,4,66.0
55079170600,55079021600,-87.86320935056827,42.907724102777856,-87.92488475274558,42.952251222261935,2020-07-17,1,16.0
55079170600,55079005500,-87.86320935056827,42.907724102777856,-88.03284541742188,43.08237006688624,2020-07-17,1,16.0
55079170600,55079035200,-87.86320935056827,42.907724102777856,-87.9070718018067,43.16012040860922,2020-07-17,1,16.0
55079170600,55079014100,-87.86320935056827,42.907724102777856,-87.92097269793881,43.04863570292668,2020-07-17,1,16.0
55079170600,55079019600,-87.86320935056827,42.907724102777856,-88.00769668957767,42.984657216409644,2020-07-17,2,33.0
55079170600,55079180300,-87.86320935056827,42.907724102777856,-87.87005593266791,42.951885652862586,2020-07-17,9,149.0
55079170600,55079101700,-87.86320935056827,42.907724102777856,-88.00697190300957,43.00173437379505,2020-07-17,1,16.0
55079170600,55079010700,-87.86320935056827,42.907724102777856,-87.90095083433016,43.0597678010215,2020-07-17,1,16.0
55079170600,55079007200,-87.86320935056827,42.907724102777856,-87.89788270005259,43.07774402945858,2020-07-17,1,16.0
55079170600,55079001300,-87.86320935056827,42.907724102777856,-87.99843350448002,43.126783535933505,2020-07-17,2,33.0
55079170600,55079018800,-87.86320935056827,42.907724102777856,-87.94058386370827,42.99929639057026,2020-07-17,1,16.0
55079170600,55079186600,-87.86320935056827,42.907724102777856,-87.91355022125023,43.001384465822476,2020-07-17,1,16.0
55079170600,55079012300,-87.86320935056827,42.907724102777856,-87.96196748080853,43.043599093031496,2020-07-17,1,16.0
55079170600,55079018500,-87.86320935056827,42.907724102777856,-87.91439743752404,42.98441904059949,2020-07-17,2,33.0
55079170600,55079020200,-87.86320935056827,42.907724102777856,-87.94112496275925,42.977527635995024,2020-07-17,1,16.0
55079170600,55079018600,-87.86320935056827,42.907724102777856,-87.92255649026754,42.995575414800356,2020-07-17,1,16.0
55079170600,55079150303,-87.86320935056827,42.907724102777856,-88.02312771344377,42.88960646488504,2020-07-17,2,33.0
55079170600,55079013700,-87.86320935056827,42.907724102777856,-87.94529508707278,43.04229912697773,2020-07-17,1,16.0
55079170600,55079017600,-87.86320935056827,42.907724102777856,-87.92236059293215,43.00280872383964,2020-07-17,1,16.0
55079170600,55079180200,-87.86320935056827,42.907724102777856,-87.85506992096182,42.95465467367753,2020-07-17,2,33.0
55079170600,55079020600,-87.86320935056827,42.907724102777856,-87.90444286867323,42.9810337820488,2020-07-17,1,16.0
55079170600,55079170100,-87.86320935056827,42.907724102777856,-87.84892368656588,42.919583500675934,2020-07-17,17,283.0
55079170600,55079170600,-87.86320935056827,42.907724102777856,-87.86320935056827,42.907724102777856,2020-07-17,181,3013.0
55079170600,55079185200,-87.86320935056827,42.907724102777856,-87.88193798921913,42.967674094622936,2020-07-17,3,49.0
55079170600,55079170300,-87.86320935056827,42.907724102777856,-87.87538996197884,42.9095536521384,2020-07-17,3,49.0
55079170600,55079170400,-87.86320935056827,42.907724102777856,-87.8734267877277,42.89848248246609,2020-07-17,7,116.0
55079170600,55079017200,-87.86320935056827,42.907724102777856,-87.95621680562614,43.002904101727246,2020-07-17,1,16.0
55079020600,55079019000,-87.90444286867323,42.9810337820488,-87.967877289968,42.995496154489715,2020-07-17,1,35.0
55079020600,55079100100,-87.90444286867323,42.9810337820488,-87.98598444052216,43.01659648927991,2020-07-17,1,35.0
55079020600,55079110100,-87.90444286867323,42.9810337820488,-87.9710022364233,43.012448953036525,2020-07-17,1,35.0
55079020600,55079101000,-87.90444286867323,42.9810337820488,-88.05764456171738,42.99173938525954,2020-07-17,1,35.0
55079020600,55079021200,-87.90444286867323,42.9810337820488,-87.92101040508955,42.965284697357816,2020-07-17,2,71.0
55079020600,55079160100,-87.90444286867323,42.9810337820488,-87.91471599062149,42.91513941042769,2020-07-17,3,106.0
55079020600,55079050101,-87.90444286867323,42.9810337820488,-87.98494662348081,43.17683059907653,2020-07-17,1,35.0
55079020600,55079186300,-87.90444286867323,42.9810337820488,-87.91799927397663,43.040616743150025,2020-07-17,2,71.0
55079020600,55079021700,-87.90444286867323,42.9810337820488,-87.91312462574102,42.94052513723052,2020-07-17,1,35.0
55079020600,55079090100,-87.90444286867323,42.9810337820488,-88.04837730790923,43.0973204568905,2020-07-17,1,35.0
55079020600,55079090900,-87.90444286867323,42.9810337820488,-88.00270912368009,43.06124682618238,2020-07-17,1,35.0
55079020600,55079120400,-87.90444286867323,42.9810337820488,-87.96548496050795,42.96670427425607,2020-07-17,1,35.0
55079020600,55079018400,-87.90444286867323,42.9810337820488,-87.90417459790928,42.9917062933768,2020-07-17,4,142.0
55079020600,55079160300,-87.90444286867323,42.9810337820488,-87.8893867076047,42.856940087232964,2020-07-17,1,35.0
55079020600,55079185300,-87.90444286867323,42.9810337820488,-88.04265402690729,43.049880154873065,2020-07-17,1,35.0
55079020600,55079020800,-87.90444286867323,42.9810337820488,-87.87636299879055,42.985307292991365,2020-07-17,2,71.0
55079020600,55079180500,-87.90444286867323,42.9810337820488,-87.87471526249948,42.93725893299447,2020-07-17,1,35.0
55079020600,55079005400,-87.90444286867323,42.9810337820488,-88.02259608100492,43.0824437803151,2020-07-17,1,35.0
55079020600,55079000400,-87.90444286867323,42.9810337820488,-88.05554472050937,43.110954423820296,2020-07-17,1,35.0
55079020600,55079021000,-87.90444286867323,42.9810337820488,-87.89993467732904,42.962739149255064,2020-07-17,1,35.0
55079020600,55079186800,-87.90444286867323,42.9810337820488,-87.9506670108877,43.02815858561159,2020-07-17,2,71.0
55079020600,55079187200,-87.90444286867323,42.9810337820488,-88.00769048889484,42.863813659193866,2020-07-17,1,35.0
55079020600,55079020100,-87.90444286867323,42.9810337820488,-87.94099671150566,42.988482506396224,2020-07-17,1,35.0
55079020600,55079160202,-87.90444286867323,42.9810337820488,-87.87217546542965,42.881379330302295,2020-07-17,1,35.0
55079020600,55079180400,-87.90444286867323,42.9810337820488,-87.85633588550823,42.93709205888796,2020-07-17,1,35.0
55079020600,55079100900,-87.90444286867323,42.9810337820488,-88.05216898532913,43.00959788353506,2020-07-17,1,35.0
55079020600,55079017900,-87.90444286867323,42.9810337820488,-87.90503327479618,42.998772533253295,2020-07-17,2,71.0
55079020600,55079120101,-87.90444286867323,42.9810337820488,-88.04814010007517,42.95916305909443,2020-07-17,1,35.0
55079020600,55079014400,-87.90444286867323,42.9810337820488,-87.90784049253895,43.042413401572134,2020-07-17,2,71.0
55079020600,55079018000,-87.90444286867323,42.9810337820488,-87.8945288084346,43.01098558683315,2020-07-17,2,71.0
55079020600,55079021600,-87.90444286867323,42.9810337820488,-87.92488475274558,42.952251222261935,2020-07-17,2,71.0
55079020600,55079035200,-87.90444286867323,42.9810337820488,-87.9070718018067,43.16012040860922,2020-07-17,1,35.0
55079020600,55079016600,-87.90444286867323,42.9810337820488,-87.9139279223807,43.010028166006215,2020-07-17,1,35.0
55079020600,55079101800,-87.90444286867323,42.9810337820488,-88.00969812606968,42.99373426381014,2020-07-17,1,35.0
55079020600,55079180300,-87.90444286867323,42.9810337820488,-87.87005593266791,42.951885652862586,2020-07-17,2,71.0
55079020600,55079020700,-87.90444286867323,42.9810337820488,-87.89282968229121,42.980391637955094,2020-07-17,4,142.0
55079020600,55079185100,-87.90444286867323,42.9810337820488,-87.86132764015301,42.9760744263621,2020-07-17,1,35.0
55079020600,55079007100,-87.90444286867323,42.9810337820488,-87.90149576859913,43.07383574480911,2020-07-17,1,35.0
55079020600,55079016300,-87.90444286867323,42.9810337820488,-87.93764055272034,43.01572710315665,2020-07-17,1,35.0
55079020600,55079101700,-87.90444286867323,42.9810337820488,-88.00697190300957,43.00173437379505,2020-07-17,1,35.0
55079020600,55079020400,-87.90444286867323,42.9810337820488,-87.9300852632457,42.98834002972675,2020-07-17,1,35.0
55079020600,55079017500,-87.90444286867323,42.9810337820488,-87.92965116916102,43.00287441605045,2020-07-17,2,71.0
55079020600,55079001300,-87.90444286867323,42.9810337820488,-87.99843350448002,43.126783535933505,2020-07-17,1,35.0
55079020600,55079020300,-87.90444286867323,42.9810337820488,-87.92658964497383,42.979242665655576,2020-07-17,2,71.0
55079020600,55079020900,-87.90444286867323,42.9810337820488,-87.90186271433869,42.97013349358029,2020-07-17,4,142.0
55079020600,55079014900,-87.90444286867323,42.9810337820488,-87.94481830610269,43.03704436935605,2020-07-17,2,71.0
55079020600,55079018200,-87.90444286867323,42.9810337820488,-87.87369831321716,42.99249911585218,2020-07-17,1,35.0
55079020600,55079018500,-87.90444286867323,42.9810337820488,-87.91439743752404,42.98441904059949,2020-07-17,8,284.0
55079020600,55079020200,-87.90444286867323,42.9810337820488,-87.94112496275925,42.977527635995024,2020-07-17,1,35.0
55079020600,55079016400,-87.90444286867323,42.9810337820488,-87.92777599229481,43.01665943799343,2020-07-17,1,35.0
55079020600,55079018300,-87.90444286867323,42.9810337820488,-87.89285805580873,42.991354183119796,2020-07-17,3,106.0
55079020600,55079018700,-87.90444286867323,42.9810337820488,-87.92991431934564,42.995583237143,2020-07-17,1,35.0
55079020600,55079020600,-87.90444286867323,42.9810337820488,-87.90444286867323,42.9810337820488,2020-07-17,83,2948.0
55079020600,55079017100,-87.90444286867323,42.9810337820488,-87.95808412992528,43.01056521552099,2020-07-17,1,35.0
55079101100,55079019000,-88.04276904850849,42.99420752845147,-87.967877289968,42.995496154489715,2020-07-17,1,12.0
55079101100,55079100100,-88.04276904850849,42.99420752845147,-87.98598444052216,43.01659648927991,2020-07-17,1,12.0
55079101100,55079100700,-88.04276904850849,42.99420752845147,-88.03788629567484,43.0213025080197,2020-07-17,1,12.0
55079101100,55079110100,-88.04276904850849,42.99420752845147,-87.9710022364233,43.012448953036525,2020-07-17,1,12.0
55079101100,55079101000,-88.04276904850849,42.99420752845147,-88.05764456171738,42.99173938525954,2020-07-17,17,211.0
55079101100,55079160100,-88.04276904850849,42.99420752845147,-87.91471599062149,42.91513941042769,2020-07-17,2,24.0
55079101100,55079000600,-88.04276904850849,42.99420752845147,-88.00190569680801,43.14010292722225,2020-07-17,1,12.0
55079101100,55079090300,-88.04276904850849,42.99420752845147,-88.0515779905257,43.06739040507833,2020-07-17,1,12.0
55079101100,55079101600,-88.04276904850849,42.99420752845147,-87.98881839806968,43.003113634057684,2020-07-17,1,12.0
55079101100,55079021700,-88.04276904850849,42.99420752845147,-87.91312462574102,42.94052513723052,2020-07-17,1,12.0
55079101100,55079017300,-88.04276904850849,42.99420752845147,-87.94877202549131,43.0036525046766,2020-07-17,1,12.0
55079101100,55079019400,-88.04276904850849,42.99420752845147,-88.02755647500341,42.984577749923744,2020-07-17,4,49.0
55079101100,55079090600,-88.04276904850849,42.99420752845147,-88.05435154566402,43.03795832032663,2020-07-17,1,12.0
55079101100,55079185300,-88.04276904850849,42.99420752845147,-88.04265402690729,43.049880154873065,2020-07-17,2,24.0
55079101100,55079120502,-88.04276904850849,42.99420752845147,-87.96510992081555,42.95304728304586,2020-07-17,1,12.0
55079101100,55079150304,-88.04276904850849,42.99420752845147,-88.02760163837803,42.91519132559998,2020-07-17,1,12.0
55079101100,55079000800,-88.04276904850849,42.99420752845147,-87.97372753660457,43.14064967469203,2020-07-17,1,12.0
55079101100,55079186800,-88.04276904850849,42.99420752845147,-87.9506670108877,43.02815858561159,2020-07-17,1,12.0
55079101100,55079091200,-88.04276904850849,42.99420752845147,-88.00388284004167,43.0467075980639,2020-07-17,1,12.0
55079101100,55079100500,-88.04276904850849,42.99420752845147,-88.02674691869541,43.01326660162138,2020-07-17,1,12.0
55079101100,55079100900,-88.04276904850849,42.99420752845147,-88.05216898532913,43.00959788353506,2020-07-17,13,161.0
55079101100,55079101100,-88.04276904850849,42.99420752845147,-88.04276904850849,42.99420752845147,2020-07-17,116,1442.0
55079101100,55079140201,-88.04276904850849,42.99420752845147,-87.99911426080601,42.93902100763907,2020-07-17,1,12.0
55079101100,55079101400,-88.04276904850849,42.99420752845147,-88.02735540531337,43.00631524274058,2020-07-17,2,24.0
55079101100,55079014400,-88.04276904850849,42.99420752845147,-87.90784049253895,43.042413401572134,2020-07-17,1,12.0
55079101100,55079100400,-88.04276904850849,42.99420752845147,-88.01166560297426,43.0170103539625,2020-07-17,5,62.0
55079101100,55079021600,-88.04276904850849,42.99420752845147,-87.92488475274558,42.952251222261935,2020-07-17,1,12.0
55079101100,55079120102,-88.04276904850849,42.99420752845147,-88.04966546230908,42.97409794368699,2020-07-17,2,24.0
55079101100,55079130100,-88.04276904850849,42.99420752845147,-88.04407902007586,42.942752065148895,2020-07-17,3,37.0
55079101100,55079019600,-88.04276904850849,42.99420752845147,-88.00769668957767,42.984657216409644,2020-07-17,1,12.0
55079101100,55079150301,-88.04276904850849,42.99420752845147,-88.05345903025625,42.89781994777656,2020-07-17,2,24.0
55079101100,55079101500,-88.04276904850849,42.99420752845147,-88.00747595996755,43.007126720391405,2020-07-17,1,12.0
55079101100,55079101700,-88.04276904850849,42.99420752845147,-88.00697190300957,43.00173437379505,2020-07-17,1,12.0
55079101100,55079000900,-88.04276904850849,42.99420752845147,-87.95566887882444,43.14970170326806,2020-07-17,1,12.0
55079101100,55079001300,-88.04276904850849,42.99420752845147,-87.99843350448002,43.126783535933505,2020-07-17,2,24.0
55079101100,55079120202,-88.04276904850849,42.99420752845147,-87.99868084532402,42.965848843600455,2020-07-17,1,12.0
55079101100,55079012700,-88.04276904850849,42.99420752845147,-88.0122777504643,43.029662330242175,2020-07-17,1,12.0
55079101100,55079009600,-88.04276904850849,42.99420752845147,-87.96486502955395,43.05277336645368,2020-07-17,1,12.0
55079101100,55079019300,-88.04276904850849,42.99420752845147,-87.99612754588766,42.99498021323571,2020-07-17,1,12.0
55079101100,55079090700,-88.04276904850849,42.99420752845147,-88.02545440842808,43.059193901469925,2020-07-17,1,12.0
55079101100,55079101300,-88.04276904850849,42.99420752845147,-88.02770018483265,42.99907770295741,2020-07-17,3,37.0
55079101100,55079011100,-88.04276904850849,42.99420752845147,-87.90155963599153,43.04933924860895,2020-07-17,1,12.0
55079101100,55079100300,-88.04276904850849,42.99420752845147,-88.00316709835943,43.017354422985534,2020-07-17,5,62.0
55079101100,55079101200,-88.04276904850849,42.99420752845147,-88.02772831407549,42.99180235090393,2020-07-17,2,24.0
55079101100,55079185200,-88.04276904850849,42.99420752845147,-87.88193798921913,42.967674094622936,2020-07-17,1,12.0
55079014800,55079004300,-87.9402035907502,43.042125624825495,-87.93220867621264,43.094799127568905,2020-07-17,1,21.0
55079014800,55079015700,-87.9402035907502,43.042125624825495,-87.92777138656925,43.021663598322064,2020-07-17,1,21.0
55079014800,55079000101,-87.9402035907502,43.042125624825495,-88.00922083481396,43.18510784936368,2020-07-17,2,43.0
55079014800,55079110100,-87.9402035907502,43.042125624825495,-87.9710022364233,43.012448953036525,2020-07-17,1,21.0
55079014800,55079001200,-87.9402035907502,43.042125624825495,-87.98620080987179,43.12617611256525,2020-07-17,1,21.0
55079014800,55079004800,-87.9402035907502,43.042125624825495,-87.96231596301399,43.077035360461494,2020-07-17,1,21.0
55079014800,55079005300,-87.9402035907502,43.042125624825495,-88.01242727702714,43.07892288175221,2020-07-17,1,21.0
55079014800,55079060101,-87.9402035907502,43.042125624825495,-87.92535691568614,43.13950788268824,2020-07-17,1,21.0
55079014800,55079185300,-87.9402035907502,43.042125624825495,-88.04265402690729,43.049880154873065,2020-07-17,1,21.0
55079014800,55079014700,-87.9402035907502,43.042125624825495,-87.93551340137516,43.042200823908786,2020-07-17,2,43.0
55079014800,55079187400,-87.9402035907502,43.042125624825495,-87.90767949876499,43.03217517915639,2020-07-17,1,21.0
55079014800,55079004600,-87.9402035907502,43.042125624825495,-87.9321086251029,43.08569057130924,2020-07-17,1,21.0
55079014800,55079005400,-87.9402035907502,43.042125624825495,-88.02259608100492,43.0824437803151,2020-07-17,1,21.0
55079014800,55079001400,-87.9402035907502,43.042125624825495,-88.01656972395298,43.130900969315825,2020-07-17,1,21.0
55079014800,55079002800,-87.9402035907502,43.042125624825495,-87.97141961541004,43.10830621321033,2020-07-17,2,43.0
55079014800,55079014600,-87.9402035907502,43.042125624825495,-87.93032605572249,43.04237842637439,2020-07-17,1,21.0
55079014800,55079007000,-87.9402035907502,43.042125624825495,-87.91122456687498,43.07424564740019,2020-07-17,1,21.0
55079014800,55079008500,-87.9402035907502,43.042125624825495,-87.9298714910033,43.06776123229879,2020-07-17,1,21.0
55079014800,55079008100,-87.9402035907502,43.042125624825495,-87.90743836658615,43.067471782486706,2020-07-17,1,21.0
55079014800,55079011300,-87.9402035907502,43.042125624825495,-87.90713298111844,43.04890661506502,2020-07-17,2,43.0
55079014800,55079014400,-87.9402035907502,43.042125624825495,-87.90784049253895,43.042413401572134,2020-07-17,1,21.0
55079014800,55079003400,-87.9402035907502,43.042125624825495,-88.02444287795417,43.0934576342605,2020-07-17,2,43.0
55079014800,55079005800,-87.9402035907502,43.042125624825495,-87.99994620357029,43.072303413103626,2020-07-17,1,21.0
55079014800,55079187000,-87.9402035907502,43.042125624825495,-87.88728455831759,43.05530607398437,2020-07-17,1,21.0
55079014800,55079120201,-87.9402035907502,43.042125624825495,-88.01868214174351,42.96737507435749,2020-07-17,1,21.0
55079014800,55079050102,-87.9402035907502,43.042125624825495,-87.96743569232115,43.172443064752215,2020-07-17,1,21.0
55079014800,55079007300,-87.9402035907502,43.042125624825495,-87.88807891595606,43.0779148594549,2020-07-17,1,21.0
55079014800,55079000700,-87.9402035907502,43.042125624825495,-87.99009583376943,43.15588909293765,2020-07-17,1,21.0
55079014800,55079005900,-87.9402035907502,43.042125624825495,-87.98523579862835,43.06821108392844,2020-07-17,1,21.0
55079014800,55079001700,-87.9402035907502,43.042125624825495,-88.01621221830194,43.10855887721336,2020-07-17,2,43.0
55079014800,55079011000,-87.9402035907502,43.042125624825495,-87.89727240641399,43.050053518943756,2020-07-17,1,21.0
55079014800,55079014900,-87.9402035907502,43.042125624825495,-87.94481830610269,43.03704436935605,2020-07-17,4,86.0
55079014800,55079012300,-87.9402035907502,43.042125624825495,-87.96196748080853,43.043599093031496,2020-07-17,1,21.0
55079014800,55079007800,-87.9402035907502,43.042125624825495,-87.88801504624632,43.07075279367613,2020-07-17,1,21.0
55079014800,55079004700,-87.9402035907502,43.042125624825495,-87.94760565609727,43.08576787197636,2020-07-17,1,21.0
55079014800,55079009000,-87.9402035907502,43.042125624825495,-87.9610837883489,43.060355868415826,2020-07-17,1,21.0
55079014800,55079010600,-87.9402035907502,43.042125624825495,-87.90749884397533,43.060136167504425,2020-07-17,1,21.0
55079014800,55079013700,-87.9402035907502,43.042125624825495,-87.94529508707278,43.04229912697773,2020-07-17,2,43.0
55079014800,55079186400,-87.9402035907502,43.042125624825495,-87.93038892981184,43.03695266796131,2020-07-17,2,43.0
55079014800,55079101300,-87.9402035907502,43.042125624825495,-88.02770018483265,42.99907770295741,2020-07-17,1,21.0
55079014800,55079013400,-87.9402035907502,43.042125624825495,-87.95356038604784,43.03496530197635,2020-07-17,1,21.0
55079014800,55079100300,-87.9402035907502,43.042125624825495,-88.00316709835943,43.017354422985534,2020-07-17,1,21.0
55079014800,55079101200,-87.9402035907502,43.042125624825495,-88.02772831407549,42.99180235090393,2020-07-17,1,21.0
55079014800,55079014800,-87.9402035907502,43.042125624825495,-87.9402035907502,43.042125624825495,2020-07-17,71,1539.0
55079014800,55079060102,-87.9402035907502,43.042125624825495,-87.93974960524739,43.148654535590595,2020-07-17,1,21.0
55079014800,55079008000,-87.9402035907502,43.042125624825495,-87.90282982859381,43.067480284048756,2020-07-17,1,21.0
55079014800,55079186100,-87.9402035907502,43.042125624825495,-87.94279275484007,43.048652729679134,2020-07-17,1,21.0
55079014800,55079012200,-87.9402035907502,43.042125624825495,-87.95271101560115,43.04866661559741,2020-07-17,1,21.0
55079014800,55079013300,-87.9402035907502,43.042125624825495,-87.96206431187025,43.03483590901066,2020-07-17,1,21.0
55079014800,55079009900,-87.9402035907502,43.042125624825495,-87.94630275235495,43.060274421469344,2020-07-17,1,21.0
55079014800,55079006500,-87.9402035907502,43.042125624825495,-87.94229465456391,43.0797331466399,2020-07-17,1,21.0
55079014800,55079008800,-87.9402035907502,43.042125624825495,-87.94617084834631,43.06788862375971,2020-07-17,1,21.0
55079014800,55079006900,-87.9402035907502,43.042125624825495,-87.91078185483303,43.07979537793229,2020-07-17,1,21.0
55079014800,55079006700,-87.9402035907502,43.042125624825495,-87.92040407919447,43.07437828581977,2020-07-17,1,21.0
55079014800,55079008700,-87.9402035907502,43.042125624825495,-87.93997122125838,43.06781436915486,2020-07-17,1,21.0
55079000102,55079020000,-88.01167859828367,43.164645145767146,-87.95273620994368,42.98405311376188,2020-07-17,2,41.0
55079000102,55079002400,-88.01167859828367,43.164645145767146,-87.95188617843814,43.106404380820805,2020-07-17,1,20.0
55079000102,55079004300,-88.01167859828367,43.164645145767146,-87.93220867621264,43.094799127568905,2020-07-17,2,41.0
55079000102,55079060200,-88.01167859828367,43.164645145767146,-87.9245165328896,43.11556508690733,2020-07-17,3,62.0
55079000102,55079004400,-88.01167859828367,43.164645145767146,-87.90608569163814,43.089298213737145,2020-07-17,1,20.0
55079000102,55079015700,-88.01167859828367,43.164645145767146,-87.92777138656925,43.021663598322064,2020-07-17,1,20.0
55079000102,55079000101,-88.01167859828367,43.164645145767146,-88.00922083481396,43.18510784936368,2020-07-17,6,125.0
55079000102,55079000102,-88.01167859828367,43.164645145767146,-88.01167859828367,43.164645145767146,2020-07-17,153,3187.0
55079000102,55079000202,-88.01167859828367,43.164645145767146,-88.04132965001602,43.160382512849615,2020-07-17,3,62.0
55079000102,55079101000,-88.01167859828367,43.164645145767146,-88.05764456171738,42.99173938525954,2020-07-17,1,20.0
55079000102,55079000600,-88.01167859828367,43.164645145767146,-88.00190569680801,43.14010292722225,2020-07-17,8,166.0
55079000102,55079050101,-88.01167859828367,43.164645145767146,-87.98494662348081,43.17683059907653,2020-07-17,14,291.0
55079000102,55079090300,-88.01167859828367,43.164645145767146,-88.0515779905257,43.06739040507833,2020-07-17,1,20.0
55079000102,55079186300,-88.01167859828367,43.164645145767146,-87.91799927397663,43.040616743150025,2020-07-17,2,41.0
55079000102,55079012400,-88.01167859828367,43.164645145767146,-87.97680856828566,43.04580144948212,2020-07-17,1,20.0
55079000102,55079090100,-88.01167859828367,43.164645145767146,-88.04837730790923,43.0973204568905,2020-07-17,1,20.0
55079000102,55079090200,-88.01167859828367,43.164645145767146,-88.05200796218348,43.081902180003375,2020-07-17,4,83.0
55079000102,55079120203,-88.01167859828367,43.164645145767146,-88.00776394431053,42.95694649923871,2020-07-17,2,41.0
55079000102,55079017300,-88.01167859828367,43.164645145767146,-87.94877202549131,43.0036525046766,2020-07-17,1,20.0
55079000102,55079000501,-88.01167859828367,43.164645145767146,-88.04340002069712,43.115390222488664,2020-07-17,3,62.0
55079000102,55079001200,-88.01167859828367,43.164645145767146,-87.98620080987179,43.12617611256525,2020-07-17,2,41.0
55079000102,55079003500,-88.01167859828367,43.164645145767146,-87.99830093777771,43.09359369867719,2020-07-17,3,62.0
55079000102,55079003200,-88.01167859828367,43.164645145767146,-88.00111189801154,43.10115852758208,2020-07-17,1,20.0
55079000102,55079005300,-88.01167859828367,43.164645145767146,-88.01242727702714,43.07892288175221,2020-07-17,1,20.0
55079000102,55079060101,-88.01167859828367,43.164645145767146,-87.92535691568614,43.13950788268824,2020-07-17,1,20.0
55079000102,55079185500,-88.01167859828367,43.164645145767146,-87.92624880733425,43.0601763240656,2020-07-17,1,20.0
55079000102,55079185300,-88.01167859828367,43.164645145767146,-88.04265402690729,43.049880154873065,2020-07-17,2,41.0
55079000102,55079000800,-88.01167859828367,43.164645145767146,-87.97372753660457,43.14064967469203,2020-07-17,3,62.0
55079000102,55079004600,-88.01167859828367,43.164645145767146,-87.9321086251029,43.08569057130924,2020-07-17,2,41.0
55079000102,55079005400,-88.01167859828367,43.164645145767146,-88.02259608100492,43.0824437803151,2020-07-17,1,20.0
55079000102,55079000502,-88.01167859828367,43.164645145767146,-88.03128731150349,43.12480634966938,2020-07-17,3,62.0
55079000102,55079100500,-88.01167859828367,43.164645145767146,-88.02674691869541,43.01326660162138,2020-07-17,1,20.0
55079000102,55079001400,-88.01167859828367,43.164645145767146,-88.01656972395298,43.130900969315825,2020-07-17,3,62.0
55079000102,55079100900,-88.01167859828367,43.164645145767146,-88.05216898532913,43.00959788353506,2020-07-17,1,20.0
55079000102,55079140201,-88.01167859828367,43.164645145767146,-87.99911426080601,42.93902100763907,2020-07-17,2,41.0
55079000102,55079186500,-88.01167859828367,43.164645145767146,-87.9130303085029,43.02319729476483,2020-07-17,1,20.0
55079000102,55079003300,-88.01167859828367,43.164645145767146,-88.0173066794685,43.1010408446094,2020-07-17,2,41.0
55079000102,55079120101,-88.01167859828367,43.164645145767146,-88.04814010007517,42.95916305909443,2020-07-17,1,20.0
55079000102,55079030100,-88.01167859828367,43.164645145767146,-87.89837270942148,43.1819862198906,2020-07-17,3,62.0
55079000102,55079003600,-88.01167859828367,43.164645145767146,-87.98321131530031,43.092736225323044,2020-07-17,3,62.0
55079000102,55079003800,-88.01167859828367,43.164645145767146,-87.97215356169055,43.086187842345545,2020-07-17,1,20.0
55079000102,55079014400,-88.01167859828367,43.164645145767146,-87.90784049253895,43.042413401572134,2020-07-17,2,41.0
55079000102,55079150100,-88.01167859828367,43.164645145767146,-87.97759713310646,42.91424119290261,2020-07-17,2,41.0
55079000102,55079035200,-88.01167859828367,43.164645145767146,-87.9070718018067,43.16012040860922,2020-07-17,4,83.0
55079000102,55079014100,-88.01167859828367,43.164645145767146,-87.92097269793881,43.04863570292668,2020-07-17,1,20.0
55079000102,55079050102,-88.01167859828367,43.164645145767146,-87.96743569232115,43.172443064752215,2020-07-17,7,145.0
55079000102,55079000700,-88.01167859828367,43.164645145767146,-87.99009583376943,43.15588909293765,2020-07-17,4,83.0
55079000102,55079100200,-88.01167859828367,43.164645145767146,-87.99137992566246,43.01460892403096,2020-07-17,3,62.0
55079000102,55079003100,-88.01167859828367,43.164645145767146,-87.98607018194353,43.10091760946077,2020-07-17,2,41.0
55079000102,55079000900,-88.01167859828367,43.164645145767146,-87.95566887882444,43.14970170326806,2020-07-17,2,41.0
55079000102,55079001300,-88.01167859828367,43.164645145767146,-87.99843350448002,43.126783535933505,2020-07-17,3,62.0
55079000102,55079001700,-88.01167859828367,43.164645145767146,-88.01621221830194,43.10855887721336,2020-07-17,1,20.0
55079000102,55079016700,-88.01167859828367,43.164645145767146,-87.92209519609614,43.010301162214034,2020-07-17,1,20.0
55079000102,55079014900,-88.01167859828367,43.164645145767146,-87.94481830610269,43.03704436935605,2020-07-17,1,20.0
55079000102,55079012300,-88.01167859828367,43.164645145767146,-87.96196748080853,43.043599093031496,2020-07-17,1,20.0
55079000102,55079003900,-88.01167859828367,43.164645145767146,-87.96215160813261,43.086172227530916,2020-07-17,1,20.0
55079000102,55079000201,-88.01167859828367,43.164645145767146,-88.0472441211064,43.1799495757708,2020-07-17,1,20.0
55079000102,55079016400,-88.01167859828367,43.164645145767146,-87.92777599229481,43.01665943799343,2020-07-17,1,20.0
55079000102,55079009100,-88.01167859828367,43.164645145767146,-87.96852806703085,43.060675408064526,2020-07-17,1,20.0
55079000102,55079000304,-88.01167859828367,43.164645145767146,-88.02644618111368,43.14364069729464,2020-07-17,1,20.0
55079000102,55079003700,-88.01167859828367,43.164645145767146,-87.98336380852676,43.08546039091554,2020-07-17,1,20.0
55079000102,55079001100,-88.01167859828367,43.164645145767146,-87.96901390366762,43.127689901740844,2020-07-17,2,41.0
55079000102,55079020600,-88.01167859828367,43.164645145767146,-87.90444286867323,42.9810337820488,2020-07-17,2,41.0
55079000102,55079008900,-88.01167859828367,43.164645145767146,-87.95337828163817,43.06706338271535,2020-07-17,1,20.0
55079000102,55079004100,-88.01167859828367,43.164645145767146,-87.95681147526382,43.0940907627305,2020-07-17,1,20.0
55079000102,55079186200,-88.01167859828367,43.164645145767146,-87.93244814260824,43.04856605375616,2020-07-17,1,20.0
55079000102,55079005100,-88.01167859828367,43.164645145767146,-87.99757698420609,43.08261869423604,2020-07-17,3,62.0
55079000102,55079170600,-88.01167859828367,43.164645145767146,-87.86320935056827,42.907724102777856,2020-07-17,1,20.0
55079000102,55079004900,-88.01167859828367,43.164645145767146,-87.97231517837423,43.077061406485264,2020-07-17,1,20.0
55079000102,55079007400,-88.01167859828367,43.164645145767146,-87.87216855868374,43.078043126250115,2020-07-17,1,20.0
55079000102,55079000301,-88.01167859828367,43.164645145767146,-88.06021668804352,43.1363311013577,2020-07-17,2,41.0
55079000102,55079013300,-88.01167859828367,43.164645145767146,-87.96206431187025,43.03483590901066,2020-07-17,1,20.0
55079000102,55079006100,-88.01167859828367,43.164645145767146,-87.96847508739953,43.06791249267312,2020-07-17,2,41.0
55079000102,55079003000,-88.01167859828367,43.164645145767146,-87.99619059962126,43.10851035065769,2020-07-17,1,20.0
55079000102,55079170400,-88.01167859828367,43.164645145767146,-87.8734267877277,42.89848248246609,2020-07-17,1,20.0
55079000102,55079017200,-88.01167859828367,43.164645145767146,-87.95621680562614,43.002904101727246,2020-07-17,1,20.0
55079000102,55079015900,-88.01167859828367,43.164645145767146,-87.9473669417017,43.02159668337006,2020-07-17,1,20.0
55079007700,55079004300,-87.88849935823362,43.06389053422122,-87.93220867621264,43.094799127568905,2020-07-17,1,28.0
55079007700,55079060200,-87.88849935823362,43.06389053422122,-87.9245165328896,43.11556508690733,2020-07-17,2,56.0
55079007700,55079004400,-87.88849935823362,43.06389053422122,-87.90608569163814,43.089298213737145,2020-07-17,3,84.0
55079007700,55079015700,-87.88849935823362,43.06389053422122,-87.92777138656925,43.021663598322064,2020-07-17,1,28.0
55079007700,55079100700,-87.88849935823362,43.06389053422122,-88.03788629567484,43.0213025080197,2020-07-17,1,28.0
55079007700,55079000202,-87.88849935823362,43.06389053422122,-88.04132965001602,43.160382512849615,2020-07-17,1,28.0
55079007700,55079010800,-87.88849935823362,43.06389053422122,-87.88986181293924,43.05733829509928,2020-07-17,9,254.0
55079007700,55079070300,-87.88849935823362,43.06389053422122,-87.90380003116019,43.10631443965618,2020-07-17,1,28.0
55079007700,55079090100,-87.88849935823362,43.06389053422122,-88.04837730790923,43.0973204568905,2020-07-17,1,28.0
55079007700,55079090900,-87.88849935823362,43.06389053422122,-88.00270912368009,43.06124682618238,2020-07-17,1,28.0
55079007700,55079018400,-87.88849935823362,43.06389053422122,-87.90417459790928,42.9917062933768,2020-07-17,1,28.0
55079007700,55079160300,-87.88849935823362,43.06389053422122,-87.8893867076047,42.856940087232964,2020-07-17,1,28.0
55079007700,55079080300,-87.88849935823362,43.06389053422122,-87.87475616434764,43.089996653126924,2020-07-17,4,113.0
55079007700,55079185300,-87.88849935823362,43.06389053422122,-88.04265402690729,43.049880154873065,2020-07-17,3,84.0
55079007700,55079187400,-87.88849935823362,43.06389053422122,-87.90767949876499,43.03217517915639,2020-07-17,7,198.0
55079007700,55079005400,-87.88849935823362,43.06389053422122,-88.02259608100492,43.0824437803151,2020-07-17,1,28.0
55079007700,55079021000,-87.88849935823362,43.06389053422122,-87.89993467732904,42.962739149255064,2020-07-17,1,28.0
55079007700,55079186800,-87.88849935823362,43.06389053422122,-87.9506670108877,43.02815858561159,2020-07-17,1,28.0
55079007700,55079080100,-87.88849935823362,43.06389053422122,-87.89773689723896,43.0955518884228,2020-07-17,2,56.0
55079007700,55079018900,-87.88849935823362,43.06389053422122,-87.95323213052187,42.995654122863776,2020-07-17,1,28.0
55079007700,55079186500,-87.88849935823362,43.06389053422122,-87.9130303085029,43.02319729476483,2020-07-17,3,84.0
55079007700,55079001600,-87.88849935823362,43.06389053422122,-88.01599665750028,43.11588641903863,2020-07-17,1,28.0
55079007700,55079070100,-87.88849935823362,43.06389053422122,-87.9076583493148,43.12063010988105,2020-07-17,1,28.0
55079007700,55079007700,-87.88849935823362,43.06389053422122,-87.88849935823362,43.06389053422122,2020-07-17,110,3112.0
55079007700,55079008100,-87.88849935823362,43.06389053422122,-87.90743836658615,43.067471782486706,2020-07-17,1,28.0
55079007700,55079014400,-87.88849935823362,43.06389053422122,-87.90784049253895,43.042413401572134,2020-07-17,1,28.0
55079007700,55079150100,-87.88849935823362,43.06389053422122,-87.97759713310646,42.91424119290261,2020-07-17,4,113.0
55079007700,55079187000,-87.88849935823362,43.06389053422122,-87.88728455831759,43.05530607398437,2020-07-17,2,56.0
55079007700,55079007300,-87.88849935823362,43.06389053422122,-87.88807891595606,43.0779148594549,2020-07-17,4,113.0
55079007700,55079080200,-87.88849935823362,43.06389053422122,-87.8877423232882,43.0942616397457,2020-07-17,4,113.0
55079007700,55079010700,-87.88849935823362,43.06389053422122,-87.90095083433016,43.0597678010215,2020-07-17,2,56.0
55079007700,55079007600,-87.88849935823362,43.06389053422122,-87.87859580944733,43.06399812725538,2020-07-17,6,169.0
55079007700,55079000900,-87.88849935823362,43.06389053422122,-87.95566887882444,43.14970170326806,2020-07-17,1,28.0
55079007700,55079020300,-87.88849935823362,43.06389053422122,-87.92658964497383,42.979242665655576,2020-07-17,1,28.0
55079007700,55079011000,-87.88849935823362,43.06389053422122,-87.89727240641399,43.050053518943756,2020-07-17,3,84.0
55079007700,55079080400,-87.88849935823362,43.06389053422122,-87.88848724040903,43.08594082590386,2020-07-17,4,113.0
55079007700,55079007800,-87.88849935823362,43.06389053422122,-87.88801504624632,43.07075279367613,2020-07-17,8,226.0
55079007700,55079016500,-87.88849935823362,43.06389053422122,-87.91153110922029,43.01579142211555,2020-07-17,1,28.0
55079007700,55079011100,-87.88849935823362,43.06389053422122,-87.90155963599153,43.04933924860895,2020-07-17,1,28.0
55079007700,55079100300,-87.88849935823362,43.06389053422122,-88.00316709835943,43.017354422985534,2020-07-17,1,28.0
55079007700,55079007400,-87.88849935823362,43.06389053422122,-87.87216855868374,43.078043126250115,2020-07-17,2,56.0
55079007700,55079008000,-87.88849935823362,43.06389053422122,-87.90282982859381,43.067480284048756,2020-07-17,1,28.0
55079007700,55079015900,-87.88849935823362,43.06389053422122,-87.9473669417017,43.02159668337006,2020-07-17,1,28.0
55079020300,55079020000,-87.92658964497383,42.979242665655576,-87.95273620994368,42.98405311376188,2020-07-17,14,324.0
55079020300,55079002100,-87.92658964497383,42.979242665655576,-87.95315716160212,43.115529640428136,2020-07-17,1,23.0
55079020300,55079060200,-87.92658964497383,42.979242665655576,-87.9245165328896,43.11556508690733,2020-07-17,2,46.0
55079020300,55079015700,-87.92658964497383,42.979242665655576,-87.92777138656925,43.021663598322064,2020-07-17,1,23.0
55079020300,55079019000,-87.92658964497383,42.979242665655576,-87.967877289968,42.995496154489715,2020-07-17,4,92.0
55079020300,55079100100,-87.92658964497383,42.979242665655576,-87.98598444052216,43.01659648927991,2020-07-17,1,23.0
55079020300,55079000202,-87.92658964497383,42.979242665655576,-88.04132965001602,43.160382512849615,2020-07-17,1,23.0
55079020300,55079110100,-87.92658964497383,42.979242665655576,-87.9710022364233,43.012448953036525,2020-07-17,2,46.0
55079020300,55079101000,-87.92658964497383,42.979242665655576,-88.05764456171738,42.99173938525954,2020-07-17,1,23.0
55079020300,55079021200,-87.92658964497383,42.979242665655576,-87.92101040508955,42.965284697357816,2020-07-17,3,69.0
55079020300,55079160100,-87.92658964497383,42.979242665655576,-87.91471599062149,42.91513941042769,2020-07-17,7,162.0
55079020300,55079090300,-87.92658964497383,42.979242665655576,-88.0515779905257,43.06739040507833,2020-07-17,1,23.0
55079020300,55079012400,-87.92658964497383,42.979242665655576,-87.97680856828566,43.04580144948212,2020-07-17,1,23.0
55079020300,55079021700,-87.92658964497383,42.979242665655576,-87.91312462574102,42.94052513723052,2020-07-17,5,116.0
55079020300,55079019200,-87.92658964497383,42.979242665655576,-87.9858350139744,42.99282711086924,2020-07-17,1,23.0
55079020300,55079120400,-87.92658964497383,42.979242665655576,-87.96548496050795,42.96670427425607,2020-07-17,5,116.0
55079020300,55079120203,-87.92658964497383,42.979242665655576,-88.00776394431053,42.95694649923871,2020-07-17,6,139.0
55079020300,55079170500,-87.92658964497383,42.979242665655576,-87.85764758199707,42.897602993060175,2020-07-17,1,23.0
55079020300,55079018400,-87.92658964497383,42.979242665655576,-87.90417459790928,42.9917062933768,2020-07-17,2,46.0
55079020300,55079160300,-87.92658964497383,42.979242665655576,-87.8893867076047,42.856940087232964,2020-07-17,3,69.0
55079020300,55079017300,-87.92658964497383,42.979242665655576,-87.94877202549131,43.0036525046766,2020-07-17,2,46.0
55079020300,55079000501,-87.92658964497383,42.979242665655576,-88.04340002069712,43.115390222488664,2020-07-17,1,23.0
55079020300,55079001200,-87.92658964497383,42.979242665655576,-87.98620080987179,43.12617611256525,2020-07-17,1,23.0
55079020300,55079004800,-87.92658964497383,42.979242665655576,-87.96231596301399,43.077035360461494,2020-07-17,1,23.0
55079020300,55079021400,-87.92658964497383,42.979242665655576,-87.93891709359613,42.96295890378409,2020-07-17,3,69.0
55079020300,55079185300,-87.92658964497383,42.979242665655576,-88.04265402690729,43.049880154873065,2020-07-17,1,23.0
55079020300,55079120502,-87.92658964497383,42.979242665655576,-87.96510992081555,42.95304728304586,2020-07-17,4,92.0
55079020300,55079187400,-87.92658964497383,42.979242665655576,-87.90767949876499,43.03217517915639,2020-07-17,1,23.0
55079020300,55079000400,-87.92658964497383,42.979242665655576,-88.05554472050937,43.110954423820296,2020-07-17,2,46.0
55079020300,55079160204,-87.92658964497383,42.979242665655576,-87.9317944903397,42.879700165258704,2020-07-17,2,46.0
55079020300,55079186800,-87.92658964497383,42.979242665655576,-87.9506670108877,43.02815858561159,2020-07-17,2,46.0
55079020300,55079187200,-87.92658964497383,42.979242665655576,-88.00769048889484,42.863813659193866,2020-07-17,2,46.0
55079020300,55079160203,-87.92658964497383,42.979242665655576,-87.91638950191752,42.89402789790319,2020-07-17,5,116.0
55079020300,55079091200,-87.92658964497383,42.979242665655576,-88.00388284004167,43.0467075980639,2020-07-17,1,23.0
55079020300,55079100500,-87.92658964497383,42.979242665655576,-88.02674691869541,43.01326660162138,2020-07-17,1,23.0
55079020300,55079020100,-87.92658964497383,42.979242665655576,-87.94099671150566,42.988482506396224,2020-07-17,4,92.0
55079020300,55079180400,-87.92658964497383,42.979242665655576,-87.85633588550823,42.93709205888796,2020-07-17,1,23.0
55079020300,55079014600,-87.92658964497383,42.979242665655576,-87.93032605572249,43.04237842637439,2020-07-17,1,23.0
55079020300,55079101100,-87.92658964497383,42.979242665655576,-88.04276904850849,42.99420752845147,2020-07-17,1,23.0
55079020300,55079140100,-87.92658964497383,42.979242665655576,-88.0188613886232,42.93745223479677,2020-07-17,2,46.0
55079020300,55079140201,-87.92658964497383,42.979242665655576,-87.99911426080601,42.93902100763907,2020-07-17,2,46.0
55079020300,55079140202,-87.92658964497383,42.979242665655576,-87.981557716435,42.93443757238657,2020-07-17,1,23.0
55079020300,55079120101,-87.92658964497383,42.979242665655576,-88.04814010007517,42.95916305909443,2020-07-17,2,46.0
55079020300,55079007700,-87.92658964497383,42.979242665655576,-87.88849935823362,43.06389053422122,2020-07-17,2,46.0
55079020300,55079014400,-87.92658964497383,42.979242665655576,-87.90784049253895,43.042413401572134,2020-07-17,3,69.0
55079020300,55079100400,-87.92658964497383,42.979242665655576,-88.01166560297426,43.0170103539625,2020-07-17,1,23.0
55079020300,55079150100,-87.92658964497383,42.979242665655576,-87.97759713310646,42.91424119290261,2020-07-17,8,185.0
55079020300,55079021600,-87.92658964497383,42.979242665655576,-87.92488475274558,42.952251222261935,2020-07-17,7,162.0
55079020300,55079021300,-87.92658964497383,42.979242665655576,-87.93877469638159,42.970224160413096,2020-07-17,2,46.0
55079020300,55079187000,-87.92658964497383,42.979242665655576,-87.88728455831759,43.05530607398437,2020-07-17,2,46.0
55079020300,55079130100,-87.92658964497383,42.979242665655576,-88.04407902007586,42.942752065148895,2020-07-17,1,23.0
55079020300,55079150301,-87.92658964497383,42.979242665655576,-88.05345903025625,42.89781994777656,2020-07-17,1,23.0
55079020300,55079120201,-87.92658964497383,42.979242665655576,-88.01868214174351,42.96737507435749,2020-07-17,1,23.0
55079020300,55079050102,-87.92658964497383,42.979242665655576,-87.96743569232115,43.172443064752215,2020-07-17,1,23.0
55079020300,55079180300,-87.92658964497383,42.979242665655576,-87.87005593266791,42.951885652862586,2020-07-17,1,23.0
55079020300,55079020700,-87.92658964497383,42.979242665655576,-87.89282968229121,42.980391637955094,2020-07-17,1,23.0
55079020300,55079016300,-87.92658964497383,42.979242665655576,-87.93764055272034,43.01572710315665,2020-07-17,1,23.0
55079020300,55079020400,-87.92658964497383,42.979242665655576,-87.9300852632457,42.98834002972675,2020-07-17,6,139.0
55079020300,55079100200,-87.92658964497383,42.979242665655576,-87.99137992566246,43.01460892403096,2020-07-17,3,69.0
55079020300,55079017500,-87.92658964497383,42.979242665655576,-87.92965116916102,43.00287441605045,2020-07-17,1,23.0
55079020300,55079007600,-87.92658964497383,42.979242665655576,-87.87859580944733,43.06399812725538,2020-07-17,1,23.0
55079020300,55079020300,-87.92658964497383,42.979242665655576,-87.92658964497383,42.979242665655576,2020-07-17,145,3364.0
55079020300,55079020900,-87.92658964497383,42.979242665655576,-87.90186271433869,42.97013349358029,2020-07-17,1,23.0
55079020300,55079186600,-87.92658964497383,42.979242665655576,-87.91355022125023,43.001384465822476,2020-07-17,1,23.0
55079020300,55079018200,-87.92658964497383,42.979242665655576,-87.87369831321716,42.99249911585218,2020-07-17,1,23.0
55079020300,55079018500,-87.92658964497383,42.979242665655576,-87.91439743752404,42.98441904059949,2020-07-17,11,255.0
55079020300,55079020500,-87.92658964497383,42.979242665655576,-87.92272370744391,42.988321496925906,2020-07-17,13,301.0
55079020300,55079021500,-87.92658964497383,42.979242665655576,-87.94398245259515,42.952098604888974,2020-07-17,2,46.0
55079020300,55079020200,-87.92658964497383,42.979242665655576,-87.94112496275925,42.977527635995024,2020-07-17,5,116.0
55079020300,55079019800,-87.92658964497383,42.979242665655576,-87.98973307517815,42.982078809345225,2020-07-17,2,46.0
55079020300,55079016400,-87.92658964497383,42.979242665655576,-87.92777599229481,43.01665943799343,2020-07-17,2,46.0
55079020300,55079010600,-87.92658964497383,42.979242665655576,-87.90749884397533,43.060136167504425,2020-07-17,1,23.0
55079020300,55079017600,-87.92658964497383,42.979242665655576,-87.92236059293215,43.00280872383964,2020-07-17,1,23.0
55079020300,55079020600,-87.92658964497383,42.979242665655576,-87.90444286867323,42.9810337820488,2020-07-17,1,23.0
55079020300,55079186900,-87.92658964497383,42.979242665655576,-87.88804149673794,43.05226526687869,2020-07-17,1,23.0
55079020300,55079185600,-87.92658964497383,42.979242665655576,-87.91469071944607,43.06026722158336,2020-07-17,1,23.0
55079020300,55079185200,-87.92658964497383,42.979242665655576,-87.88193798921913,42.967674094622936,2020-07-17,3,69.0
55079020300,55079170400,-87.92658964497383,42.979242665655576,-87.8734267877277,42.89848248246609,2020-07-17,1,23.0
55079020300,55079185400,-87.92658964497383,42.979242665655576,-87.93768935592728,43.06023552955454,2020-07-17,1,23.0
55079020800,55079020000,-87.87636299879055,42.985307292991365,-87.95273620994368,42.98405311376188,2020-07-17,2,74.0
55079020800,55079019000,-87.87636299879055,42.985307292991365,-87.967877289968,42.995496154489715,2020-07-17,1,37.0
55079020800,55079100100,-87.87636299879055,42.985307292991365,-87.98598444052216,43.01659648927991,2020-07-17,1,37.0
55079020800,55079010800,-87.87636299879055,42.985307292991365,-87.88986181293924,43.05733829509928,2020-07-17,1,37.0
55079020800,55079110100,-87.87636299879055,42.985307292991365,-87.9710022364233,43.012448953036525,2020-07-17,1,37.0
55079020800,55079101000,-87.87636299879055,42.985307292991365,-88.05764456171738,42.99173938525954,2020-07-17,3,111.0
55079020800,55079186300,-87.87636299879055,42.985307292991365,-87.91799927397663,43.040616743150025,2020-07-17,1,37.0
55079020800,55079018400,-87.87636299879055,42.985307292991365,-87.90417459790928,42.9917062933768,2020-07-17,3,111.0
55079020800,55079017300,-87.87636299879055,42.985307292991365,-87.94877202549131,43.0036525046766,2020-07-17,1,37.0
55079020800,55079185300,-87.87636299879055,42.985307292991365,-88.04265402690729,43.049880154873065,2020-07-17,1,37.0
55079020800,55079120502,-87.87636299879055,42.985307292991365,-87.96510992081555,42.95304728304586,2020-07-17,1,37.0
55079020800,55079020800,-87.87636299879055,42.985307292991365,-87.87636299879055,42.985307292991365,2020-07-17,74,2739.0
55079020800,55079187400,-87.87636299879055,42.985307292991365,-87.90767949876499,43.03217517915639,2020-07-17,3,111.0
55079020800,55079005400,-87.87636299879055,42.985307292991365,-88.02259608100492,43.0824437803151,2020-07-17,1,37.0
55079020800,55079021000,-87.87636299879055,42.985307292991365,-87.89993467732904,42.962739149255064,2020-07-17,1,37.0
55079020800,55079186800,-87.87636299879055,42.985307292991365,-87.9506670108877,43.02815858561159,2020-07-17,1,37.0
55079020800,55079160203,-87.87636299879055,42.985307292991365,-87.91638950191752,42.89402789790319,2020-07-17,3,111.0
55079020800,55079180400,-87.87636299879055,42.985307292991365,-87.85633588550823,42.93709205888796,2020-07-17,1,37.0
55079020800,55079100900,-87.87636299879055,42.985307292991365,-88.05216898532913,43.00959788353506,2020-07-17,1,37.0
55079020800,55079101100,-87.87636299879055,42.985307292991365,-88.04276904850849,42.99420752845147,2020-07-17,2,74.0
55079020800,55079017900,-87.87636299879055,42.985307292991365,-87.90503327479618,42.998772533253295,2020-07-17,1,37.0
55079020800,55079186500,-87.87636299879055,42.985307292991365,-87.9130303085029,43.02319729476483,2020-07-17,2,74.0
55079020800,55079120101,-87.87636299879055,42.985307292991365,-88.04814010007517,42.95916305909443,2020-07-17,1,37.0
55079020800,55079070100,-87.87636299879055,42.985307292991365,-87.9076583493148,43.12063010988105,2020-07-17,1,37.0
55079020800,55079007700,-87.87636299879055,42.985307292991365,-87.88849935823362,43.06389053422122,2020-07-17,1,37.0
55079020800,55079008100,-87.87636299879055,42.985307292991365,-87.90743836658615,43.067471782486706,2020-07-17,1,37.0
55079020800,55079014400,-87.87636299879055,42.985307292991365,-87.90784049253895,43.042413401572134,2020-07-17,2,74.0
55079020800,55079100400,-87.87636299879055,42.985307292991365,-88.01166560297426,43.0170103539625,2020-07-17,1,37.0
55079020800,55079018000,-87.87636299879055,42.985307292991365,-87.8945288084346,43.01098558683315,2020-07-17,1,37.0
55079020800,55079070200,-87.87636299879055,42.985307292991365,-87.8919112738197,43.1133970416122,2020-07-17,1,37.0
55079020800,55079021600,-87.87636299879055,42.985307292991365,-87.92488475274558,42.952251222261935,2020-07-17,3,111.0
55079020800,55079180300,-87.87636299879055,42.985307292991365,-87.87005593266791,42.951885652862586,2020-07-17,3,111.0
55079020800,55079020700,-87.87636299879055,42.985307292991365,-87.89282968229121,42.980391637955094,2020-07-17,1,37.0
55079020800,55079007100,-87.87636299879055,42.985307292991365,-87.90149576859913,43.07383574480911,2020-07-17,1,37.0
55079020800,55079007300,-87.87636299879055,42.985307292991365,-87.88807891595606,43.0779148594549,2020-07-17,1,37.0
55079020800,55079007600,-87.87636299879055,42.985307292991365,-87.87859580944733,43.06399812725538,2020-07-17,1,37.0
55079020800,55079001300,-87.87636299879055,42.985307292991365,-87.99843350448002,43.126783535933505,2020-07-17,2,74.0
55079020800,55079018200,-87.87636299879055,42.985307292991365,-87.87369831321716,42.99249911585218,2020-07-17,2,74.0
55079020800,55079007800,-87.87636299879055,42.985307292991365,-87.88801504624632,43.07075279367613,2020-07-17,1,37.0
55079020800,55079018500,-87.87636299879055,42.985307292991365,-87.91439743752404,42.98441904059949,2020-07-17,6,222.0
55079020800,55079018300,-87.87636299879055,42.985307292991365,-87.89285805580873,42.991354183119796,2020-07-17,2,74.0
55079020800,55079016500,-87.87636299879055,42.985307292991365,-87.91153110922029,43.01579142211555,2020-07-17,1,37.0
55079020800,55079180200,-87.87636299879055,42.985307292991365,-87.85506992096182,42.95465467367753,2020-07-17,2,74.0
55079020800,55079170100,-87.87636299879055,42.985307292991365,-87.84892368656588,42.919583500675934,2020-07-17,1,37.0
55079020800,55079185200,-87.87636299879055,42.985307292991365,-87.88193798921913,42.967674094622936,2020-07-17,2,74.0
55079020800,55079009200,-87.87636299879055,42.985307292991365,-87.97560474362125,43.06069020349929,2020-07-17,1,37.0
55079020800,55079021100,-87.87636299879055,42.985307292991365,-87.91444199314573,42.970152010378044,2020-07-17,1,37.0
55079120300,55079020000,-87.97376432533524,42.98091406493879,-87.95273620994368,42.98405311376188,2020-07-17,1,21.0
55079120300,55079000101,-87.97376432533524,42.98091406493879,-88.00922083481396,43.18510784936368,2020-07-17,1,21.0
55079120300,55079000102,-87.97376432533524,42.98091406493879,-88.01167859828367,43.164645145767146,2020-07-17,1,21.0
55079120300,55079110100,-87.97376432533524,42.98091406493879,-87.9710022364233,43.012448953036525,2020-07-17,1,21.0
55079120300,55079101000,-87.97376432533524,42.98091406493879,-88.05764456171738,42.99173938525954,2020-07-17,3,63.0
55079120300,55079160100,-87.97376432533524,42.98091406493879,-87.91471599062149,42.91513941042769,2020-07-17,2,42.0
55079120300,55079050101,-87.97376432533524,42.98091406493879,-87.98494662348081,43.17683059907653,2020-07-17,1,21.0
55079120300,55079090300,-87.97376432533524,42.98091406493879,-88.0515779905257,43.06739040507833,2020-07-17,1,21.0
55079120300,55079021700,-87.97376432533524,42.98091406493879,-87.91312462574102,42.94052513723052,2020-07-17,1,21.0
55079120300,55079019100,-87.97376432533524,42.98091406493879,-87.96549351619066,42.982165146288615,2020-07-17,4,84.0
55079120300,55079019200,-87.97376432533524,42.98091406493879,-87.9858350139744,42.99282711086924,2020-07-17,1,21.0
55079120300,55079120400,-87.97376432533524,42.98091406493879,-87.96548496050795,42.96670427425607,2020-07-17,11,232.0
55079120300,55079120203,-87.97376432533524,42.98091406493879,-88.00776394431053,42.95694649923871,2020-07-17,5,105.0
55079120300,55079160300,-87.97376432533524,42.98091406493879,-87.8893867076047,42.856940087232964,2020-07-17,1,21.0
55079120300,55079004800,-87.97376432533524,42.98091406493879,-87.96231596301399,43.077035360461494,2020-07-17,1,21.0
55079120300,55079005300,-87.97376432533524,42.98091406493879,-88.01242727702714,43.07892288175221,2020-07-17,1,21.0
55079120300,55079185300,-87.97376432533524,42.98091406493879,-88.04265402690729,43.049880154873065,2020-07-17,1,21.0
55079120300,55079120502,-87.97376432533524,42.98091406493879,-87.96510992081555,42.95304728304586,2020-07-17,1,21.0
55079120300,55079187400,-87.97376432533524,42.98091406493879,-87.90767949876499,43.03217517915639,2020-07-17,1,21.0
55079120300,55079130200,-87.97376432533524,42.98091406493879,-88.05891051157585,42.93732261654573,2020-07-17,1,21.0
55079120300,55079021000,-87.97376432533524,42.98091406493879,-87.89993467732904,42.962739149255064,2020-07-17,1,21.0
55079120300,55079160204,-87.97376432533524,42.98091406493879,-87.9317944903397,42.879700165258704,2020-07-17,2,42.0
55079120300,55079186800,-87.97376432533524,42.98091406493879,-87.9506670108877,43.02815858561159,2020-07-17,1,21.0
55079120300,55079187200,-87.97376432533524,42.98091406493879,-88.00769048889484,42.863813659193866,2020-07-17,1,21.0
55079120300,55079160203,-87.97376432533524,42.98091406493879,-87.91638950191752,42.89402789790319,2020-07-17,3,63.0
55079120300,55079170200,-87.97376432533524,42.98091406493879,-87.87263683893734,42.92275381108851,2020-07-17,2,42.0
55079120300,55079020100,-87.97376432533524,42.98091406493879,-87.94099671150566,42.988482506396224,2020-07-17,1,21.0
55079120300,55079160202,-87.97376432533524,42.98091406493879,-87.87217546542965,42.881379330302295,2020-07-17,1,21.0
55079120300,55079100900,-87.97376432533524,42.98091406493879,-88.05216898532913,43.00959788353506,2020-07-17,2,42.0
55079120300,55079140100,-87.97376432533524,42.98091406493879,-88.0188613886232,42.93745223479677,2020-07-17,3,63.0
55079120300,55079140201,-87.97376432533524,42.98091406493879,-87.99911426080601,42.93902100763907,2020-07-17,1,21.0
55079120300,55079017900,-87.97376432533524,42.98091406493879,-87.90503327479618,42.998772533253295,2020-07-17,1,21.0
55079120300,55079120101,-87.97376432533524,42.98091406493879,-88.04814010007517,42.95916305909443,2020-07-17,3,63.0
55079120300,55079091100,-87.97376432533524,42.98091406493879,-88.00381885772617,43.05493775558714,2020-07-17,1,21.0
55079120300,55079101400,-87.97376432533524,42.98091406493879,-88.02735540531337,43.00631524274058,2020-07-17,1,21.0
55079120300,55079003800,-87.97376432533524,42.98091406493879,-87.97215356169055,43.086187842345545,2020-07-17,1,21.0
55079120300,55079011300,-87.97376432533524,42.98091406493879,-87.90713298111844,43.04890661506502,2020-07-17,1,21.0
55079120300,55079018000,-87.97376432533524,42.98091406493879,-87.8945288084346,43.01098558683315,2020-07-17,3,63.0
55079120300,55079003400,-87.97376432533524,42.98091406493879,-88.02444287795417,43.0934576342605,2020-07-17,1,21.0
55079120300,55079005800,-87.97376432533524,42.98091406493879,-87.99994620357029,43.072303413103626,2020-07-17,1,21.0
55079120300,55079016100,-87.97376432533524,42.98091406493879,-87.95946595975387,43.016089910899275,2020-07-17,2,42.0
55079120300,55079019600,-87.97376432533524,42.98091406493879,-88.00769668957767,42.984657216409644,2020-07-17,4,84.0
55079120300,55079101800,-87.97376432533524,42.98091406493879,-88.00969812606968,42.99373426381014,2020-07-17,2,42.0
55079120300,55079150301,-87.97376432533524,42.98091406493879,-88.05345903025625,42.89781994777656,2020-07-17,4,84.0
55079120300,55079120201,-87.97376432533524,42.98091406493879,-88.01868214174351,42.96737507435749,2020-07-17,4,84.0
55079120300,55079180300,-87.97376432533524,42.98091406493879,-87.87005593266791,42.951885652862586,2020-07-17,1,21.0
55079120300,55079080200,-87.97376432533524,42.98091406493879,-87.8877423232882,43.0942616397457,2020-07-17,1,21.0
55079120300,55079019900,-87.97376432533524,42.98091406493879,-87.98235255712866,42.973172118392476,2020-07-17,7,147.0
55079120300,55079100200,-87.97376432533524,42.98091406493879,-87.99137992566246,43.01460892403096,2020-07-17,1,21.0
55079120300,55079017500,-87.97376432533524,42.98091406493879,-87.92965116916102,43.00287441605045,2020-07-17,1,21.0
55079120300,55079120202,-87.97376432533524,42.98091406493879,-87.99868084532402,42.965848843600455,2020-07-17,2,42.0
55079120300,55079003900,-87.97376432533524,42.98091406493879,-87.96215160813261,43.086172227530916,2020-07-17,1,21.0
55079120300,55079004700,-87.97376432533524,42.98091406493879,-87.94760565609727,43.08576787197636,2020-07-17,1,21.0
55079120300,55079019700,-87.97376432533524,42.98091406493879,-88.00741820523533,42.97570820507905,2020-07-17,1,21.0
55079120300,55079018300,-87.97376432533524,42.98091406493879,-87.89285805580873,42.991354183119796,2020-07-17,1,21.0
55079120300,55079100300,-87.97376432533524,42.98091406493879,-88.00316709835943,43.017354422985534,2020-07-17,1,21.0
55079120300,55079014800,-87.97376432533524,42.98091406493879,-87.9402035907502,43.042125624825495,2020-07-17,1,21.0
55079120300,55079185200,-87.97376432533524,42.98091406493879,-87.88193798921913,42.967674094622936,2020-07-17,2,42.0
55079120300,55079120300,-87.97376432533524,42.98091406493879,-87.97376432533524,42.98091406493879,2020-07-17,88,1860.0
55079130200,55079101000,-88.05891051157585,42.93732261654573,-88.05764456171738,42.99173938525954,2020-07-17,2,51.0
55079130200,55079160100,-88.05891051157585,42.93732261654573,-87.91471599062149,42.91513941042769,2020-07-17,1,25.0
55079130200,55079186300,-88.05891051157585,42.93732261654573,-87.91799927397663,43.040616743150025,2020-07-17,1,25.0
55079130200,55079021700,-88.05891051157585,42.93732261654573,-87.91312462574102,42.94052513723052,2020-07-17,2,51.0
55079130200,55079120400,-88.05891051157585,42.93732261654573,-87.96548496050795,42.96670427425607,2020-07-17,1,25.0
55079130200,55079120203,-88.05891051157585,42.93732261654573,-88.00776394431053,42.95694649923871,2020-07-17,3,77.0
55079130200,55079187300,-88.05891051157585,42.93732261654573,-87.9656302556773,42.887159701718595,2020-07-17,1,25.0
55079130200,55079019400,-88.05891051157585,42.93732261654573,-88.02755647500341,42.984577749923744,2020-07-17,1,25.0
55079130200,55079021400,-88.05891051157585,42.93732261654573,-87.93891709359613,42.96295890378409,2020-07-17,1,25.0
55079130200,55079185300,-88.05891051157585,42.93732261654573,-88.04265402690729,43.049880154873065,2020-07-17,1,25.0
55079130200,55079120502,-88.05891051157585,42.93732261654573,-87.96510992081555,42.95304728304586,2020-07-17,1,25.0
55079130200,55079187400,-88.05891051157585,42.93732261654573,-87.90767949876499,43.03217517915639,2020-07-17,1,25.0
55079130200,55079150304,-88.05891051157585,42.93732261654573,-88.02760163837803,42.91519132559998,2020-07-17,1,25.0
55079130200,55079130200,-88.05891051157585,42.93732261654573,-88.05891051157585,42.93732261654573,2020-07-17,96,2487.0
55079130200,55079091200,-88.05891051157585,42.93732261654573,-88.00388284004167,43.0467075980639,2020-07-17,1,25.0
55079130200,55079100900,-88.05891051157585,42.93732261654573,-88.05216898532913,43.00959788353506,2020-07-17,2,51.0
55079130200,55079140202,-88.05891051157585,42.93732261654573,-87.981557716435,42.93443757238657,2020-07-17,1,25.0
55079130200,55079120101,-88.05891051157585,42.93732261654573,-88.04814010007517,42.95916305909443,2020-07-17,8,207.0
55079130200,55079091100,-88.05891051157585,42.93732261654573,-88.00381885772617,43.05493775558714,2020-07-17,1,25.0
55079130200,55079101400,-88.05891051157585,42.93732261654573,-88.02735540531337,43.00631524274058,2020-07-17,2,51.0
55079130200,55079014400,-88.05891051157585,42.93732261654573,-87.90784049253895,43.042413401572134,2020-07-17,2,51.0
55079130200,55079100400,-88.05891051157585,42.93732261654573,-88.01166560297426,43.0170103539625,2020-07-17,2,51.0
55079130200,55079120102,-88.05891051157585,42.93732261654573,-88.04966546230908,42.97409794368699,2020-07-17,4,103.0
55079130200,55079130100,-88.05891051157585,42.93732261654573,-88.04407902007586,42.942752065148895,2020-07-17,19,492.0
55079130200,55079150301,-88.05891051157585,42.93732261654573,-88.05345903025625,42.89781994777656,2020-07-17,7,181.0
55079130200,55079100800,-88.05891051157585,42.93732261654573,-88.05710943935104,43.023654444193184,2020-07-17,1,25.0
55079130200,55079019500,-88.05891051157585,42.93732261654573,-88.02769031152603,42.97732706705707,2020-07-17,1,25.0
55079130200,55079007300,-88.05891051157585,42.93732261654573,-87.88807891595606,43.0779148594549,2020-07-17,1,25.0
55079130200,55079100200,-88.05891051157585,42.93732261654573,-87.99137992566246,43.01460892403096,2020-07-17,3,77.0
55079130200,55079020300,-88.05891051157585,42.93732261654573,-87.92658964497383,42.979242665655576,2020-07-17,1,25.0
55079130200,55079150303,-88.05891051157585,42.93732261654573,-88.02312771344377,42.88960646488504,2020-07-17,2,51.0
55079130200,55079101200,-88.05891051157585,42.93732261654573,-88.02772831407549,42.99180235090393,2020-07-17,1,25.0
55079120501,55079020000,-87.96680035551529,42.94072396992586,-87.95273620994368,42.98405311376188,2020-07-17,5,96.0
55079120501,55079004300,-87.96680035551529,42.94072396992586,-87.93220867621264,43.094799127568905,2020-07-17,2,38.0
55079120501,55079004400,-87.96680035551529,42.94072396992586,-87.90608569163814,43.089298213737145,2020-07-17,1,19.0
55079120501,55079015700,-87.96680035551529,42.94072396992586,-87.92777138656925,43.021663598322064,2020-07-17,1,19.0
55079120501,55079019000,-87.96680035551529,42.94072396992586,-87.967877289968,42.995496154489715,2020-07-17,1,19.0
55079120501,55079000202,-87.96680035551529,42.94072396992586,-88.04132965001602,43.160382512849615,2020-07-17,1,19.0
55079120501,55079110100,-87.96680035551529,42.94072396992586,-87.9710022364233,43.012448953036525,2020-07-17,4,76.0
55079120501,55079101000,-87.96680035551529,42.94072396992586,-88.05764456171738,42.99173938525954,2020-07-17,4,76.0
55079120501,55079018100,-87.96680035551529,42.94072396992586,-87.88469234682039,42.998709042311724,2020-07-17,1,19.0
55079120501,55079160100,-87.96680035551529,42.94072396992586,-87.91471599062149,42.91513941042769,2020-07-17,19,364.0
55079120501,55079101600,-87.96680035551529,42.94072396992586,-87.98881839806968,43.003113634057684,2020-07-17,1,19.0
55079120501,55079186300,-87.96680035551529,42.94072396992586,-87.91799927397663,43.040616743150025,2020-07-17,2,38.0
55079120501,55079021700,-87.96680035551529,42.94072396992586,-87.91312462574102,42.94052513723052,2020-07-17,4,76.0
55079120501,55079120501,-87.96680035551529,42.94072396992586,-87.96680035551529,42.94072396992586,2020-07-17,190,3649.0
55079120501,55079019200,-87.96680035551529,42.94072396992586,-87.9858350139744,42.99282711086924,2020-07-17,3,57.0
55079120501,55079090200,-87.96680035551529,42.94072396992586,-88.05200796218348,43.081902180003375,2020-07-17,1,19.0
55079120501,55079120400,-87.96680035551529,42.94072396992586,-87.96548496050795,42.96670427425607,2020-07-17,5,96.0
55079120501,55079120203,-87.96680035551529,42.94072396992586,-88.00776394431053,42.95694649923871,2020-07-17,17,326.0
55079120501,55079018400,-87.96680035551529,42.94072396992586,-87.90417459790928,42.9917062933768,2020-07-17,4,76.0
55079120501,55079160300,-87.96680035551529,42.94072396992586,-87.8893867076047,42.856940087232964,2020-07-17,2,38.0
55079120501,55079000501,-87.96680035551529,42.94072396992586,-88.04340002069712,43.115390222488664,2020-07-17,1,19.0
55079120501,55079060101,-87.96680035551529,42.94072396992586,-87.92535691568614,43.13950788268824,2020-07-17,1,19.0
55079120501,55079185500,-87.96680035551529,42.94072396992586,-87.92624880733425,43.0601763240656,2020-07-17,1,19.0
55079120501,55079000302,-87.96680035551529,42.94072396992586,-88.04649688617519,43.13922972061493,2020-07-17,2,38.0
55079120501,55079090600,-87.96680035551529,42.94072396992586,-88.05435154566402,43.03795832032663,2020-07-17,2,38.0
55079120501,55079185300,-87.96680035551529,42.94072396992586,-88.04265402690729,43.049880154873065,2020-07-17,2,38.0
55079120501,55079120502,-87.96680035551529,42.94072396992586,-87.96510992081555,42.95304728304586,2020-07-17,12,230.0
55079120501,55079020800,-87.96680035551529,42.94072396992586,-87.87636299879055,42.985307292991365,2020-07-17,1,19.0
55079120501,55079187400,-87.96680035551529,42.94072396992586,-87.90767949876499,43.03217517915639,2020-07-17,2,38.0
55079120501,55079150304,-87.96680035551529,42.94072396992586,-88.02760163837803,42.91519132559998,2020-07-17,3,57.0
55079120501,55079160204,-87.96680035551529,42.94072396992586,-87.9317944903397,42.879700165258704,2020-07-17,4,76.0
55079120501,55079186800,-87.96680035551529,42.94072396992586,-87.9506670108877,43.02815858561159,2020-07-17,4,76.0
55079120501,55079160203,-87.96680035551529,42.94072396992586,-87.91638950191752,42.89402789790319,2020-07-17,7,134.0
55079120501,55079091200,-87.96680035551529,42.94072396992586,-88.00388284004167,43.0467075980639,2020-07-17,1,19.0
55079120501,55079020100,-87.96680035551529,42.94072396992586,-87.94099671150566,42.988482506396224,2020-07-17,3,57.0
55079120501,55079160202,-87.96680035551529,42.94072396992586,-87.87217546542965,42.881379330302295,2020-07-17,3,57.0
55079120501,55079100900,-87.96680035551529,42.94072396992586,-88.05216898532913,43.00959788353506,2020-07-17,1,19.0
55079120501,55079101100,-87.96680035551529,42.94072396992586,-88.04276904850849,42.99420752845147,2020-07-17,1,19.0
55079120501,55079140100,-87.96680035551529,42.94072396992586,-88.0188613886232,42.93745223479677,2020-07-17,4,76.0
55079120501,55079140201,-87.96680035551529,42.94072396992586,-87.99911426080601,42.93902100763907,2020-07-17,8,153.0
55079120501,55079140202,-87.96680035551529,42.94072396992586,-87.981557716435,42.93443757238657,2020-07-17,5,96.0
55079120501,55079180100,-87.96680035551529,42.94072396992586,-87.84722355247969,42.95102171952154,2020-07-17,1,19.0
55079120501,55079007500,-87.96680035551529,42.94072396992586,-87.87772470520909,43.071061371506396,2020-07-17,1,19.0
55079120501,55079016800,-87.96680035551529,42.94072396992586,-87.92935001478907,43.01036042537408,2020-07-17,2,38.0
55079120501,55079120101,-87.96680035551529,42.94072396992586,-88.04814010007517,42.95916305909443,2020-07-17,2,38.0
55079120501,55079007700,-87.96680035551529,42.94072396992586,-87.88849935823362,43.06389053422122,2020-07-17,1,19.0
55079120501,55079003600,-87.96680035551529,42.94072396992586,-87.98321131530031,43.092736225323044,2020-07-17,1,19.0
55079120501,55079014400,-87.96680035551529,42.94072396992586,-87.90784049253895,43.042413401572134,2020-07-17,1,19.0
55079120501,55079100400,-87.96680035551529,42.94072396992586,-88.01166560297426,43.0170103539625,2020-07-17,2,38.0
55079120501,55079070200,-87.96680035551529,42.94072396992586,-87.8919112738197,43.1133970416122,2020-07-17,1,19.0
55079120501,55079150100,-87.96680035551529,42.94072396992586,-87.97759713310646,42.91424119290261,2020-07-17,18,345.0
55079120501,55079021600,-87.96680035551529,42.94072396992586,-87.92488475274558,42.952251222261935,2020-07-17,5,96.0
55079120501,55079021300,-87.96680035551529,42.94072396992586,-87.93877469638159,42.970224160413096,2020-07-17,2,38.0
55079120501,55079187000,-87.96680035551529,42.94072396992586,-87.88728455831759,43.05530607398437,2020-07-17,1,19.0
55079120501,55079130100,-87.96680035551529,42.94072396992586,-88.04407902007586,42.942752065148895,2020-07-17,2,38.0
55079120501,55079014100,-87.96680035551529,42.94072396992586,-87.92097269793881,43.04863570292668,2020-07-17,3,57.0
55079120501,55079019600,-87.96680035551529,42.94072396992586,-88.00769668957767,42.984657216409644,2020-07-17,2,38.0
55079120501,55079150301,-87.96680035551529,42.94072396992586,-88.05345903025625,42.89781994777656,2020-07-17,6,115.0
55079120501,55079180300,-87.96680035551529,42.94072396992586,-87.87005593266791,42.951885652862586,2020-07-17,1,19.0
55079120501,55079019500,-87.96680035551529,42.94072396992586,-88.02769031152603,42.97732706705707,2020-07-17,1,19.0
55079120501,55079020700,-87.96680035551529,42.94072396992586,-87.89282968229121,42.980391637955094,2020-07-17,1,19.0
55079120501,55079016300,-87.96680035551529,42.94072396992586,-87.93764055272034,43.01572710315665,2020-07-17,2,38.0
55079120501,55079019900,-87.96680035551529,42.94072396992586,-87.98235255712866,42.973172118392476,2020-07-17,3,57.0
55079120501,55079101700,-87.96680035551529,42.94072396992586,-88.00697190300957,43.00173437379505,2020-07-17,1,19.0
55079120501,55079100200,-87.96680035551529,42.94072396992586,-87.99137992566246,43.01460892403096,2020-07-17,5,96.0
55079120501,55079007600,-87.96680035551529,42.94072396992586,-87.87859580944733,43.06399812725538,2020-07-17,1,19.0
55079120501,55079001300,-87.96680035551529,42.94072396992586,-87.99843350448002,43.126783535933505,2020-07-17,1,19.0
55079120501,55079186600,-87.96680035551529,42.94072396992586,-87.91355022125023,43.001384465822476,2020-07-17,2,38.0
55079120501,55079120202,-87.96680035551529,42.94072396992586,-87.99868084532402,42.965848843600455,2020-07-17,3,57.0
55079120501,55079000201,-87.96680035551529,42.94072396992586,-88.0472441211064,43.1799495757708,2020-07-17,1,19.0
55079120501,55079007800,-87.96680035551529,42.94072396992586,-87.88801504624632,43.07075279367613,2020-07-17,1,19.0
55079120501,55079021500,-87.96680035551529,42.94072396992586,-87.94398245259515,42.952098604888974,2020-07-17,4,76.0
55079120501,55079020200,-87.96680035551529,42.94072396992586,-87.94112496275925,42.977527635995024,2020-07-17,1,19.0
55079120501,55079012700,-87.96680035551529,42.94072396992586,-88.0122777504643,43.029662330242175,2020-07-17,1,19.0
55079120501,55079150303,-87.96680035551529,42.94072396992586,-88.02312771344377,42.88960646488504,2020-07-17,4,76.0
55079120501,55079019700,-87.96680035551529,42.94072396992586,-88.00741820523533,42.97570820507905,2020-07-17,1,19.0
55079120501,55079019800,-87.96680035551529,42.94072396992586,-87.98973307517815,42.982078809345225,2020-07-17,1,19.0
55079120501,55079016400,-87.96680035551529,42.94072396992586,-87.92777599229481,43.01665943799343,2020-07-17,3,57.0
55079120501,55079001900,-87.96680035551529,42.94072396992586,-87.98367415791445,43.115686316787006,2020-07-17,1,19.0
55079120501,55079016500,-87.96680035551529,42.94072396992586,-87.91153110922029,43.01579142211555,2020-07-17,1,19.0
55079120501,55079019300,-87.96680035551529,42.94072396992586,-87.99612754588766,42.99498021323571,2020-07-17,1,19.0
55079120501,55079101300,-87.96680035551529,42.94072396992586,-88.02770018483265,42.99907770295741,2020-07-17,3,57.0
55079120501,55079100300,-87.96680035551529,42.94072396992586,-88.00316709835943,43.017354422985534,2020-07-17,2,38.0
55079120501,55079021800,-87.96680035551529,42.94072396992586,-87.95694377227925,42.94079756603018,2020-07-17,6,115.0
55079120501,55079185200,-87.96680035551529,42.94072396992586,-87.88193798921913,42.967674094622936,2020-07-17,1,19.0
55079120501,55079060102,-87.96680035551529,42.94072396992586,-87.93974960524739,43.148654535590595,2020-07-17,1,19.0
55079120501,55079170300,-87.96680035551529,42.94072396992586,-87.87538996197884,42.9095536521384,2020-07-17,2,38.0
55079120501,55079017000,-87.96680035551529,42.94072396992586,-87.9475259715867,43.01041841584858,2020-07-17,1,19.0
55079090700,55079060200,-88.02545440842808,43.059193901469925,-87.9245165328896,43.11556508690733,2020-07-17,1,24.0
55079090700,55079091300,-88.02545440842808,43.059193901469925,-88.0097444924032,43.037871666045895,2020-07-17,4,97.0
55079090700,55079011200,-88.02545440842808,43.059193901469925,-87.89756439120579,43.055476240018415,2020-07-17,1,24.0
55079090700,55079101000,-88.02545440842808,43.059193901469925,-88.05764456171738,42.99173938525954,2020-07-17,1,24.0
55079090700,55079090300,-88.02545440842808,43.059193901469925,-88.0515779905257,43.06739040507833,2020-07-17,9,220.0
55079090700,55079120501,-88.02545440842808,43.059193901469925,-87.96680035551529,42.94072396992586,2020-07-17,1,24.0
55079090700,55079090200,-88.02545440842808,43.059193901469925,-88.05200796218348,43.081902180003375,2020-07-17,9,220.0
55079090700,55079090900,-88.02545440842808,43.059193901469925,-88.00270912368009,43.06124682618238,2020-07-17,2,48.0
55079090700,55079090600,-88.02545440842808,43.059193901469925,-88.05435154566402,43.03795832032663,2020-07-17,5,122.0
55079090700,55079185300,-88.02545440842808,43.059193901469925,-88.04265402690729,43.049880154873065,2020-07-17,15,366.0
55079090700,55079120502,-88.02545440842808,43.059193901469925,-87.96510992081555,42.95304728304586,2020-07-17,1,24.0
55079090700,55079187400,-88.02545440842808,43.059193901469925,-87.90767949876499,43.03217517915639,2020-07-17,2,48.0
55079090700,55079012500,-88.02545440842808,43.059193901469925,-87.97654888060033,43.037091021714275,2020-07-17,1,24.0
55079090700,55079005400,-88.02545440842808,43.059193901469925,-88.02259608100492,43.0824437803151,2020-07-17,1,24.0
55079090700,55079000400,-88.02545440842808,43.059193901469925,-88.05554472050937,43.110954423820296,2020-07-17,2,48.0
55079090700,55079091200,-88.02545440842808,43.059193901469925,-88.00388284004167,43.0467075980639,2020-07-17,10,244.0
55079090700,55079100500,-88.02545440842808,43.059193901469925,-88.02674691869541,43.01326660162138,2020-07-17,1,24.0
55079090700,55079005000,-88.02545440842808,43.059193901469925,-87.98327608357046,43.07665137069942,2020-07-17,1,24.0
55079090700,55079100900,-88.02545440842808,43.059193901469925,-88.05216898532913,43.00959788353506,2020-07-17,2,48.0
55079090700,55079101100,-88.02545440842808,43.059193901469925,-88.04276904850849,42.99420752845147,2020-07-17,1,24.0
55079090700,55079091400,-88.02545440842808,43.059193901469925,-87.99383660813824,43.04031315098078,2020-07-17,1,24.0
55079090700,55079120101,-88.02545440842808,43.059193901469925,-88.04814010007517,42.95916305909443,2020-07-17,1,24.0
55079090700,55079070100,-88.02545440842808,43.059193901469925,-87.9076583493148,43.12063010988105,2020-07-17,1,24.0
55079090700,55079091100,-88.02545440842808,43.059193901469925,-88.00381885772617,43.05493775558714,2020-07-17,3,73.0
55079090700,55079014400,-88.02545440842808,43.059193901469925,-87.90784049253895,43.042413401572134,2020-07-17,2,48.0
55079090700,55079005500,-88.02545440842808,43.059193901469925,-88.03284541742188,43.08237006688624,2020-07-17,2,48.0
55079090700,55079009400,-88.02545440842808,43.059193901469925,-87.98309572088205,43.053347935581954,2020-07-17,1,24.0
55079090700,55079050102,-88.02545440842808,43.059193901469925,-87.96743569232115,43.172443064752215,2020-07-17,2,48.0
55079090700,55079080200,-88.02545440842808,43.059193901469925,-87.8877423232882,43.0942616397457,2020-07-17,1,24.0
55079090700,55079005700,-88.02545440842808,43.059193901469925,-88.01309831915184,43.07138814037072,2020-07-17,1,24.0
55079090700,55079000201,-88.02545440842808,43.059193901469925,-88.0472441211064,43.1799495757708,2020-07-17,1,24.0
55079090700,55079012700,-88.02545440842808,43.059193901469925,-88.0122777504643,43.029662330242175,2020-07-17,1,24.0
55079090700,55079186400,-88.02545440842808,43.059193901469925,-87.93038892981184,43.03695266796131,2020-07-17,3,73.0
55079090700,55079014300,-88.02545440842808,43.059193901469925,-87.90101539256612,43.042731429373134,2020-07-17,1,24.0
55079090700,55079090700,-88.02545440842808,43.059193901469925,-88.02545440842808,43.059193901469925,2020-07-17,115,2813.0
55079090700,55079013400,-88.02545440842808,43.059193901469925,-87.95356038604784,43.03496530197635,2020-07-17,1,24.0
55079090700,55079091000,-88.02545440842808,43.059193901469925,-87.99705672432205,43.06433297165757,2020-07-17,4,97.0
55079090700,55079009300,-88.02545440842808,43.059193901469925,-87.98314520393755,43.060746025032145,2020-07-17,1,24.0
55079090700,55079009900,-88.02545440842808,43.059193901469925,-87.94630275235495,43.060274421469344,2020-07-17,1,24.0
55079090700,55079090800,-88.02545440842808,43.059193901469925,-88.01754834659646,43.063072316879136,2020-07-17,6,146.0
55079018200,55079020000,-87.87369831321716,42.99249911585218,-87.95273620994368,42.98405311376188,2020-07-17,1,29.0
55079018200,55079021200,-87.87369831321716,42.99249911585218,-87.92101040508955,42.965284697357816,2020-07-17,4,117.0
55079018200,55079018100,-87.87369831321716,42.99249911585218,-87.88469234682039,42.998709042311724,2020-07-17,7,205.0
55079018200,55079186300,-87.87369831321716,42.99249911585218,-87.91799927397663,43.040616743150025,2020-07-17,1,29.0
55079018200,55079021700,-87.87369831321716,42.99249911585218,-87.91312462574102,42.94052513723052,2020-07-17,1,29.0
55079018200,55079090200,-87.87369831321716,42.99249911585218,-88.05200796218348,43.081902180003375,2020-07-17,1,29.0
55079018200,55079018400,-87.87369831321716,42.99249911585218,-87.90417459790928,42.9917062933768,2020-07-17,1,29.0
55079018200,55079017300,-87.87369831321716,42.99249911585218,-87.94877202549131,43.0036525046766,2020-07-17,1,29.0
55079018200,55079020800,-87.87369831321716,42.99249911585218,-87.87636299879055,42.985307292991365,2020-07-17,2,58.0
55079018200,55079187400,-87.87369831321716,42.99249911585218,-87.90767949876499,43.03217517915639,2020-07-17,1,29.0
55079018200,55079180500,-87.87369831321716,42.99249911585218,-87.87471526249948,42.93725893299447,2020-07-17,3,87.0
55079018200,55079000800,-87.87369831321716,42.99249911585218,-87.97372753660457,43.14064967469203,2020-07-17,1,29.0
55079018200,55079080100,-87.87369831321716,42.99249911585218,-87.89773689723896,43.0955518884228,2020-07-17,2,58.0
55079018200,55079160203,-87.87369831321716,42.99249911585218,-87.91638950191752,42.89402789790319,2020-07-17,1,29.0
55079018200,55079017900,-87.87369831321716,42.99249911585218,-87.90503327479618,42.998772533253295,2020-07-17,3,87.0
55079018200,55079186500,-87.87369831321716,42.99249911585218,-87.9130303085029,43.02319729476483,2020-07-17,2,58.0
55079018200,55079070100,-87.87369831321716,42.99249911585218,-87.9076583493148,43.12063010988105,2020-07-17,2,58.0
55079018200,55079007700,-87.87369831321716,42.99249911585218,-87.88849935823362,43.06389053422122,2020-07-17,1,29.0
55079018200,55079011300,-87.87369831321716,42.99249911585218,-87.90713298111844,43.04890661506502,2020-07-17,1,29.0
55079018200,55079018000,-87.87369831321716,42.99249911585218,-87.8945288084346,43.01098558683315,2020-07-17,6,175.0
55079018200,55079016600,-87.87369831321716,42.99249911585218,-87.9139279223807,43.010028166006215,2020-07-17,1,29.0
55079018200,55079150301,-87.87369831321716,42.99249911585218,-88.05345903025625,42.89781994777656,2020-07-17,1,29.0
55079018200,55079050102,-87.87369831321716,42.99249911585218,-87.96743569232115,43.172443064752215,2020-07-17,2,58.0
55079018200,55079180300,-87.87369831321716,42.99249911585218,-87.87005593266791,42.951885652862586,2020-07-17,1,29.0
55079018200,55079185100,-87.87369831321716,42.99249911585218,-87.86132764015301,42.9760744263621,2020-07-17,1,29.0
55079018200,55079080200,-87.87369831321716,42.99249911585218,-87.8877423232882,43.0942616397457,2020-07-17,1,29.0
55079018200,55079016700,-87.87369831321716,42.99249911585218,-87.92209519609614,43.010301162214034,2020-07-17,2,58.0
55079018200,55079018200,-87.87369831321716,42.99249911585218,-87.87369831321716,42.99249911585218,2020-07-17,47,1377.0
55079018200,55079018500,-87.87369831321716,42.99249911585218,-87.91439743752404,42.98441904059949,2020-07-17,3,87.0
55079018200,55079020200,-87.87369831321716,42.99249911585218,-87.94112496275925,42.977527635995024,2020-07-17,1,29.0
55079018200,55079013700,-87.87369831321716,42.99249911585218,-87.94529508707278,43.04229912697773,2020-07-17,1,29.0
55079018200,55079001900,-87.87369831321716,42.99249911585218,-87.98367415791445,43.115686316787006,2020-07-17,1,29.0
55079018200,55079018300,-87.87369831321716,42.99249911585218,-87.89285805580873,42.991354183119796,2020-07-17,4,117.0
55079018200,55079185200,-87.87369831321716,42.99249911585218,-87.88193798921913,42.967674094622936,2020-07-17,2,58.0
55079018200,55079021100,-87.87369831321716,42.99249911585218,-87.91444199314573,42.970152010378044,2020-07-17,1,29.0
55079035200,55079060200,-87.9070718018067,43.16012040860922,-87.9245165328896,43.11556508690733,2020-07-17,12,148.0
55079035200,55079000101,-87.9070718018067,43.16012040860922,-88.00922083481396,43.18510784936368,2020-07-17,3,37.0
55079035200,55079000202,-87.9070718018067,43.16012040860922,-88.04132965001602,43.160382512849615,2020-07-17,3,37.0
55079035200,55079002300,-87.9070718018067,43.16012040860922,-87.93621856893152,43.105985427841645,2020-07-17,1,12.0
55079035200,55079110100,-87.9070718018067,43.16012040860922,-87.9710022364233,43.012448953036525,2020-07-17,2,24.0
55079035200,55079101000,-87.9070718018067,43.16012040860922,-88.05764456171738,42.99173938525954,2020-07-17,1,12.0
55079035200,55079050101,-87.9070718018067,43.16012040860922,-87.98494662348081,43.17683059907653,2020-07-17,6,74.0
55079035200,55079186300,-87.9070718018067,43.16012040860922,-87.91799927397663,43.040616743150025,2020-07-17,1,12.0
55079035200,55079000501,-87.9070718018067,43.16012040860922,-88.04340002069712,43.115390222488664,2020-07-17,1,12.0
55079035200,55079001200,-87.9070718018067,43.16012040860922,-87.98620080987179,43.12617611256525,2020-07-17,1,12.0
55079035200,55079060101,-87.9070718018067,43.16012040860922,-87.92535691568614,43.13950788268824,2020-07-17,7,86.0
55079035200,55079090600,-87.9070718018067,43.16012040860922,-88.05435154566402,43.03795832032663,2020-07-17,1,12.0
55079035200,55079080300,-87.9070718018067,43.16012040860922,-87.87475616434764,43.089996653126924,2020-07-17,1,12.0
55079035200,55079185300,-87.9070718018067,43.16012040860922,-88.04265402690729,43.049880154873065,2020-07-17,1,12.0
55079035200,55079014700,-87.9070718018067,43.16012040860922,-87.93551340137516,43.042200823908786,2020-07-17,1,12.0
55079035200,55079187400,-87.9070718018067,43.16012040860922,-87.90767949876499,43.03217517915639,2020-07-17,2,24.0
55079035200,55079005400,-87.9070718018067,43.16012040860922,-88.02259608100492,43.0824437803151,2020-07-17,1,12.0
55079035200,55079186800,-87.9070718018067,43.16012040860922,-87.9506670108877,43.02815858561159,2020-07-17,1,12.0
55079035200,55079187200,-87.9070718018067,43.16012040860922,-88.00769048889484,42.863813659193866,2020-07-17,1,12.0
55079035200,55079091200,-87.9070718018067,43.16012040860922,-88.00388284004167,43.0467075980639,2020-07-17,3,37.0
55079035200,55079180400,-87.9070718018067,43.16012040860922,-87.85633588550823,42.93709205888796,2020-07-17,1,12.0
55079035200,55079186500,-87.9070718018067,43.16012040860922,-87.9130303085029,43.02319729476483,2020-07-17,1,12.0
55079035200,55079016800,-87.9070718018067,43.16012040860922,-87.92935001478907,43.01036042537408,2020-07-17,1,12.0
55079035200,55079120101,-87.9070718018067,43.16012040860922,-88.04814010007517,42.95916305909443,2020-07-17,1,12.0
55079035200,55079008500,-87.9070718018067,43.16012040860922,-87.9298714910033,43.06776123229879,2020-07-17,1,12.0
55079035200,55079070100,-87.9070718018067,43.16012040860922,-87.9076583493148,43.12063010988105,2020-07-17,5,61.0
55079035200,55079030100,-87.9070718018067,43.16012040860922,-87.89837270942148,43.1819862198906,2020-07-17,18,222.0
55079035200,55079040100,-87.9070718018067,43.16012040860922,-87.93527423095499,43.17163768621121,2020-07-17,3,37.0
55079035200,55079035100,-87.9070718018067,43.16012040860922,-87.89285549776399,43.15380150659221,2020-07-17,1,12.0
55079035200,55079014400,-87.9070718018067,43.16012040860922,-87.90784049253895,43.042413401572134,2020-07-17,5,61.0
55079035200,55079070200,-87.9070718018067,43.16012040860922,-87.8919112738197,43.1133970416122,2020-07-17,5,61.0
55079035200,55079150100,-87.9070718018067,43.16012040860922,-87.97759713310646,42.91424119290261,2020-07-17,1,12.0
55079035200,55079003400,-87.9070718018067,43.16012040860922,-88.02444287795417,43.0934576342605,2020-07-17,1,12.0
55079035200,55079035200,-87.9070718018067,43.16012040860922,-87.9070718018067,43.16012040860922,2020-07-17,271,3357.0
55079035200,55079014100,-87.9070718018067,43.16012040860922,-87.92097269793881,43.04863570292668,2020-07-17,1,12.0
55079035200,55079150301,-87.9070718018067,43.16012040860922,-88.05345903025625,42.89781994777656,2020-07-17,1,12.0
55079035200,55079100800,-87.9070718018067,43.16012040860922,-88.05710943935104,43.023654444193184,2020-07-17,1,12.0
55079035200,55079050102,-87.9070718018067,43.16012040860922,-87.96743569232115,43.172443064752215,2020-07-17,8,99.0
55079035200,55079000700,-87.9070718018067,43.16012040860922,-87.99009583376943,43.15588909293765,2020-07-17,15,185.0
55079035200,55079003100,-87.9070718018067,43.16012040860922,-87.98607018194353,43.10091760946077,2020-07-17,1,12.0
55079035200,55079007600,-87.9070718018067,43.16012040860922,-87.87859580944733,43.06399812725538,2020-07-17,1,12.0
55079035200,55079000900,-87.9070718018067,43.16012040860922,-87.95566887882444,43.14970170326806,2020-07-17,1,12.0
55079035200,55079186600,-87.9070718018067,43.16012040860922,-87.91355022125023,43.001384465822476,2020-07-17,1,12.0
55079035200,55079080400,-87.9070718018067,43.16012040860922,-87.88848724040903,43.08594082590386,2020-07-17,1,12.0
55079035200,55079018500,-87.9070718018067,43.16012040860922,-87.91439743752404,42.98441904059949,2020-07-17,1,12.0
55079035200,55079001900,-87.9070718018067,43.16012040860922,-87.98367415791445,43.115686316787006,2020-07-17,1,12.0
55079035200,55079003700,-87.9070718018067,43.16012040860922,-87.98336380852676,43.08546039091554,2020-07-17,2,24.0
55079035200,55079016500,-87.9070718018067,43.16012040860922,-87.91153110922029,43.01579142211555,2020-07-17,1,12.0
55079035200,55079186900,-87.9070718018067,43.16012040860922,-87.88804149673794,43.05226526687869,2020-07-17,1,12.0
55079035200,55079060102,-87.9070718018067,43.16012040860922,-87.93974960524739,43.148654535590595,2020-07-17,6,74.0
55079035200,55079006400,-87.9070718018067,43.16012040860922,-87.94234792087695,43.07421796319209,2020-07-17,1,12.0
55079035200,55079016900,-87.9070718018067,43.16012040860922,-87.93770785693083,43.00951913559766,2020-07-17,1,12.0
55079035200,55079006100,-87.9070718018067,43.16012040860922,-87.96847508739953,43.06791249267312,2020-07-17,1,12.0
55079035200,55079000303,-87.9070718018067,43.16012040860922,-88.04588241201564,43.12968529312476,2020-07-17,1,12.0
55079035200,55079001000,-87.9070718018067,43.16012040860922,-87.95348314468296,43.12464896388482,2020-07-17,11,136.0
55079035200,55079002200,-87.9070718018067,43.16012040860922,-87.9335870089048,43.11469059411332,2020-07-17,1,12.0
55079035200,55079090800,-87.9070718018067,43.16012040860922,-88.01754834659646,43.063072316879136,2020-07-17,1,12.0
55079000400,55079002100,-88.05554472050937,43.110954423820296,-87.95315716160212,43.115529640428136,2020-07-17,2,49.0
55079000400,55079012800,-88.05554472050937,43.110954423820296,-88.03145321223326,43.03059221584991,2020-07-17,2,49.0
55079000400,55079000101,-88.05554472050937,43.110954423820296,-88.00922083481396,43.18510784936368,2020-07-17,1,24.0
55079000400,55079000102,-88.05554472050937,43.110954423820296,-88.01167859828367,43.164645145767146,2020-07-17,1,24.0
55079000400,55079000202,-88.05554472050937,43.110954423820296,-88.04132965001602,43.160382512849615,2020-07-17,1,24.0
55079000400,55079002300,-88.05554472050937,43.110954423820296,-87.93621856893152,43.105985427841645,2020-07-17,1,24.0
55079000400,55079110100,-88.05554472050937,43.110954423820296,-87.9710022364233,43.012448953036525,2020-07-17,1,24.0
55079000400,55079000600,-88.05554472050937,43.110954423820296,-88.00190569680801,43.14010292722225,2020-07-17,1,24.0
55079000400,55079090300,-88.05554472050937,43.110954423820296,-88.0515779905257,43.06739040507833,2020-07-17,9,221.0
55079000400,55079101600,-88.05554472050937,43.110954423820296,-87.98881839806968,43.003113634057684,2020-07-17,1,24.0
55079000400,55079186300,-88.05554472050937,43.110954423820296,-87.91799927397663,43.040616743150025,2020-07-17,2,49.0
55079000400,55079090200,-88.05554472050937,43.110954423820296,-88.05200796218348,43.081902180003375,2020-07-17,4,98.0
55079000400,55079090900,-88.05554472050937,43.110954423820296,-88.00270912368009,43.06124682618238,2020-07-17,1,24.0
55079000400,55079000501,-88.05554472050937,43.110954423820296,-88.04340002069712,43.115390222488664,2020-07-17,7,172.0
55079000400,55079001200,-88.05554472050937,43.110954423820296,-87.98620080987179,43.12617611256525,2020-07-17,1,24.0
55079000400,55079003200,-88.05554472050937,43.110954423820296,-88.00111189801154,43.10115852758208,2020-07-17,1,24.0
55079000400,55079005300,-88.05554472050937,43.110954423820296,-88.01242727702714,43.07892288175221,2020-07-17,1,24.0
55079000400,55079060101,-88.05554472050937,43.110954423820296,-87.92535691568614,43.13950788268824,2020-07-17,1,24.0
55079000400,55079000302,-88.05554472050937,43.110954423820296,-88.04649688617519,43.13922972061493,2020-07-17,1,24.0
55079000400,55079185300,-88.05554472050937,43.110954423820296,-88.04265402690729,43.049880154873065,2020-07-17,2,49.0
55079000400,55079187400,-88.05554472050937,43.110954423820296,-87.90767949876499,43.03217517915639,2020-07-17,1,24.0
55079000400,55079150304,-88.05554472050937,43.110954423820296,-88.02760163837803,42.91519132559998,2020-07-17,1,24.0
55079000400,55079000400,-88.05554472050937,43.110954423820296,-88.05554472050937,43.110954423820296,2020-07-17,96,2366.0
55079000400,55079160204,-88.05554472050937,43.110954423820296,-87.9317944903397,42.879700165258704,2020-07-17,1,24.0
55079000400,55079186800,-88.05554472050937,43.110954423820296,-87.9506670108877,43.02815858561159,2020-07-17,2,49.0
55079000400,55079005000,-88.05554472050937,43.110954423820296,-87.98327608357046,43.07665137069942,2020-07-17,1,24.0
55079000400,55079001400,-88.05554472050937,43.110954423820296,-88.01656972395298,43.130900969315825,2020-07-17,1,24.0
55079000400,55079100900,-88.05554472050937,43.110954423820296,-88.05216898532913,43.00959788353506,2020-07-17,1,24.0
55079000400,55079007000,-88.05554472050937,43.110954423820296,-87.91122456687498,43.07424564740019,2020-07-17,1,24.0
55079000400,55079101100,-88.05554472050937,43.110954423820296,-88.04276904850849,42.99420752845147,2020-07-17,1,24.0
55079000400,55079003300,-88.05554472050937,43.110954423820296,-88.0173066794685,43.1010408446094,2020-07-17,1,24.0
55079000400,55079001600,-88.05554472050937,43.110954423820296,-88.01599665750028,43.11588641903863,2020-07-17,2,49.0
55079000400,55079007700,-88.05554472050937,43.110954423820296,-87.88849935823362,43.06389053422122,2020-07-17,1,24.0
55079000400,55079003400,-88.05554472050937,43.110954423820296,-88.02444287795417,43.0934576342605,2020-07-17,1,24.0
55079000400,55079005500,-88.05554472050937,43.110954423820296,-88.03284541742188,43.08237006688624,2020-07-17,1,24.0
55079000400,55079035200,-88.05554472050937,43.110954423820296,-87.9070718018067,43.16012040860922,2020-07-17,1,24.0
55079000400,55079130100,-88.05554472050937,43.110954423820296,-88.04407902007586,42.942752065148895,2020-07-17,2,49.0
55079000400,55079006300,-88.05554472050937,43.110954423820296,-87.95229119818997,43.07635281761954,2020-07-17,1,24.0
55079000400,55079101700,-88.05554472050937,43.110954423820296,-88.00697190300957,43.00173437379505,2020-07-17,1,24.0
55079000400,55079010700,-88.05554472050937,43.110954423820296,-87.90095083433016,43.0597678010215,2020-07-17,1,24.0
55079000400,55079005900,-88.05554472050937,43.110954423820296,-87.98523579862835,43.06821108392844,2020-07-17,1,24.0
55079000400,55079001700,-88.05554472050937,43.110954423820296,-88.01621221830194,43.10855887721336,2020-07-17,3,73.0
55079000400,55079004200,-88.05554472050937,43.110954423820296,-87.94544782159862,43.09516547779425,2020-07-17,1,24.0
55079000400,55079012300,-88.05554472050937,43.110954423820296,-87.96196748080853,43.043599093031496,2020-07-17,1,24.0
55079000400,55079001500,-88.05554472050937,43.110954423820296,-88.01520145334699,43.123754077777434,2020-07-17,1,24.0
55079000400,55079000201,-88.05554472050937,43.110954423820296,-88.0472441211064,43.1799495757708,2020-07-17,1,24.0
55079000400,55079021500,-88.05554472050937,43.110954423820296,-87.94398245259515,42.952098604888974,2020-07-17,1,24.0
55079000400,55079018600,-88.05554472050937,43.110954423820296,-87.92255649026754,42.995575414800356,2020-07-17,1,24.0
55079000400,55079004100,-88.05554472050937,43.110954423820296,-87.95681147526382,43.0940907627305,2020-07-17,1,24.0
55079000400,55079091000,-88.05554472050937,43.110954423820296,-87.99705672432205,43.06433297165757,2020-07-17,1,24.0
55079000400,55079005100,-88.05554472050937,43.110954423820296,-87.99757698420609,43.08261869423604,2020-07-17,2,49.0
55079000400,55079004900,-88.05554472050937,43.110954423820296,-87.97231517837423,43.077061406485264,2020-07-17,1,24.0
55079000400,55079009200,-88.05554472050937,43.110954423820296,-87.97560474362125,43.06069020349929,2020-07-17,1,24.0
55079000400,55079000303,-88.05554472050937,43.110954423820296,-88.04588241201564,43.12968529312476,2020-07-17,1,24.0
55079000400,55079001000,-88.05554472050937,43.110954423820296,-87.95348314468296,43.12464896388482,2020-07-17,1,24.0
55079000400,55079009300,-88.05554472050937,43.110954423820296,-87.98314520393755,43.060746025032145,2020-07-17,2,49.0
55079000400,55079006500,-88.05554472050937,43.110954423820296,-87.94229465456391,43.0797331466399,2020-07-17,1,24.0
55079000400,55079015900,-88.05554472050937,43.110954423820296,-87.9473669417017,43.02159668337006,2020-07-17,1,24.0
55079016700,55079020000,-87.92209519609614,43.010301162214034,-87.95273620994368,42.98405311376188,2020-07-17,1,29.0
55079016700,55079060200,-87.92209519609614,43.010301162214034,-87.9245165328896,43.11556508690733,2020-07-17,3,89.0
55079016700,55079004400,-87.92209519609614,43.010301162214034,-87.90608569163814,43.089298213737145,2020-07-17,1,29.0
55079016700,55079019000,-87.92209519609614,43.010301162214034,-87.967877289968,42.995496154489715,2020-07-17,2,59.0
55079016700,55079011200,-87.92209519609614,43.010301162214034,-87.89756439120579,43.055476240018415,2020-07-17,1,29.0
55079016700,55079110100,-87.92209519609614,43.010301162214034,-87.9710022364233,43.012448953036525,2020-07-17,5,148.0
55079016700,55079101000,-87.92209519609614,43.010301162214034,-88.05764456171738,42.99173938525954,2020-07-17,2,59.0
55079016700,55079021200,-87.92209519609614,43.010301162214034,-87.92101040508955,42.965284697357816,2020-07-17,1,29.0
55079016700,55079160100,-87.92209519609614,43.010301162214034,-87.91471599062149,42.91513941042769,2020-07-17,1,29.0
55079016700,55079050101,-87.92209519609614,43.010301162214034,-87.98494662348081,43.17683059907653,2020-07-17,2,59.0
55079016700,55079090300,-87.92209519609614,43.010301162214034,-88.0515779905257,43.06739040507833,2020-07-17,1,29.0
55079016700,55079101600,-87.92209519609614,43.010301162214034,-87.98881839806968,43.003113634057684,2020-07-17,2,59.0
55079016700,55079021700,-87.92209519609614,43.010301162214034,-87.91312462574102,42.94052513723052,2020-07-17,1,29.0
55079016700,55079120400,-87.92209519609614,43.010301162214034,-87.96548496050795,42.96670427425607,2020-07-17,1,29.0
55079016700,55079120203,-87.92209519609614,43.010301162214034,-88.00776394431053,42.95694649923871,2020-07-17,1,29.0
55079016700,55079018400,-87.92209519609614,43.010301162214034,-87.90417459790928,42.9917062933768,2020-07-17,1,29.0
55079016700,55079017300,-87.92209519609614,43.010301162214034,-87.94877202549131,43.0036525046766,2020-07-17,3,89.0
55079016700,55079019400,-87.92209519609614,43.010301162214034,-88.02755647500341,42.984577749923744,2020-07-17,1,29.0
55079016700,55079001200,-87.92209519609614,43.010301162214034,-87.98620080987179,43.12617611256525,2020-07-17,1,29.0
55079016700,55079187400,-87.92209519609614,43.010301162214034,-87.90767949876499,43.03217517915639,2020-07-17,1,29.0
55079016700,55079000800,-87.92209519609614,43.010301162214034,-87.97372753660457,43.14064967469203,2020-07-17,1,29.0
55079016700,55079186800,-87.92209519609614,43.010301162214034,-87.9506670108877,43.02815858561159,2020-07-17,2,59.0
55079016700,55079160203,-87.92209519609614,43.010301162214034,-87.91638950191752,42.89402789790319,2020-07-17,1,29.0
55079016700,55079020100,-87.92209519609614,43.010301162214034,-87.94099671150566,42.988482506396224,2020-07-17,2,59.0
55079016700,55079160202,-87.92209519609614,43.010301162214034,-87.87217546542965,42.881379330302295,2020-07-17,1,29.0
55079016700,55079100900,-87.92209519609614,43.010301162214034,-88.05216898532913,43.00959788353506,2020-07-17,1,29.0
55079016700,55079101100,-87.92209519609614,43.010301162214034,-88.04276904850849,42.99420752845147,2020-07-17,1,29.0
55079016700,55079140201,-87.92209519609614,43.010301162214034,-87.99911426080601,42.93902100763907,2020-07-17,1,29.0
55079016700,55079140202,-87.92209519609614,43.010301162214034,-87.981557716435,42.93443757238657,2020-07-17,1,29.0
55079016700,55079017900,-87.92209519609614,43.010301162214034,-87.90503327479618,42.998772533253295,2020-07-17,1,29.0
55079016700,55079186500,-87.92209519609614,43.010301162214034,-87.9130303085029,43.02319729476483,2020-07-17,2,59.0
55079016700,55079016800,-87.92209519609614,43.010301162214034,-87.92935001478907,43.01036042537408,2020-07-17,7,208.0
55079016700,55079120101,-87.92209519609614,43.010301162214034,-88.04814010007517,42.95916305909443,2020-07-17,2,59.0
55079016700,55079070100,-87.92209519609614,43.010301162214034,-87.9076583493148,43.12063010988105,2020-07-17,1,29.0
55079016700,55079150100,-87.92209519609614,43.010301162214034,-87.97759713310646,42.91424119290261,2020-07-17,2,59.0
55079016700,55079021600,-87.92209519609614,43.010301162214034,-87.92488475274558,42.952251222261935,2020-07-17,1,29.0
55079016700,55079101800,-87.92209519609614,43.010301162214034,-88.00969812606968,42.99373426381014,2020-07-17,1,29.0
55079016700,55079050102,-87.92209519609614,43.010301162214034,-87.96743569232115,43.172443064752215,2020-07-17,2,59.0
55079016700,55079015800,-87.92209519609614,43.010301162214034,-87.93761636287321,43.021659379009066,2020-07-17,2,59.0
55079016700,55079016300,-87.92209519609614,43.010301162214034,-87.93764055272034,43.01572710315665,2020-07-17,1,29.0
55079016700,55079101700,-87.92209519609614,43.010301162214034,-88.00697190300957,43.00173437379505,2020-07-17,1,29.0
55079016700,55079020400,-87.92209519609614,43.010301162214034,-87.9300852632457,42.98834002972675,2020-07-17,1,29.0
55079016700,55079100200,-87.92209519609614,43.010301162214034,-87.99137992566246,43.01460892403096,2020-07-17,1,29.0
55079016700,55079017500,-87.92209519609614,43.010301162214034,-87.92965116916102,43.00287441605045,2020-07-17,3,89.0
55079016700,55079001700,-87.92209519609614,43.010301162214034,-88.01621221830194,43.10855887721336,2020-07-17,1,29.0
55079016700,55079020300,-87.92209519609614,43.010301162214034,-87.92658964497383,42.979242665655576,2020-07-17,2,59.0
55079016700,55079016700,-87.92209519609614,43.010301162214034,-87.92209519609614,43.010301162214034,2020-07-17,102,3032.0
55079016700,55079017400,-87.92209519609614,43.010301162214034,-87.9382983850757,43.00476614107047,2020-07-17,2,59.0
55079016700,55079018800,-87.92209519609614,43.010301162214034,-87.94058386370827,42.99929639057026,2020-07-17,3,89.0
55079016700,55079120202,-87.92209519609614,43.010301162214034,-87.99868084532402,42.965848843600455,2020-07-17,1,29.0
55079016700,55079018500,-87.92209519609614,43.010301162214034,-87.91439743752404,42.98441904059949,2020-07-17,2,59.0
55079016700,55079016400,-87.92209519609614,43.010301162214034,-87.92777599229481,43.01665943799343,2020-07-17,1,29.0
55079016700,55079009000,-87.92209519609614,43.010301162214034,-87.9610837883489,43.060355868415826,2020-07-17,1,29.0
55079016700,55079013700,-87.92209519609614,43.010301162214034,-87.94529508707278,43.04229912697773,2020-07-17,1,29.0
55079016700,55079001100,-87.92209519609614,43.010301162214034,-87.96901390366762,43.127689901740844,2020-07-17,1,29.0
55079016700,55079016500,-87.92209519609614,43.010301162214034,-87.91153110922029,43.01579142211555,2020-07-17,3,89.0
55079016700,55079018700,-87.92209519609614,43.010301162214034,-87.92991431934564,42.995583237143,2020-07-17,1,29.0
55079016700,55079091000,-87.92209519609614,43.010301162214034,-87.99705672432205,43.06433297165757,2020-07-17,1,29.0
55079016700,55079100300,-87.92209519609614,43.010301162214034,-88.00316709835943,43.017354422985534,2020-07-17,3,89.0
55079016700,55079016900,-87.92209519609614,43.010301162214034,-87.93770785693083,43.00951913559766,2020-07-17,3,89.0
55079016700,55079017100,-87.92209519609614,43.010301162214034,-87.95808412992528,43.01056521552099,2020-07-17,1,29.0
55079016700,55079012200,-87.92209519609614,43.010301162214034,-87.95271101560115,43.04866661559741,2020-07-17,1,29.0
55079016700,55079017000,-87.92209519609614,43.010301162214034,-87.9475259715867,43.01041841584858,2020-07-17,1,29.0
55079016700,55079008700,-87.92209519609614,43.010301162214034,-87.93997122125838,43.06781436915486,2020-07-17,1,29.0
55079010800,55079060200,-87.88986181293924,43.05733829509928,-87.9245165328896,43.11556508690733,2020-07-17,1,30.0
55079010800,55079004400,-87.88986181293924,43.05733829509928,-87.90608569163814,43.089298213737145,2020-07-17,1,30.0
55079010800,55079012800,-87.88986181293924,43.05733829509928,-88.03145321223326,43.03059221584991,2020-07-17,1,30.0
55079010800,55079016200,-87.88986181293924,43.05733829509928,-87.94745090497267,43.01660575920564,2020-07-17,1,30.0
55079010800,55079100700,-87.88986181293924,43.05733829509928,-88.03788629567484,43.0213025080197,2020-07-17,1,30.0
55079010800,55079000102,-87.88986181293924,43.05733829509928,-88.01167859828367,43.164645145767146,2020-07-17,1,30.0
55079010800,55079010800,-87.88986181293924,43.05733829509928,-87.88986181293924,43.05733829509928,2020-07-17,66,2010.0
55079010800,55079101000,-87.88986181293924,43.05733829509928,-88.05764456171738,42.99173938525954,2020-07-17,2,60.0
55079010800,55079160100,-87.88986181293924,43.05733829509928,-87.91471599062149,42.91513941042769,2020-07-17,1,30.0
55079010800,55079186300,-87.88986181293924,43.05733829509928,-87.91799927397663,43.040616743150025,2020-07-17,1,30.0
55079010800,55079021700,-87.88986181293924,43.05733829509928,-87.91312462574102,42.94052513723052,2020-07-17,1,30.0
55079010800,55079090200,-87.88986181293924,43.05733829509928,-88.05200796218348,43.081902180003375,2020-07-17,1,30.0
55079010800,55079120203,-87.88986181293924,43.05733829509928,-88.00776394431053,42.95694649923871,2020-07-17,2,60.0
55079010800,55079080300,-87.88986181293924,43.05733829509928,-87.87475616434764,43.089996653126924,2020-07-17,1,30.0
55079010800,55079185300,-87.88986181293924,43.05733829509928,-88.04265402690729,43.049880154873065,2020-07-17,1,30.0
55079010800,55079160203,-87.88986181293924,43.05733829509928,-87.91638950191752,42.89402789790319,2020-07-17,2,60.0
55079010800,55079091200,-87.88986181293924,43.05733829509928,-88.00388284004167,43.0467075980639,2020-07-17,1,30.0
55079010800,55079013600,-87.88986181293924,43.05733829509928,-87.9527511611333,43.04369545920421,2020-07-17,1,30.0
55079010800,55079070100,-87.88986181293924,43.05733829509928,-87.9076583493148,43.12063010988105,2020-07-17,1,30.0
55079010800,55079030100,-87.88986181293924,43.05733829509928,-87.89837270942148,43.1819862198906,2020-07-17,2,60.0
55079010800,55079007700,-87.88986181293924,43.05733829509928,-87.88849935823362,43.06389053422122,2020-07-17,1,30.0
55079010800,55079011300,-87.88986181293924,43.05733829509928,-87.90713298111844,43.04890661506502,2020-07-17,2,60.0
55079010800,55079014400,-87.88986181293924,43.05733829509928,-87.90784049253895,43.042413401572134,2020-07-17,1,30.0
55079010800,55079187000,-87.88986181293924,43.05733829509928,-87.88728455831759,43.05530607398437,2020-07-17,3,91.0
55079010800,55079185100,-87.88986181293924,43.05733829509928,-87.86132764015301,42.9760744263621,2020-07-17,1,30.0
55079010800,55079006300,-87.88986181293924,43.05733829509928,-87.95229119818997,43.07635281761954,2020-07-17,1,30.0
55079010800,55079007300,-87.88986181293924,43.05733829509928,-87.88807891595606,43.0779148594549,2020-07-17,1,30.0
55079010800,55079080200,-87.88986181293924,43.05733829509928,-87.8877423232882,43.0942616397457,2020-07-17,3,91.0
55079010800,55079010700,-87.88986181293924,43.05733829509928,-87.90095083433016,43.0597678010215,2020-07-17,1,30.0
55079010800,55079007200,-87.88986181293924,43.05733829509928,-87.89788270005259,43.07774402945858,2020-07-17,1,30.0
55079010800,55079007600,-87.88986181293924,43.05733829509928,-87.87859580944733,43.06399812725538,2020-07-17,1,30.0
55079010800,55079012300,-87.88986181293924,43.05733829509928,-87.96196748080853,43.043599093031496,2020-07-17,1,30.0
55079010800,55079080400,-87.88986181293924,43.05733829509928,-87.88848724040903,43.08594082590386,2020-07-17,2,60.0
55079010800,55079003900,-87.88986181293924,43.05733829509928,-87.96215160813261,43.086172227530916,2020-07-17,1,30.0
55079010800,55079018300,-87.88986181293924,43.05733829509928,-87.89285805580873,42.991354183119796,2020-07-17,1,30.0
55079010800,55079180200,-87.88986181293924,43.05733829509928,-87.85506992096182,42.95465467367753,2020-07-17,1,30.0
55079010800,55079090700,-87.88986181293924,43.05733829509928,-88.02545440842808,43.059193901469925,2020-07-17,1,30.0
55079010800,55079170100,-87.88986181293924,43.05733829509928,-87.84892368656588,42.919583500675934,2020-07-17,1,30.0
55079010800,55079185600,-87.88986181293924,43.05733829509928,-87.91469071944607,43.06026722158336,2020-07-17,1,30.0
55079010800,55079007400,-87.88986181293924,43.05733829509928,-87.87216855868374,43.078043126250115,2020-07-17,1,30.0
55079010800,55079015900,-87.88986181293924,43.05733829509928,-87.9473669417017,43.02159668337006,2020-07-17,2,60.0
55079020700,55079020000,-87.89282968229121,42.980391637955094,-87.95273620994368,42.98405311376188,2020-07-17,1,18.0
55079020700,55079004300,-87.89282968229121,42.980391637955094,-87.93220867621264,43.094799127568905,2020-07-17,2,37.0
55079020700,55079060200,-87.89282968229121,42.980391637955094,-87.9245165328896,43.11556508690733,2020-07-17,4,74.0
55079020700,55079004500,-87.89282968229121,42.980391637955094,-87.92226909278084,43.08550885272536,2020-07-17,1,18.0
55079020700,55079011400,-87.89282968229121,42.980391637955094,-87.9106574898586,43.05269479350376,2020-07-17,1,18.0
55079020700,55079110100,-87.89282968229121,42.980391637955094,-87.9710022364233,43.012448953036525,2020-07-17,2,37.0
55079020700,55079101000,-87.89282968229121,42.980391637955094,-88.05764456171738,42.99173938525954,2020-07-17,3,55.0
55079020700,55079021200,-87.89282968229121,42.980391637955094,-87.92101040508955,42.965284697357816,2020-07-17,2,37.0
55079020700,55079018100,-87.89282968229121,42.980391637955094,-87.88469234682039,42.998709042311724,2020-07-17,1,18.0
55079020700,55079160100,-87.89282968229121,42.980391637955094,-87.91471599062149,42.91513941042769,2020-07-17,11,204.0
55079020700,55079090300,-87.89282968229121,42.980391637955094,-88.0515779905257,43.06739040507833,2020-07-17,1,18.0
55079020700,55079101600,-87.89282968229121,42.980391637955094,-87.98881839806968,43.003113634057684,2020-07-17,1,18.0
55079020700,55079186300,-87.89282968229121,42.980391637955094,-87.91799927397663,43.040616743150025,2020-07-17,2,37.0
55079020700,55079021700,-87.89282968229121,42.980391637955094,-87.91312462574102,42.94052513723052,2020-07-17,5,92.0
55079020700,55079120501,-87.89282968229121,42.980391637955094,-87.96680035551529,42.94072396992586,2020-07-17,1,18.0
55079020700,55079090100,-87.89282968229121,42.980391637955094,-88.04837730790923,43.0973204568905,2020-07-17,1,18.0
55079020700,55079090200,-87.89282968229121,42.980391637955094,-88.05200796218348,43.081902180003375,2020-07-17,2,37.0
55079020700,55079120400,-87.89282968229121,42.980391637955094,-87.96548496050795,42.96670427425607,2020-07-17,2,37.0
55079020700,55079120203,-87.89282968229121,42.980391637955094,-88.00776394431053,42.95694649923871,2020-07-17,7,129.0
55079020700,55079170500,-87.89282968229121,42.980391637955094,-87.85764758199707,42.897602993060175,2020-07-17,1,18.0
55079020700,55079018400,-87.89282968229121,42.980391637955094,-87.90417459790928,42.9917062933768,2020-07-17,3,55.0
55079020700,55079160300,-87.89282968229121,42.980391637955094,-87.8893867076047,42.856940087232964,2020-07-17,1,18.0
55079020700,55079017300,-87.89282968229121,42.980391637955094,-87.94877202549131,43.0036525046766,2020-07-17,1,18.0
55079020700,55079000501,-87.89282968229121,42.980391637955094,-88.04340002069712,43.115390222488664,2020-07-17,1,18.0
55079020700,55079003200,-87.89282968229121,42.980391637955094,-88.00111189801154,43.10115852758208,2020-07-17,1,18.0
55079020700,55079021400,-87.89282968229121,42.980391637955094,-87.93891709359613,42.96295890378409,2020-07-17,2,37.0
55079020700,55079185500,-87.89282968229121,42.980391637955094,-87.92624880733425,43.0601763240656,2020-07-17,1,18.0
55079020700,55079120502,-87.89282968229121,42.980391637955094,-87.96510992081555,42.95304728304586,2020-07-17,1,18.0
55079020700,55079020800,-87.89282968229121,42.980391637955094,-87.87636299879055,42.985307292991365,2020-07-17,1,18.0
55079020700,55079187400,-87.89282968229121,42.980391637955094,-87.90767949876499,43.03217517915639,2020-07-17,5,92.0
55079020700,55079180500,-87.89282968229121,42.980391637955094,-87.87471526249948,42.93725893299447,2020-07-17,3,55.0
55079020700,55079021000,-87.89282968229121,42.980391637955094,-87.89993467732904,42.962739149255064,2020-07-17,2,37.0
55079020700,55079160204,-87.89282968229121,42.980391637955094,-87.9317944903397,42.879700165258704,2020-07-17,2,37.0
55079020700,55079186800,-87.89282968229121,42.980391637955094,-87.9506670108877,43.02815858561159,2020-07-17,3,55.0
55079020700,55079006000,-87.89282968229121,42.980391637955094,-87.97554005335066,43.067947929210746,2020-07-17,1,18.0
55079020700,55079160203,-87.89282968229121,42.980391637955094,-87.91638950191752,42.89402789790319,2020-07-17,6,111.0
55079020700,55079020100,-87.89282968229121,42.980391637955094,-87.94099671150566,42.988482506396224,2020-07-17,5,92.0
55079020700,55079160202,-87.89282968229121,42.980391637955094,-87.87217546542965,42.881379330302295,2020-07-17,1,18.0
55079020700,55079180400,-87.89282968229121,42.980391637955094,-87.85633588550823,42.93709205888796,2020-07-17,2,37.0
55079020700,55079005000,-87.89282968229121,42.980391637955094,-87.98327608357046,43.07665137069942,2020-07-17,1,18.0
55079020700,55079100900,-87.89282968229121,42.980391637955094,-88.05216898532913,43.00959788353506,2020-07-17,2,37.0
55079020700,55079101100,-87.89282968229121,42.980391637955094,-88.04276904850849,42.99420752845147,2020-07-17,1,18.0
55079020700,55079140100,-87.89282968229121,42.980391637955094,-88.0188613886232,42.93745223479677,2020-07-17,1,18.0
55079020700,55079140201,-87.89282968229121,42.980391637955094,-87.99911426080601,42.93902100763907,2020-07-17,4,74.0
55079020700,55079017900,-87.89282968229121,42.980391637955094,-87.90503327479618,42.998772533253295,2020-07-17,5,92.0
55079020700,55079186500,-87.89282968229121,42.980391637955094,-87.9130303085029,43.02319729476483,2020-07-17,1,18.0
55079020700,55079016800,-87.89282968229121,42.980391637955094,-87.92935001478907,43.01036042537408,2020-07-17,2,37.0
55079020700,55079120101,-87.89282968229121,42.980391637955094,-88.04814010007517,42.95916305909443,2020-07-17,2,37.0
55079020700,55079007700,-87.89282968229121,42.980391637955094,-87.88849935823362,43.06389053422122,2020-07-17,1,18.0
55079020700,55079014400,-87.89282968229121,42.980391637955094,-87.90784049253895,43.042413401572134,2020-07-17,2,37.0
55079020700,55079018000,-87.89282968229121,42.980391637955094,-87.8945288084346,43.01098558683315,2020-07-17,7,129.0
55079020700,55079150100,-87.89282968229121,42.980391637955094,-87.97759713310646,42.91424119290261,2020-07-17,2,37.0
55079020700,55079021600,-87.89282968229121,42.980391637955094,-87.92488475274558,42.952251222261935,2020-07-17,8,148.0
55079020700,55079005800,-87.89282968229121,42.980391637955094,-87.99994620357029,43.072303413103626,2020-07-17,1,18.0
55079020700,55079021300,-87.89282968229121,42.980391637955094,-87.93877469638159,42.970224160413096,2020-07-17,3,55.0
55079020700,55079016600,-87.89282968229121,42.980391637955094,-87.9139279223807,43.010028166006215,2020-07-17,2,37.0
55079020700,55079120102,-87.89282968229121,42.980391637955094,-88.04966546230908,42.97409794368699,2020-07-17,2,37.0
55079020700,55079130100,-87.89282968229121,42.980391637955094,-88.04407902007586,42.942752065148895,2020-07-17,2,37.0
55079020700,55079150301,-87.89282968229121,42.980391637955094,-88.05345903025625,42.89781994777656,2020-07-17,1,18.0
55079020700,55079050102,-87.89282968229121,42.980391637955094,-87.96743569232115,43.172443064752215,2020-07-17,3,55.0
55079020700,55079180300,-87.89282968229121,42.980391637955094,-87.87005593266791,42.951885652862586,2020-07-17,6,111.0
55079020700,55079020700,-87.89282968229121,42.980391637955094,-87.89282968229121,42.980391637955094,2020-07-17,172,3193.0
55079020700,55079185100,-87.89282968229121,42.980391637955094,-87.86132764015301,42.9760744263621,2020-07-17,5,92.0
55079020700,55079007100,-87.89282968229121,42.980391637955094,-87.90149576859913,43.07383574480911,2020-07-17,1,18.0
55079020700,55079000700,-87.89282968229121,42.980391637955094,-87.99009583376943,43.15588909293765,2020-07-17,1,18.0
55079020700,55079020400,-87.89282968229121,42.980391637955094,-87.9300852632457,42.98834002972675,2020-07-17,2,37.0
55079020700,55079010700,-87.89282968229121,42.980391637955094,-87.90095083433016,43.0597678010215,2020-07-17,1,18.0
55079020700,55079017500,-87.89282968229121,42.980391637955094,-87.92965116916102,43.00287441605045,2020-07-17,1,18.0
55079020700,55079007600,-87.89282968229121,42.980391637955094,-87.87859580944733,43.06399812725538,2020-07-17,1,18.0
55079020700,55079020900,-87.89282968229121,42.980391637955094,-87.90186271433869,42.97013349358029,2020-07-17,3,55.0
55079020700,55079016700,-87.89282968229121,42.980391637955094,-87.92209519609614,43.010301162214034,2020-07-17,1,18.0
55079020700,55079018800,-87.89282968229121,42.980391637955094,-87.94058386370827,42.99929639057026,2020-07-17,6,111.0
55079020700,55079186600,-87.89282968229121,42.980391637955094,-87.91355022125023,43.001384465822476,2020-07-17,1,18.0
55079020700,55079014900,-87.89282968229121,42.980391637955094,-87.94481830610269,43.03704436935605,2020-07-17,1,18.0
55079020700,55079000201,-87.89282968229121,42.980391637955094,-88.0472441211064,43.1799495757708,2020-07-17,1,18.0
55079020700,55079018200,-87.89282968229121,42.980391637955094,-87.87369831321716,42.99249911585218,2020-07-17,1,18.0
55079020700,55079018500,-87.89282968229121,42.980391637955094,-87.91439743752404,42.98441904059949,2020-07-17,10,185.0
55079020700,55079021500,-87.89282968229121,42.980391637955094,-87.94398245259515,42.952098604888974,2020-07-17,3,55.0
55079020700,55079016000,-87.89282968229121,42.980391637955094,-87.95725941865898,43.02137414837421,2020-07-17,1,18.0
55079020700,55079016400,-87.89282968229121,42.980391637955094,-87.92777599229481,43.01665943799343,2020-07-17,2,37.0
55079020700,55079009000,-87.89282968229121,42.980391637955094,-87.9610837883489,43.060355868415826,2020-07-17,1,18.0
55079020700,55079010600,-87.89282968229121,42.980391637955094,-87.90749884397533,43.060136167504425,2020-07-17,1,18.0
55079020700,55079001900,-87.89282968229121,42.980391637955094,-87.98367415791445,43.115686316787006,2020-07-17,1,18.0
55079020700,55079018300,-87.89282968229121,42.980391637955094,-87.89285805580873,42.991354183119796,2020-07-17,7,129.0
55079020700,55079016500,-87.89282968229121,42.980391637955094,-87.91153110922029,43.01579142211555,2020-07-17,1,18.0
55079020700,55079018700,-87.89282968229121,42.980391637955094,-87.92991431934564,42.995583237143,2020-07-17,1,18.0
55079020700,55079020600,-87.89282968229121,42.980391637955094,-87.90444286867323,42.9810337820488,2020-07-17,10,185.0
55079020700,55079101300,-87.89282968229121,42.980391637955094,-88.02770018483265,42.99907770295741,2020-07-17,1,18.0
55079020700,55079170100,-87.89282968229121,42.980391637955094,-87.84892368656588,42.919583500675934,2020-07-17,2,37.0
55079020700,55079021800,-87.89282968229121,42.980391637955094,-87.95694377227925,42.94079756603018,2020-07-17,1,18.0
55079020700,55079005100,-87.89282968229121,42.980391637955094,-87.99757698420609,43.08261869423604,2020-07-17,1,18.0
55079020700,55079185200,-87.89282968229121,42.980391637955094,-87.88193798921913,42.967674094622936,2020-07-17,5,92.0
55079020700,55079060102,-87.89282968229121,42.980391637955094,-87.93974960524739,43.148654535590595,2020-07-17,4,74.0
55079020700,55079009200,-87.89282968229121,42.980391637955094,-87.97560474362125,43.06069020349929,2020-07-17,1,18.0
55079020700,55079016900,-87.89282968229121,42.980391637955094,-87.93770785693083,43.00951913559766,2020-07-17,2,37.0
55079020700,55079017000,-87.89282968229121,42.980391637955094,-87.9475259715867,43.01041841584858,2020-07-17,1,18.0
55079020700,55079017200,-87.89282968229121,42.980391637955094,-87.95621680562614,43.002904101727246,2020-07-17,1,18.0
55079020700,55079015900,-87.89282968229121,42.980391637955094,-87.9473669417017,43.02159668337006,2020-07-17,1,18.0
55079187300,55079020000,-87.9656302556773,42.887159701718595,-87.95273620994368,42.98405311376188,2020-07-17,6,88.0
55079187300,55079060200,-87.9656302556773,42.887159701718595,-87.9245165328896,43.11556508690733,2020-07-17,2,29.0
55079187300,55079000101,-87.9656302556773,42.887159701718595,-88.00922083481396,43.18510784936368,2020-07-17,1,14.0
55079187300,55079000102,-87.9656302556773,42.887159701718595,-88.01167859828367,43.164645145767146,2020-07-17,1,14.0
55079187300,55079011200,-87.9656302556773,42.887159701718595,-87.89756439120579,43.055476240018415,2020-07-17,1,14.0
55079187300,55079110100,-87.9656302556773,42.887159701718595,-87.9710022364233,43.012448953036525,2020-07-17,1,14.0
55079187300,55079101000,-87.9656302556773,42.887159701718595,-88.05764456171738,42.99173938525954,2020-07-17,1,14.0
55079187300,55079021200,-87.9656302556773,42.887159701718595,-87.92101040508955,42.965284697357816,2020-07-17,1,14.0
55079187300,55079160100,-87.9656302556773,42.887159701718595,-87.91471599062149,42.91513941042769,2020-07-17,20,294.0
55079187300,55079090300,-87.9656302556773,42.887159701718595,-88.0515779905257,43.06739040507833,2020-07-17,2,29.0
55079187300,55079101600,-87.9656302556773,42.887159701718595,-87.98881839806968,43.003113634057684,2020-07-17,2,29.0
55079187300,55079186300,-87.9656302556773,42.887159701718595,-87.91799927397663,43.040616743150025,2020-07-17,2,29.0
55079187300,55079012400,-87.9656302556773,42.887159701718595,-87.97680856828566,43.04580144948212,2020-07-17,2,29.0
55079187300,55079021700,-87.9656302556773,42.887159701718595,-87.91312462574102,42.94052513723052,2020-07-17,7,103.0
55079187300,55079120501,-87.9656302556773,42.887159701718595,-87.96680035551529,42.94072396992586,2020-07-17,2,29.0
55079187300,55079120400,-87.9656302556773,42.887159701718595,-87.96548496050795,42.96670427425607,2020-07-17,4,58.0
55079187300,55079120203,-87.9656302556773,42.887159701718595,-88.00776394431053,42.95694649923871,2020-07-17,14,206.0
55079187300,55079170500,-87.9656302556773,42.887159701718595,-87.85764758199707,42.897602993060175,2020-07-17,1,14.0
55079187300,55079018400,-87.9656302556773,42.887159701718595,-87.90417459790928,42.9917062933768,2020-07-17,2,29.0
55079187300,55079160300,-87.9656302556773,42.887159701718595,-87.8893867076047,42.856940087232964,2020-07-17,23,338.0
55079187300,55079187300,-87.9656302556773,42.887159701718595,-87.9656302556773,42.887159701718595,2020-07-17,396,5834.0
55079187300,55079019400,-87.9656302556773,42.887159701718595,-88.02755647500341,42.984577749923744,2020-07-17,2,29.0
55079187300,55079000501,-87.9656302556773,42.887159701718595,-88.04340002069712,43.115390222488664,2020-07-17,3,44.0
55079187300,55079090600,-87.9656302556773,42.887159701718595,-88.05435154566402,43.03795832032663,2020-07-17,1,14.0
55079187300,55079185300,-87.9656302556773,42.887159701718595,-88.04265402690729,43.049880154873065,2020-07-17,4,58.0
55079187300,55079120502,-87.9656302556773,42.887159701718595,-87.96510992081555,42.95304728304586,2020-07-17,3,44.0
55079187300,55079187400,-87.9656302556773,42.887159701718595,-87.90767949876499,43.03217517915639,2020-07-17,2,29.0
55079187300,55079150304,-87.9656302556773,42.887159701718595,-88.02760163837803,42.91519132559998,2020-07-17,23,338.0
55079187300,55079180500,-87.9656302556773,42.887159701718595,-87.87471526249948,42.93725893299447,2020-07-17,1,14.0
55079187300,55079130200,-87.9656302556773,42.887159701718595,-88.05891051157585,42.93732261654573,2020-07-17,2,29.0
55079187300,55079021000,-87.9656302556773,42.887159701718595,-87.89993467732904,42.962739149255064,2020-07-17,2,29.0
55079187300,55079160204,-87.9656302556773,42.887159701718595,-87.9317944903397,42.879700165258704,2020-07-17,31,456.0
55079187300,55079186800,-87.9656302556773,42.887159701718595,-87.9506670108877,43.02815858561159,2020-07-17,1,14.0
55079187300,55079187200,-87.9656302556773,42.887159701718595,-88.00769048889484,42.863813659193866,2020-07-17,36,530.0
55079187300,55079160203,-87.9656302556773,42.887159701718595,-87.91638950191752,42.89402789790319,2020-07-17,33,486.0
55079187300,55079170200,-87.9656302556773,42.887159701718595,-87.87263683893734,42.92275381108851,2020-07-17,1,14.0
55079187300,55079091200,-87.9656302556773,42.887159701718595,-88.00388284004167,43.0467075980639,2020-07-17,1,14.0
55079187300,55079100500,-87.9656302556773,42.887159701718595,-88.02674691869541,43.01326660162138,2020-07-17,1,14.0
55079187300,55079020100,-87.9656302556773,42.887159701718595,-87.94099671150566,42.988482506396224,2020-07-17,1,14.0
55079187300,55079160202,-87.9656302556773,42.887159701718595,-87.87217546542965,42.881379330302295,2020-07-17,12,176.0
55079187300,55079101100,-87.9656302556773,42.887159701718595,-88.04276904850849,42.99420752845147,2020-07-17,1,14.0
55079187300,55079140100,-87.9656302556773,42.887159701718595,-88.0188613886232,42.93745223479677,2020-07-17,3,44.0
55079187300,55079140201,-87.9656302556773,42.887159701718595,-87.99911426080601,42.93902100763907,2020-07-17,19,279.0
55079187300,55079140202,-87.9656302556773,42.887159701718595,-87.981557716435,42.93443757238657,2020-07-17,1,14.0
55079187300,55079186500,-87.9656302556773,42.887159701718595,-87.9130303085029,43.02319729476483,2020-07-17,2,29.0
55079187300,55079016800,-87.9656302556773,42.887159701718595,-87.92935001478907,43.01036042537408,2020-07-17,1,14.0
55079187300,55079120101,-87.9656302556773,42.887159701718595,-88.04814010007517,42.95916305909443,2020-07-17,4,58.0
55079187300,55079101400,-87.9656302556773,42.887159701718595,-88.02735540531337,43.00631524274058,2020-07-17,1,14.0
55079187300,55079003600,-87.9656302556773,42.887159701718595,-87.98321131530031,43.092736225323044,2020-07-17,1,14.0
55079187300,55079011300,-87.9656302556773,42.887159701718595,-87.90713298111844,43.04890661506502,2020-07-17,1,14.0
55079187300,55079014400,-87.9656302556773,42.887159701718595,-87.90784049253895,43.042413401572134,2020-07-17,3,44.0
55079187300,55079018000,-87.9656302556773,42.887159701718595,-87.8945288084346,43.01098558683315,2020-07-17,1,14.0
55079187300,55079150100,-87.9656302556773,42.887159701718595,-87.97759713310646,42.91424119290261,2020-07-17,33,486.0
55079187300,55079021600,-87.9656302556773,42.887159701718595,-87.92488475274558,42.952251222261935,2020-07-17,5,73.0
55079187300,55079187000,-87.9656302556773,42.887159701718595,-87.88728455831759,43.05530607398437,2020-07-17,1,14.0
55079187300,55079120102,-87.9656302556773,42.887159701718595,-88.04966546230908,42.97409794368699,2020-07-17,3,44.0
55079187300,55079130100,-87.9656302556773,42.887159701718595,-88.04407902007586,42.942752065148895,2020-07-17,9,132.0
55079187300,55079014100,-87.9656302556773,42.887159701718595,-87.92097269793881,43.04863570292668,2020-07-17,1,14.0
55079187300,55079150301,-87.9656302556773,42.887159701718595,-88.05345903025625,42.89781994777656,2020-07-17,13,191.0
55079187300,55079120201,-87.9656302556773,42.887159701718595,-88.01868214174351,42.96737507435749,2020-07-17,1,14.0
55079187300,55079180300,-87.9656302556773,42.887159701718595,-87.87005593266791,42.951885652862586,2020-07-17,3,44.0
55079187300,55079019500,-87.9656302556773,42.887159701718595,-88.02769031152603,42.97732706705707,2020-07-17,1,14.0
55079187300,55079012600,-87.9656302556773,42.887159701718595,-87.99443577770006,43.034032251200934,2020-07-17,1,14.0
55079187300,55079007600,-87.9656302556773,42.887159701718595,-87.87859580944733,43.06399812725538,2020-07-17,1,14.0
55079187300,55079009800,-87.9656302556773,42.887159701718595,-87.95409571434068,43.059778012269526,2020-07-17,1,14.0
55079187300,55079000900,-87.9656302556773,42.887159701718595,-87.95566887882444,43.14970170326806,2020-07-17,1,14.0
55079187300,55079020900,-87.9656302556773,42.887159701718595,-87.90186271433869,42.97013349358029,2020-07-17,1,14.0
55079187300,55079016700,-87.9656302556773,42.887159701718595,-87.92209519609614,43.010301162214034,2020-07-17,1,14.0
55079187300,55079018800,-87.9656302556773,42.887159701718595,-87.94058386370827,42.99929639057026,2020-07-17,1,14.0
55079187300,55079186600,-87.9656302556773,42.887159701718595,-87.91355022125023,43.001384465822476,2020-07-17,1,14.0
55079187300,55079012300,-87.9656302556773,42.887159701718595,-87.96196748080853,43.043599093031496,2020-07-17,1,14.0
55079187300,55079018500,-87.9656302556773,42.887159701718595,-87.91439743752404,42.98441904059949,2020-07-17,2,29.0
55079187300,55079021500,-87.9656302556773,42.887159701718595,-87.94398245259515,42.952098604888974,2020-07-17,4,58.0
55079187300,55079018600,-87.9656302556773,42.887159701718595,-87.92255649026754,42.995575414800356,2020-07-17,1,14.0
55079187300,55079150303,-87.9656302556773,42.887159701718595,-88.02312771344377,42.88960646488504,2020-07-17,13,191.0
55079187300,55079021800,-87.9656302556773,42.887159701718595,-87.95694377227925,42.94079756603018,2020-07-17,1,14.0
55079187300,55079186900,-87.9656302556773,42.887159701718595,-87.88804149673794,43.05226526687869,2020-07-17,1,14.0
55079187300,55079170600,-87.9656302556773,42.887159701718595,-87.86320935056827,42.907724102777856,2020-07-17,4,58.0
55079187300,55079060102,-87.9656302556773,42.887159701718595,-87.93974960524739,43.148654535590595,2020-07-17,2,29.0
55079187300,55079120300,-87.9656302556773,42.887159701718595,-87.97376432533524,42.98091406493879,2020-07-17,1,14.0
55079187300,55079009300,-87.9656302556773,42.887159701718595,-87.98314520393755,43.060746025032145,2020-07-17,1,14.0
55079187300,55079170400,-87.9656302556773,42.887159701718595,-87.8734267877277,42.89848248246609,2020-07-17,1,14.0
55079000303,55079020000,-88.04588241201564,43.12968529312476,-87.95273620994368,42.98405311376188,2020-07-17,1,17.0
55079000303,55079004300,-88.04588241201564,43.12968529312476,-87.93220867621264,43.094799127568905,2020-07-17,1,17.0
55079000303,55079004400,-88.04588241201564,43.12968529312476,-87.90608569163814,43.089298213737145,2020-07-17,1,17.0
55079000303,55079012800,-88.04588241201564,43.12968529312476,-88.03145321223326,43.03059221584991,2020-07-17,2,35.0
55079000303,55079015700,-88.04588241201564,43.12968529312476,-87.92777138656925,43.021663598322064,2020-07-17,1,17.0
55079000303,55079000101,-88.04588241201564,43.12968529312476,-88.00922083481396,43.18510784936368,2020-07-17,2,35.0
55079000303,55079000102,-88.04588241201564,43.12968529312476,-88.01167859828367,43.164645145767146,2020-07-17,2,35.0
55079000303,55079000202,-88.04588241201564,43.12968529312476,-88.04132965001602,43.160382512849615,2020-07-17,2,35.0
55079000303,55079021200,-88.04588241201564,43.12968529312476,-87.92101040508955,42.965284697357816,2020-07-17,1,17.0
55079000303,55079160100,-88.04588241201564,43.12968529312476,-87.91471599062149,42.91513941042769,2020-07-17,3,53.0
55079000303,55079000600,-88.04588241201564,43.12968529312476,-88.00190569680801,43.14010292722225,2020-07-17,4,70.0
55079000303,55079050101,-88.04588241201564,43.12968529312476,-87.98494662348081,43.17683059907653,2020-07-17,3,53.0
55079000303,55079090300,-88.04588241201564,43.12968529312476,-88.0515779905257,43.06739040507833,2020-07-17,2,35.0
55079000303,55079186300,-88.04588241201564,43.12968529312476,-87.91799927397663,43.040616743150025,2020-07-17,1,17.0
55079000303,55079012400,-88.04588241201564,43.12968529312476,-87.97680856828566,43.04580144948212,2020-07-17,1,17.0
55079000303,55079090100,-88.04588241201564,43.12968529312476,-88.04837730790923,43.0973204568905,2020-07-17,1,17.0
55079000303,55079090200,-88.04588241201564,43.12968529312476,-88.05200796218348,43.081902180003375,2020-07-17,2,35.0
55079000303,55079090900,-88.04588241201564,43.12968529312476,-88.00270912368009,43.06124682618238,2020-07-17,1,17.0
55079000303,55079000501,-88.04588241201564,43.12968529312476,-88.04340002069712,43.115390222488664,2020-07-17,7,124.0
55079000303,55079001200,-88.04588241201564,43.12968529312476,-87.98620080987179,43.12617611256525,2020-07-17,2,35.0
55079000303,55079003500,-88.04588241201564,43.12968529312476,-87.99830093777771,43.09359369867719,2020-07-17,2,35.0
55079000303,55079004800,-88.04588241201564,43.12968529312476,-87.96231596301399,43.077035360461494,2020-07-17,2,35.0
55079000303,55079000302,-88.04588241201564,43.12968529312476,-88.04649688617519,43.13922972061493,2020-07-17,1,17.0
55079000303,55079185300,-88.04588241201564,43.12968529312476,-88.04265402690729,43.049880154873065,2020-07-17,4,70.0
55079000303,55079000800,-88.04588241201564,43.12968529312476,-87.97372753660457,43.14064967469203,2020-07-17,2,35.0
55079000303,55079004600,-88.04588241201564,43.12968529312476,-87.9321086251029,43.08569057130924,2020-07-17,1,17.0
55079000303,55079000502,-88.04588241201564,43.12968529312476,-88.03128731150349,43.12480634966938,2020-07-17,1,17.0
55079000303,55079091200,-88.04588241201564,43.12968529312476,-88.00388284004167,43.0467075980639,2020-07-17,2,35.0
55079000303,55079020100,-88.04588241201564,43.12968529312476,-87.94099671150566,42.988482506396224,2020-07-17,1,17.0
55079000303,55079006800,-88.04588241201564,43.12968529312476,-87.92500216567623,43.079683301494654,2020-07-17,1,17.0
55079000303,55079014600,-88.04588241201564,43.12968529312476,-87.93032605572249,43.04237842637439,2020-07-17,1,17.0
55079000303,55079100900,-88.04588241201564,43.12968529312476,-88.05216898532913,43.00959788353506,2020-07-17,1,17.0
55079000303,55079186500,-88.04588241201564,43.12968529312476,-87.9130303085029,43.02319729476483,2020-07-17,1,17.0
55079000303,55079003300,-88.04588241201564,43.12968529312476,-88.0173066794685,43.1010408446094,2020-07-17,1,17.0
55079000303,55079101400,-88.04588241201564,43.12968529312476,-88.02735540531337,43.00631524274058,2020-07-17,1,17.0
55079000303,55079007700,-88.04588241201564,43.12968529312476,-87.88849935823362,43.06389053422122,2020-07-17,1,17.0
55079000303,55079003600,-88.04588241201564,43.12968529312476,-87.98321131530031,43.092736225323044,2020-07-17,3,53.0
55079000303,55079003800,-88.04588241201564,43.12968529312476,-87.97215356169055,43.086187842345545,2020-07-17,2,35.0
55079000303,55079014400,-88.04588241201564,43.12968529312476,-87.90784049253895,43.042413401572134,2020-07-17,1,17.0
55079000303,55079003400,-88.04588241201564,43.12968529312476,-88.02444287795417,43.0934576342605,2020-07-17,3,53.0
55079000303,55079035200,-88.04588241201564,43.12968529312476,-87.9070718018067,43.16012040860922,2020-07-17,1,17.0
55079000303,55079016100,-88.04588241201564,43.12968529312476,-87.95946595975387,43.016089910899275,2020-07-17,1,17.0
55079000303,55079016600,-88.04588241201564,43.12968529312476,-87.9139279223807,43.010028166006215,2020-07-17,1,17.0
55079000303,55079120102,-88.04588241201564,43.12968529312476,-88.04966546230908,42.97409794368699,2020-07-17,2,35.0
55079000303,55079130100,-88.04588241201564,43.12968529312476,-88.04407902007586,42.942752065148895,2020-07-17,1,17.0
55079000303,55079009400,-88.04588241201564,43.12968529312476,-87.98309572088205,43.053347935581954,2020-07-17,1,17.0
55079000303,55079100800,-88.04588241201564,43.12968529312476,-88.05710943935104,43.023654444193184,2020-07-17,1,17.0
55079000303,55079050102,-88.04588241201564,43.12968529312476,-87.96743569232115,43.172443064752215,2020-07-17,3,53.0
55079000303,55079015800,-88.04588241201564,43.12968529312476,-87.93761636287321,43.021659379009066,2020-07-17,1,17.0
55079000303,55079006300,-88.04588241201564,43.12968529312476,-87.95229119818997,43.07635281761954,2020-07-17,1,17.0
55079000303,55079185700,-88.04588241201564,43.12968529312476,-87.91471207902771,43.06752585199898,2020-07-17,1,17.0
55079000303,55079016300,-88.04588241201564,43.12968529312476,-87.93764055272034,43.01572710315665,2020-07-17,2,35.0
55079000303,55079000700,-88.04588241201564,43.12968529312476,-87.99009583376943,43.15588909293765,2020-07-17,2,35.0
55079000303,55079020400,-88.04588241201564,43.12968529312476,-87.9300852632457,42.98834002972675,2020-07-17,2,35.0
55079000303,55079012600,-88.04588241201564,43.12968529312476,-87.99443577770006,43.034032251200934,2020-07-17,3,53.0
55079000303,55079000900,-88.04588241201564,43.12968529312476,-87.95566887882444,43.14970170326806,2020-07-17,1,17.0
55079000303,55079001700,-88.04588241201564,43.12968529312476,-88.01621221830194,43.10855887721336,2020-07-17,3,53.0
55079000303,55079020300,-88.04588241201564,43.12968529312476,-87.92658964497383,42.979242665655576,2020-07-17,1,17.0
55079000303,55079002000,-88.04588241201564,43.12968529312476,-87.96815137233186,43.115621500302275,2020-07-17,1,17.0
55079000303,55079003900,-88.04588241201564,43.12968529312476,-87.96215160813261,43.086172227530916,2020-07-17,1,17.0
55079000303,55079004700,-88.04588241201564,43.12968529312476,-87.94760565609727,43.08576787197636,2020-07-17,3,53.0
55079000303,55079000304,-88.04588241201564,43.12968529312476,-88.02644618111368,43.14364069729464,2020-07-17,1,17.0
55079000303,55079001900,-88.04588241201564,43.12968529312476,-87.98367415791445,43.115686316787006,2020-07-17,1,17.0
55079000303,55079018700,-88.04588241201564,43.12968529312476,-87.92991431934564,42.995583237143,2020-07-17,1,17.0
55079000303,55079004100,-88.04588241201564,43.12968529312476,-87.95681147526382,43.0940907627305,2020-07-17,1,17.0
55079000303,55079005100,-88.04588241201564,43.12968529312476,-87.99757698420609,43.08261869423604,2020-07-17,2,35.0
55079000303,55079185200,-88.04588241201564,43.12968529312476,-87.88193798921913,42.967674094622936,2020-07-17,1,17.0
55079000303,55079060102,-88.04588241201564,43.12968529312476,-87.93974960524739,43.148654535590595,2020-07-17,4,70.0
55079000303,55079000301,-88.04588241201564,43.12968529312476,-88.06021668804352,43.1363311013577,2020-07-17,1,17.0
55079000303,55079017100,-88.04588241201564,43.12968529312476,-87.95808412992528,43.01056521552099,2020-07-17,1,17.0
55079000303,55079002500,-88.04588241201564,43.12968529312476,-87.96218045466739,43.10795733493045,2020-07-17,1,17.0
55079000303,55079000303,-88.04588241201564,43.12968529312476,-88.04588241201564,43.12968529312476,2020-07-17,91,1613.0
55079000303,55079009900,-88.04588241201564,43.12968529312476,-87.94630275235495,43.060274421469344,2020-07-17,2,35.0
55079000303,55079003000,-88.04588241201564,43.12968529312476,-87.99619059962126,43.10851035065769,2020-07-17,3,53.0
55079001100,55079020000,-87.96901390366762,43.127689901740844,-87.95273620994368,42.98405311376188,2020-07-17,2,38.0
55079001100,55079002400,-87.96901390366762,43.127689901740844,-87.95188617843814,43.106404380820805,2020-07-17,1,19.0
55079001100,55079060200,-87.96901390366762,43.127689901740844,-87.9245165328896,43.11556508690733,2020-07-17,8,155.0
55079001100,55079004400,-87.96901390366762,43.127689901740844,-87.90608569163814,43.089298213737145,2020-07-17,4,77.0
55079001100,55079004500,-87.96901390366762,43.127689901740844,-87.92226909278084,43.08550885272536,2020-07-17,3,58.0
55079001100,55079012800,-87.96901390366762,43.127689901740844,-88.03145321223326,43.03059221584991,2020-07-17,1,19.0
55079001100,55079015700,-87.96901390366762,43.127689901740844,-87.92777138656925,43.021663598322064,2020-07-17,1,19.0
55079001100,55079019000,-87.96901390366762,43.127689901740844,-87.967877289968,42.995496154489715,2020-07-17,1,19.0
55079001100,55079100100,-87.96901390366762,43.127689901740844,-87.98598444052216,43.01659648927991,2020-07-17,1,19.0
55079001100,55079000101,-87.96901390366762,43.127689901740844,-88.00922083481396,43.18510784936368,2020-07-17,2,38.0
55079001100,55079000102,-87.96901390366762,43.127689901740844,-88.01167859828367,43.164645145767146,2020-07-17,1,19.0
55079001100,55079011400,-87.96901390366762,43.127689901740844,-87.9106574898586,43.05269479350376,2020-07-17,4,77.0
55079001100,55079110100,-87.96901390366762,43.127689901740844,-87.9710022364233,43.012448953036525,2020-07-17,3,58.0
55079001100,55079000600,-87.96901390366762,43.127689901740844,-88.00190569680801,43.14010292722225,2020-07-17,5,97.0
55079001100,55079050101,-87.96901390366762,43.127689901740844,-87.98494662348081,43.17683059907653,2020-07-17,4,77.0
55079001100,55079090300,-87.96901390366762,43.127689901740844,-88.0515779905257,43.06739040507833,2020-07-17,4,77.0
55079001100,55079186300,-87.96901390366762,43.127689901740844,-87.91799927397663,43.040616743150025,2020-07-17,1,19.0
55079001100,55079120501,-87.96901390366762,43.127689901740844,-87.96680035551529,42.94072396992586,2020-07-17,2,38.0
55079001100,55079019100,-87.96901390366762,43.127689901740844,-87.96549351619066,42.982165146288615,2020-07-17,2,38.0
55079001100,55079070300,-87.96901390366762,43.127689901740844,-87.90380003116019,43.10631443965618,2020-07-17,1,19.0
55079001100,55079090100,-87.96901390366762,43.127689901740844,-88.04837730790923,43.0973204568905,2020-07-17,2,38.0
55079001100,55079090200,-87.96901390366762,43.127689901740844,-88.05200796218348,43.081902180003375,2020-07-17,4,77.0
55079001100,55079090900,-87.96901390366762,43.127689901740844,-88.00270912368009,43.06124682618238,2020-07-17,1,19.0
55079001100,55079120400,-87.96901390366762,43.127689901740844,-87.96548496050795,42.96670427425607,2020-07-17,1,19.0
55079001100,55079018400,-87.96901390366762,43.127689901740844,-87.90417459790928,42.9917062933768,2020-07-17,1,19.0
55079001100,55079000501,-87.96901390366762,43.127689901740844,-88.04340002069712,43.115390222488664,2020-07-17,4,77.0
55079001100,55079001200,-87.96901390366762,43.127689901740844,-87.98620080987179,43.12617611256525,2020-07-17,5,97.0
55079001100,55079002700,-87.96901390366762,43.127689901740844,-87.97176690626681,43.100825271475365,2020-07-17,2,38.0
55079001100,55079004800,-87.96901390366762,43.127689901740844,-87.96231596301399,43.077035360461494,2020-07-17,4,77.0
55079001100,55079003200,-87.96901390366762,43.127689901740844,-88.00111189801154,43.10115852758208,2020-07-17,1,19.0
55079001100,55079005300,-87.96901390366762,43.127689901740844,-88.01242727702714,43.07892288175221,2020-07-17,2,38.0
55079001100,55079060101,-87.96901390366762,43.127689901740844,-87.92535691568614,43.13950788268824,2020-07-17,1,19.0
55079001100,55079000302,-87.96901390366762,43.127689901740844,-88.04649688617519,43.13922972061493,2020-07-17,2,38.0
55079001100,55079185300,-87.96901390366762,43.127689901740844,-88.04265402690729,43.049880154873065,2020-07-17,3,58.0
55079001100,55079000800,-87.96901390366762,43.127689901740844,-87.97372753660457,43.14064967469203,2020-07-17,2,38.0
55079001100,55079130200,-87.96901390366762,43.127689901740844,-88.05891051157585,42.93732261654573,2020-07-17,1,19.0
55079001100,55079004000,-87.96901390366762,43.127689901740844,-87.97205846198321,43.09342306765945,2020-07-17,4,77.0
55079001100,55079004600,-87.96901390366762,43.127689901740844,-87.9321086251029,43.08569057130924,2020-07-17,2,38.0
55079001100,55079005400,-87.96901390366762,43.127689901740844,-88.02259608100492,43.0824437803151,2020-07-17,1,19.0
55079001100,55079000502,-87.96901390366762,43.127689901740844,-88.03128731150349,43.12480634966938,2020-07-17,1,19.0
55079001100,55079006000,-87.96901390366762,43.127689901740844,-87.97554005335066,43.067947929210746,2020-07-17,1,19.0
55079001100,55079006800,-87.96901390366762,43.127689901740844,-87.92500216567623,43.079683301494654,2020-07-17,1,19.0
55079001100,55079014600,-87.96901390366762,43.127689901740844,-87.93032605572249,43.04237842637439,2020-07-17,1,19.0
55079001100,55079140201,-87.96901390366762,43.127689901740844,-87.99911426080601,42.93902100763907,2020-07-17,4,77.0
55079001100,55079003300,-87.96901390366762,43.127689901740844,-88.0173066794685,43.1010408446094,2020-07-17,1,19.0
55079001100,55079008500,-87.96901390366762,43.127689901740844,-87.9298714910033,43.06776123229879,2020-07-17,1,19.0
55079001100,55079008100,-87.96901390366762,43.127689901740844,-87.90743836658615,43.067471782486706,2020-07-17,1,19.0
55079001100,55079003600,-87.96901390366762,43.127689901740844,-87.98321131530031,43.092736225323044,2020-07-17,4,77.0
55079001100,55079003800,-87.96901390366762,43.127689901740844,-87.97215356169055,43.086187842345545,2020-07-17,1,19.0
55079001100,55079100400,-87.96901390366762,43.127689901740844,-88.01166560297426,43.0170103539625,2020-07-17,1,19.0
55079001100,55079150100,-87.96901390366762,43.127689901740844,-87.97759713310646,42.91424119290261,2020-07-17,2,38.0
55079001100,55079003400,-87.96901390366762,43.127689901740844,-88.02444287795417,43.0934576342605,2020-07-17,2,38.0
55079001100,55079035200,-87.96901390366762,43.127689901740844,-87.9070718018067,43.16012040860922,2020-07-17,1,19.0
55079001100,55079021300,-87.96901390366762,43.127689901740844,-87.93877469638159,42.970224160413096,2020-07-17,1,19.0
55079001100,55079120102,-87.96901390366762,43.127689901740844,-88.04966546230908,42.97409794368699,2020-07-17,2,38.0
55079001100,55079130100,-87.96901390366762,43.127689901740844,-88.04407902007586,42.942752065148895,2020-07-17,1,19.0
55079001100,55079014100,-87.96901390366762,43.127689901740844,-87.92097269793881,43.04863570292668,2020-07-17,2,38.0
55079001100,55079050102,-87.96901390366762,43.127689901740844,-87.96743569232115,43.172443064752215,2020-07-17,2,38.0
55079001100,55079007900,-87.96901390366762,43.127689901740844,-87.89683936352995,43.06599950452746,2020-07-17,1,19.0
55079001100,55079006300,-87.96901390366762,43.127689901740844,-87.95229119818997,43.07635281761954,2020-07-17,1,19.0
55079001100,55079185700,-87.96901390366762,43.127689901740844,-87.91471207902771,43.06752585199898,2020-07-17,1,19.0
55079001100,55079101500,-87.96901390366762,43.127689901740844,-88.00747595996755,43.007126720391405,2020-07-17,1,19.0
55079001100,55079100200,-87.96901390366762,43.127689901740844,-87.99137992566246,43.01460892403096,2020-07-17,2,38.0
55079001100,55079003100,-87.96901390366762,43.127689901740844,-87.98607018194353,43.10091760946077,2020-07-17,3,58.0
55079001100,55079007600,-87.96901390366762,43.127689901740844,-87.87859580944733,43.06399812725538,2020-07-17,1,19.0
55079001100,55079009800,-87.96901390366762,43.127689901740844,-87.95409571434068,43.059778012269526,2020-07-17,1,19.0
55079001100,55079000900,-87.96901390366762,43.127689901740844,-87.95566887882444,43.14970170326806,2020-07-17,4,77.0
55079001100,55079001300,-87.96901390366762,43.127689901740844,-87.99843350448002,43.126783535933505,2020-07-17,5,97.0
55079001100,55079001700,-87.96901390366762,43.127689901740844,-88.01621221830194,43.10855887721336,2020-07-17,2,38.0
55079001100,55079001500,-87.96901390366762,43.127689901740844,-88.01520145334699,43.123754077777434,2020-07-17,1,19.0
55079001100,55079002000,-87.96901390366762,43.127689901740844,-87.96815137233186,43.115621500302275,2020-07-17,4,77.0
55079001100,55079000201,-87.96901390366762,43.127689901740844,-88.0472441211064,43.1799495757708,2020-07-17,2,38.0
55079001100,55079018500,-87.96901390366762,43.127689901740844,-87.91439743752404,42.98441904059949,2020-07-17,1,19.0
55079001100,55079020500,-87.96901390366762,43.127689901740844,-87.92272370744391,42.988321496925906,2020-07-17,2,38.0
55079001100,55079009100,-87.96901390366762,43.127689901740844,-87.96852806703085,43.060675408064526,2020-07-17,1,19.0
55079001100,55079001900,-87.96901390366762,43.127689901740844,-87.98367415791445,43.115686316787006,2020-07-17,2,38.0
55079001100,55079001100,-87.96901390366762,43.127689901740844,-87.96901390366762,43.127689901740844,2020-07-17,121,2351.0
55079001100,55079009600,-87.96901390366762,43.127689901740844,-87.96486502955395,43.05277336645368,2020-07-17,1,19.0
55079001100,55079014300,-87.96901390366762,43.127689901740844,-87.90101539256612,43.042731429373134,2020-07-17,1,19.0
55079001100,55079091000,-87.96901390366762,43.127689901740844,-87.99705672432205,43.06433297165757,2020-07-17,1,19.0
55079001100,55079186200,-87.96901390366762,43.127689901740844,-87.93244814260824,43.04856605375616,2020-07-17,1,19.0
55079001100,55079100300,-87.96901390366762,43.127689901740844,-88.00316709835943,43.017354422985534,2020-07-17,1,19.0
55079001100,55079060102,-87.96901390366762,43.127689901740844,-87.93974960524739,43.148654535590595,2020-07-17,1,19.0
55079001100,55079004900,-87.96901390366762,43.127689901740844,-87.97231517837423,43.077061406485264,2020-07-17,4,77.0
55079001100,55079009200,-87.96901390366762,43.127689901740844,-87.97560474362125,43.06069020349929,2020-07-17,1,19.0
55079001100,55079005600,-87.96901390366762,43.127689901740844,-88.02758035548169,43.071050112322006,2020-07-17,1,19.0
55079001100,55079012200,-87.96901390366762,43.127689901740844,-87.95271101560115,43.04866661559741,2020-07-17,1,19.0
55079001100,55079013300,-87.96901390366762,43.127689901740844,-87.96206431187025,43.03483590901066,2020-07-17,2,38.0
55079001100,55079002500,-87.96901390366762,43.127689901740844,-87.96218045466739,43.10795733493045,2020-07-17,2,38.0
55079001100,55079006100,-87.96901390366762,43.127689901740844,-87.96847508739953,43.06791249267312,2020-07-17,2,38.0
55079001100,55079001000,-87.96901390366762,43.127689901740844,-87.95348314468296,43.12464896388482,2020-07-17,3,58.0
55079001100,55079002200,-87.96901390366762,43.127689901740844,-87.9335870089048,43.11469059411332,2020-07-17,1,19.0
55079001100,55079003000,-87.96901390366762,43.127689901740844,-87.99619059962126,43.10851035065769,2020-07-17,2,38.0
55079001100,55079008600,-87.96901390366762,43.127689901740844,-87.93517868399437,43.06762170689756,2020-07-17,1,19.0
55079005300,55079020000,-88.01242727702714,43.07892288175221,-87.95273620994368,42.98405311376188,2020-07-17,1,22.0
55079005300,55079002100,-88.01242727702714,43.07892288175221,-87.95315716160212,43.115529640428136,2020-07-17,1,22.0
55079005300,55079060200,-88.01242727702714,43.07892288175221,-87.9245165328896,43.11556508690733,2020-07-17,2,44.0
55079005300,55079000101,-88.01242727702714,43.07892288175221,-88.00922083481396,43.18510784936368,2020-07-17,1,22.0
55079005300,55079010800,-88.01242727702714,43.07892288175221,-87.88986181293924,43.05733829509928,2020-07-17,1,22.0
55079005300,55079011200,-88.01242727702714,43.07892288175221,-87.89756439120579,43.055476240018415,2020-07-17,1,22.0
55079005300,55079110100,-88.01242727702714,43.07892288175221,-87.9710022364233,43.012448953036525,2020-07-17,1,22.0
55079005300,55079000600,-88.01242727702714,43.07892288175221,-88.00190569680801,43.14010292722225,2020-07-17,1,22.0
55079005300,55079050101,-88.01242727702714,43.07892288175221,-87.98494662348081,43.17683059907653,2020-07-17,4,89.0
55079005300,55079090300,-88.01242727702714,43.07892288175221,-88.0515779905257,43.06739040507833,2020-07-17,5,111.0
55079005300,55079090100,-88.01242727702714,43.07892288175221,-88.04837730790923,43.0973204568905,2020-07-17,2,44.0
55079005300,55079090200,-88.01242727702714,43.07892288175221,-88.05200796218348,43.081902180003375,2020-07-17,7,156.0
55079005300,55079120400,-88.01242727702714,43.07892288175221,-87.96548496050795,42.96670427425607,2020-07-17,1,22.0
55079005300,55079120203,-88.01242727702714,43.07892288175221,-88.00776394431053,42.95694649923871,2020-07-17,1,22.0
55079005300,55079004800,-88.01242727702714,43.07892288175221,-87.96231596301399,43.077035360461494,2020-07-17,1,22.0
55079005300,55079009500,-88.01242727702714,43.07892288175221,-87.97530476217976,43.0530114064315,2020-07-17,2,44.0
55079005300,55079005300,-88.01242727702714,43.07892288175221,-88.01242727702714,43.07892288175221,2020-07-17,77,1717.0
55079005300,55079185500,-88.01242727702714,43.07892288175221,-87.92624880733425,43.0601763240656,2020-07-17,1,22.0
55079005300,55079000302,-88.01242727702714,43.07892288175221,-88.04649688617519,43.13922972061493,2020-07-17,1,22.0
55079005300,55079090600,-88.01242727702714,43.07892288175221,-88.05435154566402,43.03795832032663,2020-07-17,2,44.0
55079005300,55079185300,-88.01242727702714,43.07892288175221,-88.04265402690729,43.049880154873065,2020-07-17,1,22.0
55079005300,55079187400,-88.01242727702714,43.07892288175221,-87.90767949876499,43.03217517915639,2020-07-17,1,22.0
55079005300,55079005400,-88.01242727702714,43.07892288175221,-88.02259608100492,43.0824437803151,2020-07-17,3,66.0
55079005300,55079000400,-88.01242727702714,43.07892288175221,-88.05554472050937,43.110954423820296,2020-07-17,1,22.0
55079005300,55079186800,-88.01242727702714,43.07892288175221,-87.9506670108877,43.02815858561159,2020-07-17,1,22.0
55079005300,55079187200,-88.01242727702714,43.07892288175221,-88.00769048889484,42.863813659193866,2020-07-17,1,22.0
55079005300,55079091200,-88.01242727702714,43.07892288175221,-88.00388284004167,43.0467075980639,2020-07-17,1,22.0
55079005300,55079020100,-88.01242727702714,43.07892288175221,-87.94099671150566,42.988482506396224,2020-07-17,1,22.0
55079005300,55079100900,-88.01242727702714,43.07892288175221,-88.05216898532913,43.00959788353506,2020-07-17,1,22.0
55079005300,55079140201,-88.01242727702714,43.07892288175221,-87.99911426080601,42.93902100763907,2020-07-17,1,22.0
55079005300,55079180100,-88.01242727702714,43.07892288175221,-87.84722355247969,42.95102171952154,2020-07-17,1,22.0
55079005300,55079016800,-88.01242727702714,43.07892288175221,-87.92935001478907,43.01036042537408,2020-07-17,1,22.0
55079005300,55079003600,-88.01242727702714,43.07892288175221,-87.98321131530031,43.092736225323044,2020-07-17,1,22.0
55079005300,55079150100,-88.01242727702714,43.07892288175221,-87.97759713310646,42.91424119290261,2020-07-17,1,22.0
55079005300,55079005500,-88.01242727702714,43.07892288175221,-88.03284541742188,43.08237006688624,2020-07-17,4,89.0
55079005300,55079005800,-88.01242727702714,43.07892288175221,-87.99994620357029,43.072303413103626,2020-07-17,1,22.0
55079005300,55079187000,-88.01242727702714,43.07892288175221,-87.88728455831759,43.05530607398437,2020-07-17,1,22.0
55079005300,55079002900,-88.01242727702714,43.07892288175221,-87.98131890013833,43.108341188298006,2020-07-17,1,22.0
55079005300,55079007100,-88.01242727702714,43.07892288175221,-87.90149576859913,43.07383574480911,2020-07-17,1,22.0
55079005300,55079000700,-88.01242727702714,43.07892288175221,-87.99009583376943,43.15588909293765,2020-07-17,1,22.0
55079005300,55079020400,-88.01242727702714,43.07892288175221,-87.9300852632457,42.98834002972675,2020-07-17,1,22.0
55079005300,55079005700,-88.01242727702714,43.07892288175221,-88.01309831915184,43.07138814037072,2020-07-17,1,22.0
55079005300,55079005200,-88.01242727702714,43.07892288175221,-88.0124256780363,43.086227920709504,2020-07-17,2,44.0
55079005300,55079005900,-88.01242727702714,43.07892288175221,-87.98523579862835,43.06821108392844,2020-07-17,2,44.0
55079005300,55079001300,-88.01242727702714,43.07892288175221,-87.99843350448002,43.126783535933505,2020-07-17,2,44.0
55079005300,55079000201,-88.01242727702714,43.07892288175221,-88.0472441211064,43.1799495757708,2020-07-17,1,22.0
55079005300,55079001900,-88.01242727702714,43.07892288175221,-87.98367415791445,43.115686316787006,2020-07-17,2,44.0
55079005300,55079016500,-88.01242727702714,43.07892288175221,-87.91153110922029,43.01579142211555,2020-07-17,1,22.0
55079005300,55079090700,-88.01242727702714,43.07892288175221,-88.02545440842808,43.059193901469925,2020-07-17,2,44.0
55079005300,55079101300,-88.01242727702714,43.07892288175221,-88.02770018483265,42.99907770295741,2020-07-17,1,22.0
55079005300,55079004100,-88.01242727702714,43.07892288175221,-87.95681147526382,43.0940907627305,2020-07-17,1,22.0
55079005300,55079100300,-88.01242727702714,43.07892288175221,-88.00316709835943,43.017354422985534,2020-07-17,1,22.0
55079005300,55079005100,-88.01242727702714,43.07892288175221,-87.99757698420609,43.08261869423604,2020-07-17,1,22.0
55079005300,55079005600,-88.01242727702714,43.07892288175221,-88.02758035548169,43.071050112322006,2020-07-17,1,22.0
55079005300,55079000301,-88.01242727702714,43.07892288175221,-88.06021668804352,43.1363311013577,2020-07-17,1,22.0
55079005300,55079012900,-88.01242727702714,43.07892288175221,-87.99989477924994,43.028140622580246,2020-07-17,1,22.0
55079005300,55079002200,-88.01242727702714,43.07892288175221,-87.9335870089048,43.11469059411332,2020-07-17,1,22.0
55079005300,55079003000,-88.01242727702714,43.07892288175221,-87.99619059962126,43.10851035065769,2020-07-17,2,44.0
55079005300,55079008800,-88.01242727702714,43.07892288175221,-87.94617084834631,43.06788862375971,2020-07-17,1,22.0
55079005300,55079006900,-88.01242727702714,43.07892288175221,-87.91078185483303,43.07979537793229,2020-07-17,1,22.0
55079013600,55079020000,-87.9527511611333,43.04369545920421,-87.95273620994368,42.98405311376188,2020-07-17,1,26.0
55079013600,55079060200,-87.9527511611333,43.04369545920421,-87.9245165328896,43.11556508690733,2020-07-17,1,26.0
55079013600,55079004400,-87.9527511611333,43.04369545920421,-87.90608569163814,43.089298213737145,2020-07-17,2,53.0
55079013600,55079016200,-87.9527511611333,43.04369545920421,-87.94745090497267,43.01660575920564,2020-07-17,2,53.0
55079013600,55079100100,-87.9527511611333,43.04369545920421,-87.98598444052216,43.01659648927991,2020-07-17,1,26.0
55079013600,55079000102,-87.9527511611333,43.04369545920421,-88.01167859828367,43.164645145767146,2020-07-17,1,26.0
55079013600,55079000202,-87.9527511611333,43.04369545920421,-88.04132965001602,43.160382512849615,2020-07-17,2,53.0
55079013600,55079002300,-87.9527511611333,43.04369545920421,-87.93621856893152,43.105985427841645,2020-07-17,1,26.0
55079013600,55079010800,-87.9527511611333,43.04369545920421,-87.88986181293924,43.05733829509928,2020-07-17,1,26.0
55079013600,55079011400,-87.9527511611333,43.04369545920421,-87.9106574898586,43.05269479350376,2020-07-17,1,26.0
55079013600,55079110100,-87.9527511611333,43.04369545920421,-87.9710022364233,43.012448953036525,2020-07-17,2,53.0
55079013600,55079000600,-87.9527511611333,43.04369545920421,-88.00190569680801,43.14010292722225,2020-07-17,2,53.0
55079013600,55079090300,-87.9527511611333,43.04369545920421,-88.0515779905257,43.06739040507833,2020-07-17,1,26.0
55079013600,55079186300,-87.9527511611333,43.04369545920421,-87.91799927397663,43.040616743150025,2020-07-17,1,26.0
55079013600,55079090900,-87.9527511611333,43.04369545920421,-88.00270912368009,43.06124682618238,2020-07-17,1,26.0
55079013600,55079000501,-87.9527511611333,43.04369545920421,-88.04340002069712,43.115390222488664,2020-07-17,2,53.0
55079013600,55079001200,-87.9527511611333,43.04369545920421,-87.98620080987179,43.12617611256525,2020-07-17,2,53.0
55079013600,55079003500,-87.9527511611333,43.04369545920421,-87.99830093777771,43.09359369867719,2020-07-17,1,26.0
55079013600,55079004800,-87.9527511611333,43.04369545920421,-87.96231596301399,43.077035360461494,2020-07-17,1,26.0
55079013600,55079185900,-87.9527511611333,43.04369545920421,-87.93229166080955,43.05383765471328,2020-07-17,1,26.0
55079013600,55079185500,-87.9527511611333,43.04369545920421,-87.92624880733425,43.0601763240656,2020-07-17,1,26.0
55079013600,55079090600,-87.9527511611333,43.04369545920421,-88.05435154566402,43.03795832032663,2020-07-17,1,26.0
55079013600,55079185300,-87.9527511611333,43.04369545920421,-88.04265402690729,43.049880154873065,2020-07-17,2,53.0
55079013600,55079187400,-87.9527511611333,43.04369545920421,-87.90767949876499,43.03217517915639,2020-07-17,1,26.0
55079013600,55079000800,-87.9527511611333,43.04369545920421,-87.97372753660457,43.14064967469203,2020-07-17,1,26.0
55079013600,55079006200,-87.9527511611333,43.04369545920421,-87.96097127315564,43.067902782244275,2020-07-17,1,26.0
55079013600,55079160203,-87.9527511611333,43.04369545920421,-87.91638950191752,42.89402789790319,2020-07-17,1,26.0
55079013600,55079091200,-87.9527511611333,43.04369545920421,-88.00388284004167,43.0467075980639,2020-07-17,1,26.0
55079013600,55079014600,-87.9527511611333,43.04369545920421,-87.93032605572249,43.04237842637439,2020-07-17,2,53.0
55079013600,55079100900,-87.9527511611333,43.04369545920421,-88.05216898532913,43.00959788353506,2020-07-17,1,26.0
55079013600,55079007000,-87.9527511611333,43.04369545920421,-87.91122456687498,43.07424564740019,2020-07-17,1,26.0
55079013600,55079013600,-87.9527511611333,43.04369545920421,-87.9527511611333,43.04369545920421,2020-07-17,66,1779.0
55079013600,55079186500,-87.9527511611333,43.04369545920421,-87.9130303085029,43.02319729476483,2020-07-17,2,53.0
55079013600,55079003800,-87.9527511611333,43.04369545920421,-87.97215356169055,43.086187842345545,2020-07-17,1,26.0
55079013600,55079011300,-87.9527511611333,43.04369545920421,-87.90713298111844,43.04890661506502,2020-07-17,1,26.0
55079013600,55079014400,-87.9527511611333,43.04369545920421,-87.90784049253895,43.042413401572134,2020-07-17,1,26.0
55079013600,55079150100,-87.9527511611333,43.04369545920421,-87.97759713310646,42.91424119290261,2020-07-17,1,26.0
55079013600,55079003400,-87.9527511611333,43.04369545920421,-88.02444287795417,43.0934576342605,2020-07-17,1,26.0
55079013600,55079005500,-87.9527511611333,43.04369545920421,-88.03284541742188,43.08237006688624,2020-07-17,1,26.0
55079013600,55079005800,-87.9527511611333,43.04369545920421,-87.99994620357029,43.072303413103626,2020-07-17,1,26.0
55079013600,55079016100,-87.9527511611333,43.04369545920421,-87.95946595975387,43.016089910899275,2020-07-17,1,26.0
55079013600,55079050102,-87.9527511611333,43.04369545920421,-87.96743569232115,43.172443064752215,2020-07-17,1,26.0
55079013600,55079180300,-87.9527511611333,43.04369545920421,-87.87005593266791,42.951885652862586,2020-07-17,1,26.0
55079013600,55079185100,-87.9527511611333,43.04369545920421,-87.86132764015301,42.9760744263621,2020-07-17,1,26.0
55079013600,55079007900,-87.9527511611333,43.04369545920421,-87.89683936352995,43.06599950452746,2020-07-17,1,26.0
55079013600,55079006300,-87.9527511611333,43.04369545920421,-87.95229119818997,43.07635281761954,2020-07-17,2,53.0
55079013600,55079016300,-87.9527511611333,43.04369545920421,-87.93764055272034,43.01572710315665,2020-07-17,1,26.0
55079013600,55079000700,-87.9527511611333,43.04369545920421,-87.99009583376943,43.15588909293765,2020-07-17,1,26.0
55079013600,55079010700,-87.9527511611333,43.04369545920421,-87.90095083433016,43.0597678010215,2020-07-17,2,53.0
55079013600,55079005200,-87.9527511611333,43.04369545920421,-88.0124256780363,43.086227920709504,2020-07-17,1,26.0
55079013600,55079006600,-87.9527511611333,43.04369545920421,-87.93135214789555,43.075399167305534,2020-07-17,1,26.0
55079013600,55079007600,-87.9527511611333,43.04369545920421,-87.87859580944733,43.06399812725538,2020-07-17,1,26.0
55079013600,55079009800,-87.9527511611333,43.04369545920421,-87.95409571434068,43.059778012269526,2020-07-17,1,26.0
55079013600,55079004200,-87.9527511611333,43.04369545920421,-87.94544782159862,43.09516547779425,2020-07-17,1,26.0
55079013600,55079014900,-87.9527511611333,43.04369545920421,-87.94481830610269,43.03704436935605,2020-07-17,3,80.0
55079013600,55079012300,-87.9527511611333,43.04369545920421,-87.96196748080853,43.043599093031496,2020-07-17,1,26.0
55079013600,55079001500,-87.9527511611333,43.04369545920421,-88.01520145334699,43.123754077777434,2020-07-17,1,26.0
55079013600,55079007800,-87.9527511611333,43.04369545920421,-87.88801504624632,43.07075279367613,2020-07-17,1,26.0
55079013600,55079004700,-87.9527511611333,43.04369545920421,-87.94760565609727,43.08576787197636,2020-07-17,2,53.0
55079013600,55079016000,-87.9527511611333,43.04369545920421,-87.95725941865898,43.02137414837421,2020-07-17,2,53.0
55079013600,55079150303,-87.9527511611333,43.04369545920421,-88.02312771344377,42.88960646488504,2020-07-17,1,26.0
55079013600,55079009000,-87.9527511611333,43.04369545920421,-87.9610837883489,43.060355868415826,2020-07-17,3,80.0
55079013600,55079013700,-87.9527511611333,43.04369545920421,-87.94529508707278,43.04229912697773,2020-07-17,1,26.0
55079013600,55079016500,-87.9527511611333,43.04369545920421,-87.91153110922029,43.01579142211555,2020-07-17,1,26.0
55079013600,55079186400,-87.9527511611333,43.04369545920421,-87.93038892981184,43.03695266796131,2020-07-17,1,26.0
55079013600,55079009600,-87.9527511611333,43.04369545920421,-87.96486502955395,43.05277336645368,2020-07-17,1,26.0
55079013600,55079004100,-87.9527511611333,43.04369545920421,-87.95681147526382,43.0940907627305,2020-07-17,2,53.0
55079013600,55079013400,-87.9527511611333,43.04369545920421,-87.95356038604784,43.03496530197635,2020-07-17,1,26.0
55079013600,55079185600,-87.9527511611333,43.04369545920421,-87.91469071944607,43.06026722158336,2020-07-17,2,53.0
55079013600,55079005100,-87.9527511611333,43.04369545920421,-87.99757698420609,43.08261869423604,2020-07-17,1,26.0
55079013600,55079014800,-87.9527511611333,43.04369545920421,-87.9402035907502,43.042125624825495,2020-07-17,2,53.0
55079013600,55079185200,-87.9527511611333,43.04369545920421,-87.88193798921913,42.967674094622936,2020-07-17,1,26.0
55079013600,55079004900,-87.9527511611333,43.04369545920421,-87.97231517837423,43.077061406485264,2020-07-17,1,26.0
55079013600,55079170300,-87.9527511611333,43.04369545920421,-87.87538996197884,42.9095536521384,2020-07-17,1,26.0
55079013600,55079186100,-87.9527511611333,43.04369545920421,-87.94279275484007,43.048652729679134,2020-07-17,1,26.0
55079013600,55079012200,-87.9527511611333,43.04369545920421,-87.95271101560115,43.04866661559741,2020-07-17,1,26.0
55079013600,55079002500,-87.9527511611333,43.04369545920421,-87.96218045466739,43.10795733493045,2020-07-17,1,26.0
55079013600,55079009300,-87.9527511611333,43.04369545920421,-87.98314520393755,43.060746025032145,2020-07-17,1,26.0
55079013600,55079017000,-87.9527511611333,43.04369545920421,-87.9475259715867,43.01041841584858,2020-07-17,1,26.0
55079013600,55079002200,-87.9527511611333,43.04369545920421,-87.9335870089048,43.11469059411332,2020-07-17,1,26.0
55079013600,55079185400,-87.9527511611333,43.04369545920421,-87.93768935592728,43.06023552955454,2020-07-17,1,26.0
55079013600,55079017200,-87.9527511611333,43.04369545920421,-87.95621680562614,43.002904101727246,2020-07-17,1,26.0
55079013600,55079015900,-87.9527511611333,43.04369545920421,-87.9473669417017,43.02159668337006,2020-07-17,2,53.0
55079013600,55079013500,-87.9527511611333,43.04369545920421,-87.9526122313311,43.040147622140005,2020-07-17,1,26.0
55079180500,55079020000,-87.87471526249948,42.93725893299447,-87.95273620994368,42.98405311376188,2020-07-17,3,73.0
55079180500,55079060200,-87.87471526249948,42.93725893299447,-87.9245165328896,43.11556508690733,2020-07-17,1,24.0
55079180500,55079012800,-87.87471526249948,42.93725893299447,-88.03145321223326,43.03059221584991,2020-07-17,4,97.0
55079180500,55079015700,-87.87471526249948,42.93725893299447,-87.92777138656925,43.021663598322064,2020-07-17,1,24.0
55079180500,55079000102,-87.87471526249948,42.93725893299447,-88.01167859828367,43.164645145767146,2020-07-17,1,24.0
55079180500,55079000202,-87.87471526249948,42.93725893299447,-88.04132965001602,43.160382512849615,2020-07-17,1,24.0
55079180500,55079010800,-87.87471526249948,42.93725893299447,-87.88986181293924,43.05733829509928,2020-07-17,1,24.0
55079180500,55079110100,-87.87471526249948,42.93725893299447,-87.9710022364233,43.012448953036525,2020-07-17,1,24.0
55079180500,55079101000,-87.87471526249948,42.93725893299447,-88.05764456171738,42.99173938525954,2020-07-17,1,24.0
55079180500,55079021200,-87.87471526249948,42.93725893299447,-87.92101040508955,42.965284697357816,2020-07-17,2,48.0
55079180500,55079160100,-87.87471526249948,42.93725893299447,-87.91471599062149,42.91513941042769,2020-07-17,9,220.0
55079180500,55079186300,-87.87471526249948,42.93725893299447,-87.91799927397663,43.040616743150025,2020-07-17,1,24.0
55079180500,55079021700,-87.87471526249948,42.93725893299447,-87.91312462574102,42.94052513723052,2020-07-17,5,122.0
55079180500,55079120400,-87.87471526249948,42.93725893299447,-87.96548496050795,42.96670427425607,2020-07-17,2,48.0
55079180500,55079120203,-87.87471526249948,42.93725893299447,-88.00776394431053,42.95694649923871,2020-07-17,6,146.0
55079180500,55079160300,-87.87471526249948,42.93725893299447,-87.8893867076047,42.856940087232964,2020-07-17,6,146.0
55079180500,55079090600,-87.87471526249948,42.93725893299447,-88.05435154566402,43.03795832032663,2020-07-17,2,48.0
55079180500,55079120502,-87.87471526249948,42.93725893299447,-87.96510992081555,42.95304728304586,2020-07-17,1,24.0
55079180500,55079187400,-87.87471526249948,42.93725893299447,-87.90767949876499,43.03217517915639,2020-07-17,1,24.0
55079180500,55079180500,-87.87471526249948,42.93725893299447,-87.87471526249948,42.93725893299447,2020-07-17,173,4230.0
55079180500,55079130200,-87.87471526249948,42.93725893299447,-88.05891051157585,42.93732261654573,2020-07-17,1,24.0
55079180500,55079160204,-87.87471526249948,42.93725893299447,-87.9317944903397,42.879700165258704,2020-07-17,9,220.0
55079180500,55079186800,-87.87471526249948,42.93725893299447,-87.9506670108877,43.02815858561159,2020-07-17,2,48.0
55079180500,55079187200,-87.87471526249948,42.93725893299447,-88.00769048889484,42.863813659193866,2020-07-17,3,73.0
55079180500,55079160203,-87.87471526249948,42.93725893299447,-87.91638950191752,42.89402789790319,2020-07-17,12,293.0
55079180500,55079170200,-87.87471526249948,42.93725893299447,-87.87263683893734,42.92275381108851,2020-07-17,7,171.0
55079180500,55079018900,-87.87471526249948,42.93725893299447,-87.95323213052187,42.995654122863776,2020-07-17,1,24.0
55079180500,55079020100,-87.87471526249948,42.93725893299447,-87.94099671150566,42.988482506396224,2020-07-17,1,24.0
55079180500,55079160202,-87.87471526249948,42.93725893299447,-87.87217546542965,42.881379330302295,2020-07-17,2,48.0
55079180500,55079180400,-87.87471526249948,42.93725893299447,-87.85633588550823,42.93709205888796,2020-07-17,6,146.0
55079180500,55079100900,-87.87471526249948,42.93725893299447,-88.05216898532913,43.00959788353506,2020-07-17,2,48.0
55079180500,55079101100,-87.87471526249948,42.93725893299447,-88.04276904850849,42.99420752845147,2020-07-17,1,24.0
55079180500,55079140201,-87.87471526249948,42.93725893299447,-87.99911426080601,42.93902100763907,2020-07-17,1,24.0
55079180500,55079017900,-87.87471526249948,42.93725893299447,-87.90503327479618,42.998772533253295,2020-07-17,1,24.0
55079180500,55079180100,-87.87471526249948,42.93725893299447,-87.84722355247969,42.95102171952154,2020-07-17,3,73.0
55079180500,55079186500,-87.87471526249948,42.93725893299447,-87.9130303085029,43.02319729476483,2020-07-17,1,24.0
55079180500,55079120101,-87.87471526249948,42.93725893299447,-88.04814010007517,42.95916305909443,2020-07-17,1,24.0
55079180500,55079101400,-87.87471526249948,42.93725893299447,-88.02735540531337,43.00631524274058,2020-07-17,1,24.0
55079180500,55079007700,-87.87471526249948,42.93725893299447,-87.88849935823362,43.06389053422122,2020-07-17,1,24.0
55079180500,55079003600,-87.87471526249948,42.93725893299447,-87.98321131530031,43.092736225323044,2020-07-17,1,24.0
55079180500,55079014400,-87.87471526249948,42.93725893299447,-87.90784049253895,43.042413401572134,2020-07-17,1,24.0
55079180500,55079100400,-87.87471526249948,42.93725893299447,-88.01166560297426,43.0170103539625,2020-07-17,2,48.0
55079180500,55079150100,-87.87471526249948,42.93725893299447,-87.97759713310646,42.91424119290261,2020-07-17,1,24.0
55079180500,55079021600,-87.87471526249948,42.93725893299447,-87.92488475274558,42.952251222261935,2020-07-17,3,73.0
55079180500,55079130100,-87.87471526249948,42.93725893299447,-88.04407902007586,42.942752065148895,2020-07-17,1,24.0
55079180500,55079150301,-87.87471526249948,42.93725893299447,-88.05345903025625,42.89781994777656,2020-07-17,1,24.0
55079180500,55079100800,-87.87471526249948,42.93725893299447,-88.05710943935104,43.023654444193184,2020-07-17,2,48.0
55079180500,55079120201,-87.87471526249948,42.93725893299447,-88.01868214174351,42.96737507435749,2020-07-17,1,24.0
55079180500,55079180300,-87.87471526249948,42.93725893299447,-87.87005593266791,42.951885652862586,2020-07-17,10,244.0
55079180500,55079020700,-87.87471526249948,42.93725893299447,-87.89282968229121,42.980391637955094,2020-07-17,3,73.0
55079180500,55079019900,-87.87471526249948,42.93725893299447,-87.98235255712866,42.973172118392476,2020-07-17,1,24.0
55079180500,55079017500,-87.87471526249948,42.93725893299447,-87.92965116916102,43.00287441605045,2020-07-17,1,24.0
55079180500,55079020300,-87.87471526249948,42.93725893299447,-87.92658964497383,42.979242665655576,2020-07-17,1,24.0
55079180500,55079120202,-87.87471526249948,42.93725893299447,-87.99868084532402,42.965848843600455,2020-07-17,1,24.0
55079180500,55079018500,-87.87471526249948,42.93725893299447,-87.91439743752404,42.98441904059949,2020-07-17,1,24.0
55079180500,55079019700,-87.87471526249948,42.93725893299447,-88.00741820523533,42.97570820507905,2020-07-17,1,24.0
55079180500,55079019800,-87.87471526249948,42.93725893299447,-87.98973307517815,42.982078809345225,2020-07-17,1,24.0
55079180500,55079180200,-87.87471526249948,42.93725893299447,-87.85506992096182,42.95465467367753,2020-07-17,5,122.0
55079180500,55079020600,-87.87471526249948,42.93725893299447,-87.90444286867323,42.9810337820488,2020-07-17,1,24.0
55079180500,55079170100,-87.87471526249948,42.93725893299447,-87.84892368656588,42.919583500675934,2020-07-17,6,146.0
55079180500,55079021800,-87.87471526249948,42.93725893299447,-87.95694377227925,42.94079756603018,2020-07-17,1,24.0
55079180500,55079170600,-87.87471526249948,42.93725893299447,-87.86320935056827,42.907724102777856,2020-07-17,5,122.0
55079180500,55079185200,-87.87471526249948,42.93725893299447,-87.88193798921913,42.967674094622936,2020-07-17,3,73.0
55079180500,55079012900,-87.87471526249948,42.93725893299447,-87.99989477924994,43.028140622580246,2020-07-17,2,48.0
55079180500,55079170400,-87.87471526249948,42.93725893299447,-87.8734267877277,42.89848248246609,2020-07-17,1,24.0
55079180500,55079185400,-87.87471526249948,42.93725893299447,-87.93768935592728,43.06023552955454,2020-07-17,1,24.0
55079180500,55079021100,-87.87471526249948,42.93725893299447,-87.91444199314573,42.970152010378044,2020-07-17,1,24.0
55079007200,55079020000,-87.89788270005259,43.07774402945858,-87.95273620994368,42.98405311376188,2020-07-17,1,35.0
55079007200,55079002400,-87.89788270005259,43.07774402945858,-87.95188617843814,43.106404380820805,2020-07-17,1,35.0
55079007200,55079060200,-87.89788270005259,43.07774402945858,-87.9245165328896,43.11556508690733,2020-07-17,2,70.0
55079007200,55079004400,-87.89788270005259,43.07774402945858,-87.90608569163814,43.089298213737145,2020-07-17,4,141.0
55079007200,55079004500,-87.89788270005259,43.07774402945858,-87.92226909278084,43.08550885272536,2020-07-17,1,35.0
55079007200,55079100100,-87.89788270005259,43.07774402945858,-87.98598444052216,43.01659648927991,2020-07-17,1,35.0
55079007200,55079000102,-87.89788270005259,43.07774402945858,-88.01167859828367,43.164645145767146,2020-07-17,1,35.0
55079007200,55079000202,-87.89788270005259,43.07774402945858,-88.04132965001602,43.160382512849615,2020-07-17,2,70.0
55079007200,55079010800,-87.89788270005259,43.07774402945858,-87.88986181293924,43.05733829509928,2020-07-17,1,35.0
55079007200,55079011200,-87.89788270005259,43.07774402945858,-87.89756439120579,43.055476240018415,2020-07-17,1,35.0
55079007200,55079011400,-87.89788270005259,43.07774402945858,-87.9106574898586,43.05269479350376,2020-07-17,1,35.0
55079007200,55079090300,-87.89788270005259,43.07774402945858,-88.0515779905257,43.06739040507833,2020-07-17,2,70.0
55079007200,55079186300,-87.89788270005259,43.07774402945858,-87.91799927397663,43.040616743150025,2020-07-17,1,35.0
55079007200,55079090200,-87.89788270005259,43.07774402945858,-88.05200796218348,43.081902180003375,2020-07-17,1,35.0
55079007200,55079018400,-87.89788270005259,43.07774402945858,-87.90417459790928,42.9917062933768,2020-07-17,1,35.0
55079007200,55079000501,-87.89788270005259,43.07774402945858,-88.04340002069712,43.115390222488664,2020-07-17,1,35.0
55079007200,55079005300,-87.89788270005259,43.07774402945858,-88.01242727702714,43.07892288175221,2020-07-17,1,35.0
55079007200,55079187400,-87.89788270005259,43.07774402945858,-87.90767949876499,43.03217517915639,2020-07-17,2,70.0
55079007200,55079021000,-87.89788270005259,43.07774402945858,-87.89993467732904,42.962739149255064,2020-07-17,1,35.0
55079007200,55079091200,-87.89788270005259,43.07774402945858,-88.00388284004167,43.0467075980639,2020-07-17,1,35.0
55079007200,55079006800,-87.89788270005259,43.07774402945858,-87.92500216567623,43.079683301494654,2020-07-17,1,35.0
55079007200,55079014600,-87.89788270005259,43.07774402945858,-87.93032605572249,43.04237842637439,2020-07-17,1,35.0
55079007200,55079007000,-87.89788270005259,43.07774402945858,-87.91122456687498,43.07424564740019,2020-07-17,2,70.0
55079007200,55079100400,-87.89788270005259,43.07774402945858,-88.01166560297426,43.0170103539625,2020-07-17,1,35.0
55079007200,55079021600,-87.89788270005259,43.07774402945858,-87.92488475274558,42.952251222261935,2020-07-17,1,35.0
55079007200,55079016600,-87.89788270005259,43.07774402945858,-87.9139279223807,43.010028166006215,2020-07-17,1,35.0
55079007200,55079007100,-87.89788270005259,43.07774402945858,-87.90149576859913,43.07383574480911,2020-07-17,2,70.0
55079007200,55079007900,-87.89788270005259,43.07774402945858,-87.89683936352995,43.06599950452746,2020-07-17,2,70.0
55079007200,55079007300,-87.89788270005259,43.07774402945858,-87.88807891595606,43.0779148594549,2020-07-17,1,35.0
55079007200,55079080200,-87.89788270005259,43.07774402945858,-87.8877423232882,43.0942616397457,2020-07-17,1,35.0
55079007200,55079185700,-87.89788270005259,43.07774402945858,-87.91471207902771,43.06752585199898,2020-07-17,2,70.0
55079007200,55079010700,-87.89788270005259,43.07774402945858,-87.90095083433016,43.0597678010215,2020-07-17,5,176.0
55079007200,55079100200,-87.89788270005259,43.07774402945858,-87.99137992566246,43.01460892403096,2020-07-17,2,70.0
55079007200,55079007200,-87.89788270005259,43.07774402945858,-87.89788270005259,43.07774402945858,2020-07-17,66,2334.0
55079007200,55079009800,-87.89788270005259,43.07774402945858,-87.95409571434068,43.059778012269526,2020-07-17,1,35.0
55079007200,55079004200,-87.89788270005259,43.07774402945858,-87.94544782159862,43.09516547779425,2020-07-17,1,35.0
55079007200,55079120202,-87.89788270005259,43.07774402945858,-87.99868084532402,42.965848843600455,2020-07-17,1,35.0
55079007200,55079011000,-87.89788270005259,43.07774402945858,-87.89727240641399,43.050053518943756,2020-07-17,1,35.0
55079007200,55079007800,-87.89788270005259,43.07774402945858,-87.88801504624632,43.07075279367613,2020-07-17,2,70.0
55079007200,55079180200,-87.89788270005259,43.07774402945858,-87.85506992096182,42.95465467367753,2020-07-17,1,35.0
55079007200,55079014300,-87.89788270005259,43.07774402945858,-87.90101539256612,43.042731429373134,2020-07-17,1,35.0
55079007200,55079020600,-87.89788270005259,43.07774402945858,-87.90444286867323,42.9810337820488,2020-07-17,1,35.0
55079007200,55079090700,-87.89788270005259,43.07774402945858,-88.02545440842808,43.059193901469925,2020-07-17,1,35.0
55079007200,55079004100,-87.89788270005259,43.07774402945858,-87.95681147526382,43.0940907627305,2020-07-17,1,35.0
55079007200,55079091000,-87.89788270005259,43.07774402945858,-87.99705672432205,43.06433297165757,2020-07-17,2,70.0
55079007200,55079100300,-87.89788270005259,43.07774402945858,-88.00316709835943,43.017354422985534,2020-07-17,2,70.0
55079007200,55079101200,-87.89788270005259,43.07774402945858,-88.02772831407549,42.99180235090393,2020-07-17,1,35.0
55079007200,55079004900,-87.89788270005259,43.07774402945858,-87.97231517837423,43.077061406485264,2020-07-17,1,35.0
55079007200,55079008000,-87.89788270005259,43.07774402945858,-87.90282982859381,43.067480284048756,2020-07-17,3,106.0
55079007200,55079005600,-87.89788270005259,43.07774402945858,-88.02758035548169,43.071050112322006,2020-07-17,1,35.0
55079007200,55079017100,-87.89788270005259,43.07774402945858,-87.95808412992528,43.01056521552099,2020-07-17,1,35.0
55079007200,55079017000,-87.89788270005259,43.07774402945858,-87.9475259715867,43.01041841584858,2020-07-17,1,35.0
55079007200,55079002200,-87.89788270005259,43.07774402945858,-87.9335870089048,43.11469059411332,2020-07-17,1,35.0
55079007200,55079015900,-87.89788270005259,43.07774402945858,-87.9473669417017,43.02159668337006,2020-07-17,1,35.0
55079007200,55079006900,-87.89788270005259,43.07774402945858,-87.91078185483303,43.07979537793229,2020-07-17,1,35.0
55079007800,55079020000,-87.88801504624632,43.07075279367613,-87.95273620994368,42.98405311376188,2020-07-17,2,70.0
55079007800,55079004300,-87.88801504624632,43.07075279367613,-87.93220867621264,43.094799127568905,2020-07-17,1,35.0
55079007800,55079060200,-87.88801504624632,43.07075279367613,-87.9245165328896,43.11556508690733,2020-07-17,5,176.0
55079007800,55079004400,-87.88801504624632,43.07075279367613,-87.90608569163814,43.089298213737145,2020-07-17,2,70.0
55079007800,55079100700,-87.88801504624632,43.07075279367613,-88.03788629567484,43.0213025080197,2020-07-17,1,35.0
55079007800,55079010800,-87.88801504624632,43.07075279367613,-87.88986181293924,43.05733829509928,2020-07-17,1,35.0
55079007800,55079011400,-87.88801504624632,43.07075279367613,-87.9106574898586,43.05269479350376,2020-07-17,1,35.0
55079007800,55079110100,-87.88801504624632,43.07075279367613,-87.9710022364233,43.012448953036525,2020-07-17,2,70.0
55079007800,55079000600,-87.88801504624632,43.07075279367613,-88.00190569680801,43.14010292722225,2020-07-17,1,35.0
55079007800,55079050101,-87.88801504624632,43.07075279367613,-87.98494662348081,43.17683059907653,2020-07-17,2,70.0
55079007800,55079186300,-87.88801504624632,43.07075279367613,-87.91799927397663,43.040616743150025,2020-07-17,5,176.0
55079007800,55079012400,-87.88801504624632,43.07075279367613,-87.97680856828566,43.04580144948212,2020-07-17,1,35.0
55079007800,55079070300,-87.88801504624632,43.07075279367613,-87.90380003116019,43.10631443965618,2020-07-17,1,35.0
55079007800,55079090200,-87.88801504624632,43.07075279367613,-88.05200796218348,43.081902180003375,2020-07-17,2,70.0
55079007800,55079160300,-87.88801504624632,43.07075279367613,-87.8893867076047,42.856940087232964,2020-07-17,2,70.0
55079007800,55079014700,-87.88801504624632,43.07075279367613,-87.93551340137516,43.042200823908786,2020-07-17,1,35.0
55079007800,55079187400,-87.88801504624632,43.07075279367613,-87.90767949876499,43.03217517915639,2020-07-17,1,35.0
55079007800,55079000800,-87.88801504624632,43.07075279367613,-87.97372753660457,43.14064967469203,2020-07-17,1,35.0
55079007800,55079180400,-87.88801504624632,43.07075279367613,-87.85633588550823,42.93709205888796,2020-07-17,1,35.0
55079007800,55079100900,-87.88801504624632,43.07075279367613,-88.05216898532913,43.00959788353506,2020-07-17,1,35.0
55079007800,55079007000,-87.88801504624632,43.07075279367613,-87.91122456687498,43.07424564740019,2020-07-17,1,35.0
55079007800,55079007500,-87.88801504624632,43.07075279367613,-87.87772470520909,43.071061371506396,2020-07-17,3,106.0
55079007800,55079070100,-87.88801504624632,43.07075279367613,-87.9076583493148,43.12063010988105,2020-07-17,1,35.0
55079007800,55079007700,-87.88801504624632,43.07075279367613,-87.88849935823362,43.06389053422122,2020-07-17,5,176.0
55079007800,55079014400,-87.88801504624632,43.07075279367613,-87.90784049253895,43.042413401572134,2020-07-17,1,35.0
55079007800,55079018000,-87.88801504624632,43.07075279367613,-87.8945288084346,43.01098558683315,2020-07-17,1,35.0
55079007800,55079021600,-87.88801504624632,43.07075279367613,-87.92488475274558,42.952251222261935,2020-07-17,1,35.0
55079007800,55079005800,-87.88801504624632,43.07075279367613,-87.99994620357029,43.072303413103626,2020-07-17,1,35.0
55079007800,55079035200,-87.88801504624632,43.07075279367613,-87.9070718018067,43.16012040860922,2020-07-17,1,35.0
55079007800,55079187000,-87.88801504624632,43.07075279367613,-87.88728455831759,43.05530607398437,2020-07-17,2,70.0
55079007800,55079019500,-87.88801504624632,43.07075279367613,-88.02769031152603,42.97732706705707,2020-07-17,1,35.0
55079007800,55079007900,-87.88801504624632,43.07075279367613,-87.89683936352995,43.06599950452746,2020-07-17,1,35.0
55079007800,55079007300,-87.88801504624632,43.07075279367613,-87.88807891595606,43.0779148594549,2020-07-17,2,70.0
55079007800,55079080200,-87.88801504624632,43.07075279367613,-87.8877423232882,43.0942616397457,2020-07-17,5,176.0
55079007800,55079019900,-87.88801504624632,43.07075279367613,-87.98235255712866,42.973172118392476,2020-07-17,3,106.0
55079007800,55079010700,-87.88801504624632,43.07075279367613,-87.90095083433016,43.0597678010215,2020-07-17,1,35.0
55079007800,55079100200,-87.88801504624632,43.07075279367613,-87.99137992566246,43.01460892403096,2020-07-17,1,35.0
55079007800,55079007200,-87.88801504624632,43.07075279367613,-87.89788270005259,43.07774402945858,2020-07-17,2,70.0
55079007800,55079007600,-87.88801504624632,43.07075279367613,-87.87859580944733,43.06399812725538,2020-07-17,3,106.0
55079007800,55079011000,-87.88801504624632,43.07075279367613,-87.89727240641399,43.050053518943756,2020-07-17,1,35.0
55079007800,55079014900,-87.88801504624632,43.07075279367613,-87.94481830610269,43.03704436935605,2020-07-17,1,35.0
55079007800,55079012300,-87.88801504624632,43.07075279367613,-87.96196748080853,43.043599093031496,2020-07-17,1,35.0
55079007800,55079080400,-87.88801504624632,43.07075279367613,-87.88848724040903,43.08594082590386,2020-07-17,7,247.0
55079007800,55079007800,-87.88801504624632,43.07075279367613,-87.88801504624632,43.07075279367613,2020-07-17,85,3003.0
55079007800,55079018500,-87.88801504624632,43.07075279367613,-87.91439743752404,42.98441904059949,2020-07-17,1,35.0
55079007800,55079020500,-87.88801504624632,43.07075279367613,-87.92272370744391,42.988321496925906,2020-07-17,1,35.0
55079007800,55079009600,-87.88801504624632,43.07075279367613,-87.96486502955395,43.05277336645368,2020-07-17,1,35.0
55079007800,55079014300,-87.88801504624632,43.07075279367613,-87.90101539256612,43.042731429373134,2020-07-17,1,35.0
55079007800,55079020600,-87.88801504624632,43.07075279367613,-87.90444286867323,42.9810337820488,2020-07-17,1,35.0
55079007800,55079013400,-87.88801504624632,43.07075279367613,-87.95356038604784,43.03496530197635,2020-07-17,1,35.0
55079007800,55079186900,-87.88801504624632,43.07075279367613,-87.88804149673794,43.05226526687869,2020-07-17,2,70.0
55079007800,55079007400,-87.88801504624632,43.07075279367613,-87.87216855868374,43.078043126250115,2020-07-17,2,70.0
55079007800,55079008000,-87.88801504624632,43.07075279367613,-87.90282982859381,43.067480284048756,2020-07-17,1,35.0
55079007800,55079006500,-87.88801504624632,43.07075279367613,-87.94229465456391,43.0797331466399,2020-07-17,1,35.0
55079000700,55079020000,-87.99009583376943,43.15588909293765,-87.95273620994368,42.98405311376188,2020-07-17,2,28.0
55079000700,55079004300,-87.99009583376943,43.15588909293765,-87.93220867621264,43.094799127568905,2020-07-17,1,14.0
55079000700,55079060200,-87.99009583376943,43.15588909293765,-87.9245165328896,43.11556508690733,2020-07-17,5,72.0
55079000700,55079004400,-87.99009583376943,43.15588909293765,-87.90608569163814,43.089298213737145,2020-07-17,4,57.0
55079000700,55079091300,-87.99009583376943,43.15588909293765,-88.0097444924032,43.037871666045895,2020-07-17,1,14.0
55079000700,55079000101,-87.99009583376943,43.15588909293765,-88.00922083481396,43.18510784936368,2020-07-17,5,72.0
55079000700,55079000102,-87.99009583376943,43.15588909293765,-88.01167859828367,43.164645145767146,2020-07-17,6,86.0
55079000700,55079000202,-87.99009583376943,43.15588909293765,-88.04132965001602,43.160382512849615,2020-07-17,10,144.0
55079000700,55079010800,-87.99009583376943,43.15588909293765,-87.88986181293924,43.05733829509928,2020-07-17,1,14.0
55079000700,55079110100,-87.99009583376943,43.15588909293765,-87.9710022364233,43.012448953036525,2020-07-17,3,43.0
55079000700,55079000600,-87.99009583376943,43.15588909293765,-88.00190569680801,43.14010292722225,2020-07-17,9,129.0
55079000700,55079050101,-87.99009583376943,43.15588909293765,-87.98494662348081,43.17683059907653,2020-07-17,14,202.0
55079000700,55079090300,-87.99009583376943,43.15588909293765,-88.0515779905257,43.06739040507833,2020-07-17,2,28.0
55079000700,55079186300,-87.99009583376943,43.15588909293765,-87.91799927397663,43.040616743150025,2020-07-17,1,14.0
55079000700,55079021700,-87.99009583376943,43.15588909293765,-87.91312462574102,42.94052513723052,2020-07-17,2,28.0
55079000700,55079090100,-87.99009583376943,43.15588909293765,-88.04837730790923,43.0973204568905,2020-07-17,3,43.0
55079000700,55079120400,-87.99009583376943,43.15588909293765,-87.96548496050795,42.96670427425607,2020-07-17,1,14.0
55079000700,55079000501,-87.99009583376943,43.15588909293765,-88.04340002069712,43.115390222488664,2020-07-17,2,28.0
55079000700,55079001200,-87.99009583376943,43.15588909293765,-87.98620080987179,43.12617611256525,2020-07-17,2,28.0
55079000700,55079004800,-87.99009583376943,43.15588909293765,-87.96231596301399,43.077035360461494,2020-07-17,2,28.0
55079000700,55079185900,-87.99009583376943,43.15588909293765,-87.93229166080955,43.05383765471328,2020-07-17,1,14.0
55079000700,55079090600,-87.99009583376943,43.15588909293765,-88.05435154566402,43.03795832032663,2020-07-17,1,14.0
55079000700,55079000800,-87.99009583376943,43.15588909293765,-87.97372753660457,43.14064967469203,2020-07-17,6,86.0
55079000700,55079004000,-87.99009583376943,43.15588909293765,-87.97205846198321,43.09342306765945,2020-07-17,1,14.0
55079000700,55079004600,-87.99009583376943,43.15588909293765,-87.9321086251029,43.08569057130924,2020-07-17,1,14.0
55079000700,55079000400,-87.99009583376943,43.15588909293765,-88.05554472050937,43.110954423820296,2020-07-17,1,14.0
55079000700,55079000502,-87.99009583376943,43.15588909293765,-88.03128731150349,43.12480634966938,2020-07-17,3,43.0
55079000700,55079186800,-87.99009583376943,43.15588909293765,-87.9506670108877,43.02815858561159,2020-07-17,1,14.0
55079000700,55079091200,-87.99009583376943,43.15588909293765,-88.00388284004167,43.0467075980639,2020-07-17,1,14.0
55079000700,55079100600,-87.99009583376943,43.15588909293765,-88.02237498004419,43.02035162464835,2020-07-17,1,14.0
55079000700,55079020100,-87.99009583376943,43.15588909293765,-87.94099671150566,42.988482506396224,2020-07-17,2,28.0
55079000700,55079005000,-87.99009583376943,43.15588909293765,-87.98327608357046,43.07665137069942,2020-07-17,2,28.0
55079000700,55079002800,-87.99009583376943,43.15588909293765,-87.97141961541004,43.10830621321033,2020-07-17,1,14.0
55079000700,55079014600,-87.99009583376943,43.15588909293765,-87.93032605572249,43.04237842637439,2020-07-17,1,14.0
55079000700,55079007000,-87.99009583376943,43.15588909293765,-87.91122456687498,43.07424564740019,2020-07-17,1,14.0
55079000700,55079186500,-87.99009583376943,43.15588909293765,-87.9130303085029,43.02319729476483,2020-07-17,2,28.0
55079000700,55079003300,-87.99009583376943,43.15588909293765,-88.0173066794685,43.1010408446094,2020-07-17,1,14.0
55079000700,55079001600,-87.99009583376943,43.15588909293765,-88.01599665750028,43.11588641903863,2020-07-17,1,14.0
55079000700,55079030100,-87.99009583376943,43.15588909293765,-87.89837270942148,43.1819862198906,2020-07-17,1,14.0
55079000700,55079007700,-87.99009583376943,43.15588909293765,-87.88849935823362,43.06389053422122,2020-07-17,1,14.0
55079000700,55079040100,-87.99009583376943,43.15588909293765,-87.93527423095499,43.17163768621121,2020-07-17,1,14.0
55079000700,55079003600,-87.99009583376943,43.15588909293765,-87.98321131530031,43.092736225323044,2020-07-17,1,14.0
55079000700,55079035100,-87.99009583376943,43.15588909293765,-87.89285549776399,43.15380150659221,2020-07-17,1,14.0
55079000700,55079100400,-87.99009583376943,43.15588909293765,-88.01166560297426,43.0170103539625,2020-07-17,1,14.0
55079000700,55079150100,-87.99009583376943,43.15588909293765,-87.97759713310646,42.91424119290261,2020-07-17,1,14.0
55079000700,55079003400,-87.99009583376943,43.15588909293765,-88.02444287795417,43.0934576342605,2020-07-17,1,14.0
55079000700,55079035200,-87.99009583376943,43.15588909293765,-87.9070718018067,43.16012040860922,2020-07-17,4,57.0
55079000700,55079016600,-87.99009583376943,43.15588909293765,-87.9139279223807,43.010028166006215,2020-07-17,1,14.0
55079000700,55079100800,-87.99009583376943,43.15588909293765,-88.05710943935104,43.023654444193184,2020-07-17,1,14.0
55079000700,55079050102,-87.99009583376943,43.15588909293765,-87.96743569232115,43.172443064752215,2020-07-17,16,230.0
55079000700,55079006300,-87.99009583376943,43.15588909293765,-87.95229119818997,43.07635281761954,2020-07-17,1,14.0
55079000700,55079000700,-87.99009583376943,43.15588909293765,-87.99009583376943,43.15588909293765,2020-07-17,200,2886.0
55079000700,55079101500,-87.99009583376943,43.15588909293765,-88.00747595996755,43.007126720391405,2020-07-17,1,14.0
55079000700,55079101700,-87.99009583376943,43.15588909293765,-88.00697190300957,43.00173437379505,2020-07-17,2,28.0
55079000700,55079100200,-87.99009583376943,43.15588909293765,-87.99137992566246,43.01460892403096,2020-07-17,1,14.0
55079000700,55079005700,-87.99009583376943,43.15588909293765,-88.01309831915184,43.07138814037072,2020-07-17,1,14.0
55079000700,55079003100,-87.99009583376943,43.15588909293765,-87.98607018194353,43.10091760946077,2020-07-17,4,57.0
55079000700,55079005200,-87.99009583376943,43.15588909293765,-88.0124256780363,43.086227920709504,2020-07-17,1,14.0
55079000700,55079007200,-87.99009583376943,43.15588909293765,-87.89788270005259,43.07774402945858,2020-07-17,1,14.0
55079000700,55079000900,-87.99009583376943,43.15588909293765,-87.95566887882444,43.14970170326806,2020-07-17,3,43.0
55079000700,55079001300,-87.99009583376943,43.15588909293765,-87.99843350448002,43.126783535933505,2020-07-17,1,14.0
55079000700,55079016700,-87.99009583376943,43.15588909293765,-87.92209519609614,43.010301162214034,2020-07-17,1,14.0
55079000700,55079012300,-87.99009583376943,43.15588909293765,-87.96196748080853,43.043599093031496,2020-07-17,1,14.0
55079000700,55079001500,-87.99009583376943,43.15588909293765,-88.01520145334699,43.123754077777434,2020-07-17,1,14.0
55079000700,55079002000,-87.99009583376943,43.15588909293765,-87.96815137233186,43.115621500302275,2020-07-17,1,14.0
55079000700,55079000201,-87.99009583376943,43.15588909293765,-88.0472441211064,43.1799495757708,2020-07-17,1,14.0
55079000700,55079004700,-87.99009583376943,43.15588909293765,-87.94760565609727,43.08576787197636,2020-07-17,2,28.0
55079000700,55079012700,-87.99009583376943,43.15588909293765,-88.0122777504643,43.029662330242175,2020-07-17,1,14.0
55079000700,55079002600,-87.99009583376943,43.15588909293765,-87.96192834607115,43.10067420371696,2020-07-17,1,14.0
55079000700,55079009000,-87.99009583376943,43.15588909293765,-87.9610837883489,43.060355868415826,2020-07-17,1,14.0
55079000700,55079013700,-87.99009583376943,43.15588909293765,-87.94529508707278,43.04229912697773,2020-07-17,1,14.0
55079000700,55079000304,-87.99009583376943,43.15588909293765,-88.02644618111368,43.14364069729464,2020-07-17,2,28.0
55079000700,55079001900,-87.99009583376943,43.15588909293765,-87.98367415791445,43.115686316787006,2020-07-17,3,43.0
55079000700,55079001100,-87.99009583376943,43.15588909293765,-87.96901390366762,43.127689901740844,2020-07-17,2,28.0
55079000700,55079009600,-87.99009583376943,43.15588909293765,-87.96486502955395,43.05277336645368,2020-07-17,1,14.0
55079000700,55079011100,-87.99009583376943,43.15588909293765,-87.90155963599153,43.04933924860895,2020-07-17,1,14.0
55079000700,55079008900,-87.99009583376943,43.15588909293765,-87.95337828163817,43.06706338271535,2020-07-17,1,14.0
55079000700,55079170100,-87.99009583376943,43.15588909293765,-87.84892368656588,42.919583500675934,2020-07-17,1,14.0
55079000700,55079091000,-87.99009583376943,43.15588909293765,-87.99705672432205,43.06433297165757,2020-07-17,1,14.0
55079000700,55079005100,-87.99009583376943,43.15588909293765,-87.99757698420609,43.08261869423604,2020-07-17,2,28.0
55079000700,55079014800,-87.99009583376943,43.15588909293765,-87.9402035907502,43.042125624825495,2020-07-17,1,14.0
55079000700,55079060102,-87.99009583376943,43.15588909293765,-87.93974960524739,43.148654535590595,2020-07-17,2,28.0
55079000700,55079006400,-87.99009583376943,43.15588909293765,-87.94234792087695,43.07421796319209,2020-07-17,1,14.0
55079000700,55079017100,-87.99009583376943,43.15588909293765,-87.95808412992528,43.01056521552099,2020-07-17,1,14.0
55079000700,55079006100,-87.99009583376943,43.15588909293765,-87.96847508739953,43.06791249267312,2020-07-17,2,28.0
55079000700,55079001000,-87.99009583376943,43.15588909293765,-87.95348314468296,43.12464896388482,2020-07-17,3,43.0
55079000700,55079017000,-87.99009583376943,43.15588909293765,-87.9475259715867,43.01041841584858,2020-07-17,1,14.0
55079000700,55079003000,-87.99009583376943,43.15588909293765,-87.99619059962126,43.10851035065769,2020-07-17,3,43.0
55079000700,55079090800,-87.99009583376943,43.15588909293765,-88.01754834659646,43.063072316879136,2020-07-17,3,43.0
55079000700,55079185400,-87.99009583376943,43.15588909293765,-87.93768935592728,43.06023552955454,2020-07-17,2,28.0
55079000700,55079017200,-87.99009583376943,43.15588909293765,-87.95621680562614,43.002904101727246,2020-07-17,2,28.0
55079002000,55079020000,-87.96815137233186,43.115621500302275,-87.95273620994368,42.98405311376188,2020-07-17,2,34.0
55079002000,55079002100,-87.96815137233186,43.115621500302275,-87.95315716160212,43.115529640428136,2020-07-17,6,102.0
55079002000,55079002400,-87.96815137233186,43.115621500302275,-87.95188617843814,43.106404380820805,2020-07-17,2,34.0
55079002000,55079004300,-87.96815137233186,43.115621500302275,-87.93220867621264,43.094799127568905,2020-07-17,4,68.0
55079002000,55079060200,-87.96815137233186,43.115621500302275,-87.9245165328896,43.11556508690733,2020-07-17,5,85.0
55079002000,55079004400,-87.96815137233186,43.115621500302275,-87.90608569163814,43.089298213737145,2020-07-17,1,17.0
55079002000,55079000101,-87.96815137233186,43.115621500302275,-88.00922083481396,43.18510784936368,2020-07-17,1,17.0
55079002000,55079000102,-87.96815137233186,43.115621500302275,-88.01167859828367,43.164645145767146,2020-07-17,4,68.0
55079002000,55079002300,-87.96815137233186,43.115621500302275,-87.93621856893152,43.105985427841645,2020-07-17,2,34.0
55079002000,55079011400,-87.96815137233186,43.115621500302275,-87.9106574898586,43.05269479350376,2020-07-17,2,34.0
55079002000,55079000600,-87.96815137233186,43.115621500302275,-88.00190569680801,43.14010292722225,2020-07-17,2,34.0
55079002000,55079050101,-87.96815137233186,43.115621500302275,-87.98494662348081,43.17683059907653,2020-07-17,1,17.0
55079002000,55079090300,-87.96815137233186,43.115621500302275,-88.0515779905257,43.06739040507833,2020-07-17,2,34.0
55079002000,55079186300,-87.96815137233186,43.115621500302275,-87.91799927397663,43.040616743150025,2020-07-17,2,34.0
55079002000,55079021700,-87.96815137233186,43.115621500302275,-87.91312462574102,42.94052513723052,2020-07-17,2,34.0
55079002000,55079070300,-87.96815137233186,43.115621500302275,-87.90380003116019,43.10631443965618,2020-07-17,1,17.0
55079002000,55079090100,-87.96815137233186,43.115621500302275,-88.04837730790923,43.0973204568905,2020-07-17,2,34.0
55079002000,55079090200,-87.96815137233186,43.115621500302275,-88.05200796218348,43.081902180003375,2020-07-17,3,51.0
55079002000,55079090900,-87.96815137233186,43.115621500302275,-88.00270912368009,43.06124682618238,2020-07-17,1,17.0
55079002000,55079160300,-87.96815137233186,43.115621500302275,-87.8893867076047,42.856940087232964,2020-07-17,1,17.0
55079002000,55079000501,-87.96815137233186,43.115621500302275,-88.04340002069712,43.115390222488664,2020-07-17,4,68.0
55079002000,55079001200,-87.96815137233186,43.115621500302275,-87.98620080987179,43.12617611256525,2020-07-17,1,17.0
55079002000,55079002700,-87.96815137233186,43.115621500302275,-87.97176690626681,43.100825271475365,2020-07-17,4,68.0
55079002000,55079186000,-87.96815137233186,43.115621500302275,-87.92039854147795,43.053956957431964,2020-07-17,1,17.0
55079002000,55079003200,-87.96815137233186,43.115621500302275,-88.00111189801154,43.10115852758208,2020-07-17,1,17.0
55079002000,55079060101,-87.96815137233186,43.115621500302275,-87.92535691568614,43.13950788268824,2020-07-17,1,17.0
55079002000,55079185300,-87.96815137233186,43.115621500302275,-88.04265402690729,43.049880154873065,2020-07-17,2,34.0
55079002000,55079014700,-87.96815137233186,43.115621500302275,-87.93551340137516,43.042200823908786,2020-07-17,1,17.0
55079002000,55079187400,-87.96815137233186,43.115621500302275,-87.90767949876499,43.03217517915639,2020-07-17,3,51.0
55079002000,55079000800,-87.96815137233186,43.115621500302275,-87.97372753660457,43.14064967469203,2020-07-17,2,34.0
55079002000,55079004000,-87.96815137233186,43.115621500302275,-87.97205846198321,43.09342306765945,2020-07-17,2,34.0
55079002000,55079004600,-87.96815137233186,43.115621500302275,-87.9321086251029,43.08569057130924,2020-07-17,2,34.0
55079002000,55079005400,-87.96815137233186,43.115621500302275,-88.02259608100492,43.0824437803151,2020-07-17,1,17.0
55079002000,55079000400,-87.96815137233186,43.115621500302275,-88.05554472050937,43.110954423820296,2020-07-17,1,17.0
55079002000,55079006200,-87.96815137233186,43.115621500302275,-87.96097127315564,43.067902782244275,2020-07-17,1,17.0
55079002000,55079006000,-87.96815137233186,43.115621500302275,-87.97554005335066,43.067947929210746,2020-07-17,1,17.0
55079002000,55079091200,-87.96815137233186,43.115621500302275,-88.00388284004167,43.0467075980639,2020-07-17,1,17.0
55079002000,55079005000,-87.96815137233186,43.115621500302275,-87.98327608357046,43.07665137069942,2020-07-17,1,17.0
55079002000,55079001400,-87.96815137233186,43.115621500302275,-88.01656972395298,43.130900969315825,2020-07-17,1,17.0
55079002000,55079002800,-87.96815137233186,43.115621500302275,-87.97141961541004,43.10830621321033,2020-07-17,3,51.0
55079002000,55079006800,-87.96815137233186,43.115621500302275,-87.92500216567623,43.079683301494654,2020-07-17,1,17.0
55079002000,55079013600,-87.96815137233186,43.115621500302275,-87.9527511611333,43.04369545920421,2020-07-17,1,17.0
55079002000,55079003300,-87.96815137233186,43.115621500302275,-88.0173066794685,43.1010408446094,2020-07-17,1,17.0
55079002000,55079003600,-87.96815137233186,43.115621500302275,-87.98321131530031,43.092736225323044,2020-07-17,4,68.0
55079002000,55079011300,-87.96815137233186,43.115621500302275,-87.90713298111844,43.04890661506502,2020-07-17,1,17.0
55079002000,55079070200,-87.96815137233186,43.115621500302275,-87.8919112738197,43.1133970416122,2020-07-17,1,17.0
55079002000,55079001800,-87.96815137233186,43.115621500302275,-87.99853790291819,43.115847306484916,2020-07-17,5,85.0
55079002000,55079005500,-87.96815137233186,43.115621500302275,-88.03284541742188,43.08237006688624,2020-07-17,1,17.0
55079002000,55079187000,-87.96815137233186,43.115621500302275,-87.88728455831759,43.05530607398437,2020-07-17,1,17.0
55079002000,55079014100,-87.96815137233186,43.115621500302275,-87.92097269793881,43.04863570292668,2020-07-17,2,34.0
55079002000,55079100800,-87.96815137233186,43.115621500302275,-88.05710943935104,43.023654444193184,2020-07-17,1,17.0
55079002000,55079050102,-87.96815137233186,43.115621500302275,-87.96743569232115,43.172443064752215,2020-07-17,2,34.0
55079002000,55079185700,-87.96815137233186,43.115621500302275,-87.91471207902771,43.06752585199898,2020-07-17,3,51.0
55079002000,55079016300,-87.96815137233186,43.115621500302275,-87.93764055272034,43.01572710315665,2020-07-17,1,17.0
55079002000,55079101500,-87.96815137233186,43.115621500302275,-88.00747595996755,43.007126720391405,2020-07-17,1,17.0
55079002000,55079003100,-87.96815137233186,43.115621500302275,-87.98607018194353,43.10091760946077,2020-07-17,1,17.0
55079002000,55079000900,-87.96815137233186,43.115621500302275,-87.95566887882444,43.14970170326806,2020-07-17,2,34.0
55079002000,55079001300,-87.96815137233186,43.115621500302275,-87.99843350448002,43.126783535933505,2020-07-17,1,17.0
55079002000,55079001700,-87.96815137233186,43.115621500302275,-88.01621221830194,43.10855887721336,2020-07-17,4,68.0
55079002000,55079004200,-87.96815137233186,43.115621500302275,-87.94544782159862,43.09516547779425,2020-07-17,2,34.0
55079002000,55079001500,-87.96815137233186,43.115621500302275,-88.01520145334699,43.123754077777434,2020-07-17,1,17.0
55079002000,55079002000,-87.96815137233186,43.115621500302275,-87.96815137233186,43.115621500302275,2020-07-17,114,1938.0
55079002000,55079000201,-87.96815137233186,43.115621500302275,-88.0472441211064,43.1799495757708,2020-07-17,1,17.0
55079002000,55079004700,-87.96815137233186,43.115621500302275,-87.94760565609727,43.08576787197636,2020-07-17,1,17.0
55079002000,55079021500,-87.96815137233186,43.115621500302275,-87.94398245259515,42.952098604888974,2020-07-17,1,17.0
55079002000,55079020200,-87.96815137233186,43.115621500302275,-87.94112496275925,42.977527635995024,2020-07-17,1,17.0
55079002000,55079019700,-87.96815137233186,43.115621500302275,-88.00741820523533,42.97570820507905,2020-07-17,1,17.0
55079002000,55079002600,-87.96815137233186,43.115621500302275,-87.96192834607115,43.10067420371696,2020-07-17,2,34.0
55079002000,55079001900,-87.96815137233186,43.115621500302275,-87.98367415791445,43.115686316787006,2020-07-17,6,102.0
55079002000,55079003700,-87.96815137233186,43.115621500302275,-87.98336380852676,43.08546039091554,2020-07-17,1,17.0
55079002000,55079001100,-87.96815137233186,43.115621500302275,-87.96901390366762,43.127689901740844,2020-07-17,4,68.0
55079002000,55079016500,-87.96815137233186,43.115621500302275,-87.91153110922029,43.01579142211555,2020-07-17,1,17.0
55079002000,55079009600,-87.96815137233186,43.115621500302275,-87.96486502955395,43.05277336645368,2020-07-17,1,17.0
55079002000,55079004100,-87.96815137233186,43.115621500302275,-87.95681147526382,43.0940907627305,2020-07-17,2,34.0
55079002000,55079185800,-87.96815137233186,43.115621500302275,-87.94265216254213,43.0538687550207,2020-07-17,1,17.0
55079002000,55079021800,-87.96815137233186,43.115621500302275,-87.95694377227925,42.94079756603018,2020-07-17,1,17.0
55079002000,55079186900,-87.96815137233186,43.115621500302275,-87.88804149673794,43.05226526687869,2020-07-17,1,17.0
55079002000,55079005100,-87.96815137233186,43.115621500302275,-87.99757698420609,43.08261869423604,2020-07-17,2,34.0
55079002000,55079004900,-87.96815137233186,43.115621500302275,-87.97231517837423,43.077061406485264,2020-07-17,1,17.0
55079002000,55079008000,-87.96815137233186,43.115621500302275,-87.90282982859381,43.067480284048756,2020-07-17,1,17.0
55079002000,55079186100,-87.96815137233186,43.115621500302275,-87.94279275484007,43.048652729679134,2020-07-17,1,17.0
55079002000,55079006400,-87.96815137233186,43.115621500302275,-87.94234792087695,43.07421796319209,2020-07-17,2,34.0
55079002000,55079002500,-87.96815137233186,43.115621500302275,-87.96218045466739,43.10795733493045,2020-07-17,1,17.0
55079002000,55079006100,-87.96815137233186,43.115621500302275,-87.96847508739953,43.06791249267312,2020-07-17,2,34.0
55079002000,55079001000,-87.96815137233186,43.115621500302275,-87.95348314468296,43.12464896388482,2020-07-17,2,34.0
55079002000,55079009300,-87.96815137233186,43.115621500302275,-87.98314520393755,43.060746025032145,2020-07-17,1,17.0
55079002000,55079017000,-87.96815137233186,43.115621500302275,-87.9475259715867,43.01041841584858,2020-07-17,2,34.0
55079002000,55079009900,-87.96815137233186,43.115621500302275,-87.94630275235495,43.060274421469344,2020-07-17,1,17.0
55079002000,55079003000,-87.96815137233186,43.115621500302275,-87.99619059962126,43.10851035065769,2020-07-17,1,17.0
55079002000,55079006500,-87.96815137233186,43.115621500302275,-87.94229465456391,43.0797331466399,2020-07-17,1,17.0
55079002000,55079185400,-87.96815137233186,43.115621500302275,-87.93768935592728,43.06023552955454,2020-07-17,1,17.0
55079002000,55079008800,-87.96815137233186,43.115621500302275,-87.94617084834631,43.06788862375971,2020-07-17,1,17.0
55079002000,55079009700,-87.96815137233186,43.115621500302275,-87.95262115062044,43.05393954073114,2020-07-17,1,17.0
55079003600,55079002100,-87.98321131530031,43.092736225323044,-87.95315716160212,43.115529640428136,2020-07-17,1,26.0
55079003600,55079004300,-87.98321131530031,43.092736225323044,-87.93220867621264,43.094799127568905,2020-07-17,2,53.0
55079003600,55079060200,-87.98321131530031,43.092736225323044,-87.9245165328896,43.11556508690733,2020-07-17,1,26.0
55079003600,55079004400,-87.98321131530031,43.092736225323044,-87.90608569163814,43.089298213737145,2020-07-17,6,159.0
55079003600,55079000101,-87.98321131530031,43.092736225323044,-88.00922083481396,43.18510784936368,2020-07-17,1,26.0
55079003600,55079000102,-87.98321131530031,43.092736225323044,-88.01167859828367,43.164645145767146,2020-07-17,2,53.0
55079003600,55079000202,-87.98321131530031,43.092736225323044,-88.04132965001602,43.160382512849615,2020-07-17,3,79.0
55079003600,55079002300,-87.98321131530031,43.092736225323044,-87.93621856893152,43.105985427841645,2020-07-17,4,106.0
55079003600,55079110100,-87.98321131530031,43.092736225323044,-87.9710022364233,43.012448953036525,2020-07-17,1,26.0
55079003600,55079160100,-87.98321131530031,43.092736225323044,-87.91471599062149,42.91513941042769,2020-07-17,3,79.0
55079003600,55079000600,-87.98321131530031,43.092736225323044,-88.00190569680801,43.14010292722225,2020-07-17,4,106.0
55079003600,55079050101,-87.98321131530031,43.092736225323044,-87.98494662348081,43.17683059907653,2020-07-17,2,53.0
55079003600,55079090300,-87.98321131530031,43.092736225323044,-88.0515779905257,43.06739040507833,2020-07-17,5,132.0
55079003600,55079021700,-87.98321131530031,43.092736225323044,-87.91312462574102,42.94052513723052,2020-07-17,1,26.0
55079003600,55079070300,-87.98321131530031,43.092736225323044,-87.90380003116019,43.10631443965618,2020-07-17,1,26.0
55079003600,55079090100,-87.98321131530031,43.092736225323044,-88.04837730790923,43.0973204568905,2020-07-17,1,26.0
55079003600,55079090200,-87.98321131530031,43.092736225323044,-88.05200796218348,43.081902180003375,2020-07-17,2,53.0
55079003600,55079000501,-87.98321131530031,43.092736225323044,-88.04340002069712,43.115390222488664,2020-07-17,1,26.0
55079003600,55079002700,-87.98321131530031,43.092736225323044,-87.97176690626681,43.100825271475365,2020-07-17,2,53.0
55079003600,55079003500,-87.98321131530031,43.092736225323044,-87.99830093777771,43.09359369867719,2020-07-17,7,186.0
55079003600,55079004800,-87.98321131530031,43.092736225323044,-87.96231596301399,43.077035360461494,2020-07-17,1,26.0
55079003600,55079003200,-87.98321131530031,43.092736225323044,-88.00111189801154,43.10115852758208,2020-07-17,3,79.0
55079003600,55079005300,-87.98321131530031,43.092736225323044,-88.01242727702714,43.07892288175221,2020-07-17,2,53.0
55079003600,55079185300,-87.98321131530031,43.092736225323044,-88.04265402690729,43.049880154873065,2020-07-17,3,79.0
55079003600,55079000800,-87.98321131530031,43.092736225323044,-87.97372753660457,43.14064967469203,2020-07-17,1,26.0
55079003600,55079004600,-87.98321131530031,43.092736225323044,-87.9321086251029,43.08569057130924,2020-07-17,1,26.0
55079003600,55079005400,-87.98321131530031,43.092736225323044,-88.02259608100492,43.0824437803151,2020-07-17,3,79.0
55079003600,55079000400,-87.98321131530031,43.092736225323044,-88.05554472050937,43.110954423820296,2020-07-17,2,53.0
55079003600,55079000502,-87.98321131530031,43.092736225323044,-88.03128731150349,43.12480634966938,2020-07-17,1,26.0
55079003600,55079006200,-87.98321131530031,43.092736225323044,-87.96097127315564,43.067902782244275,2020-07-17,1,26.0
55079003600,55079006000,-87.98321131530031,43.092736225323044,-87.97554005335066,43.067947929210746,2020-07-17,1,26.0
55079003600,55079091200,-87.98321131530031,43.092736225323044,-88.00388284004167,43.0467075980639,2020-07-17,1,26.0
55079003600,55079005000,-87.98321131530031,43.092736225323044,-87.98327608357046,43.07665137069942,2020-07-17,3,79.0
55079003600,55079001400,-87.98321131530031,43.092736225323044,-88.01656972395298,43.130900969315825,2020-07-17,2,53.0
55079003600,55079002800,-87.98321131530031,43.092736225323044,-87.97141961541004,43.10830621321033,2020-07-17,1,26.0
55079003600,55079006800,-87.98321131530031,43.092736225323044,-87.92500216567623,43.079683301494654,2020-07-17,1,26.0
55079003600,55079091400,-87.98321131530031,43.092736225323044,-87.99383660813824,43.04031315098078,2020-07-17,1,26.0
55079003600,55079008500,-87.98321131530031,43.092736225323044,-87.9298714910033,43.06776123229879,2020-07-17,2,53.0
55079003600,55079007700,-87.98321131530031,43.092736225323044,-87.88849935823362,43.06389053422122,2020-07-17,1,26.0
55079003600,55079008100,-87.98321131530031,43.092736225323044,-87.90743836658615,43.067471782486706,2020-07-17,2,53.0
55079003600,55079040100,-87.98321131530031,43.092736225323044,-87.93527423095499,43.17163768621121,2020-07-17,1,26.0
55079003600,55079003600,-87.98321131530031,43.092736225323044,-87.98321131530031,43.092736225323044,2020-07-17,74,1966.0
55079003600,55079003800,-87.98321131530031,43.092736225323044,-87.97215356169055,43.086187842345545,2020-07-17,3,79.0
55079003600,55079011300,-87.98321131530031,43.092736225323044,-87.90713298111844,43.04890661506502,2020-07-17,1,26.0
55079003600,55079014400,-87.98321131530031,43.092736225323044,-87.90784049253895,43.042413401572134,2020-07-17,2,53.0
55079003600,55079003400,-87.98321131530031,43.092736225323044,-88.02444287795417,43.0934576342605,2020-07-17,5,132.0
55079003600,55079050102,-87.98321131530031,43.092736225323044,-87.96743569232115,43.172443064752215,2020-07-17,5,132.0
55079003600,55079006300,-87.98321131530031,43.092736225323044,-87.95229119818997,43.07635281761954,2020-07-17,1,26.0
55079003600,55079185700,-87.98321131530031,43.092736225323044,-87.91471207902771,43.06752585199898,2020-07-17,1,26.0
55079003600,55079000700,-87.98321131530031,43.092736225323044,-87.99009583376943,43.15588909293765,2020-07-17,3,79.0
55079003600,55079100200,-87.98321131530031,43.092736225323044,-87.99137992566246,43.01460892403096,2020-07-17,1,26.0
55079003600,55079005700,-87.98321131530031,43.092736225323044,-88.01309831915184,43.07138814037072,2020-07-17,1,26.0
55079003600,55079003100,-87.98321131530031,43.092736225323044,-87.98607018194353,43.10091760946077,2020-07-17,4,106.0
55079003600,55079005200,-87.98321131530031,43.092736225323044,-88.0124256780363,43.086227920709504,2020-07-17,1,26.0
55079003600,55079005900,-87.98321131530031,43.092736225323044,-87.98523579862835,43.06821108392844,2020-07-17,2,53.0
55079003600,55079006600,-87.98321131530031,43.092736225323044,-87.93135214789555,43.075399167305534,2020-07-17,1,26.0
55079003600,55079007600,-87.98321131530031,43.092736225323044,-87.87859580944733,43.06399812725538,2020-07-17,1,26.0
55079003600,55079000900,-87.98321131530031,43.092736225323044,-87.95566887882444,43.14970170326806,2020-07-17,3,79.0
55079003600,55079001300,-87.98321131530031,43.092736225323044,-87.99843350448002,43.126783535933505,2020-07-17,1,26.0
55079003600,55079001700,-87.98321131530031,43.092736225323044,-88.01621221830194,43.10855887721336,2020-07-17,1,26.0
55079003600,55079004200,-87.98321131530031,43.092736225323044,-87.94544782159862,43.09516547779425,2020-07-17,2,53.0
55079003600,55079001500,-87.98321131530031,43.092736225323044,-88.01520145334699,43.123754077777434,2020-07-17,1,26.0
55079003600,55079002000,-87.98321131530031,43.092736225323044,-87.96815137233186,43.115621500302275,2020-07-17,2,53.0
55079003600,55079003900,-87.98321131530031,43.092736225323044,-87.96215160813261,43.086172227530916,2020-07-17,2,53.0
55079003600,55079000201,-87.98321131530031,43.092736225323044,-88.0472441211064,43.1799495757708,2020-07-17,1,26.0
55079003600,55079007800,-87.98321131530031,43.092736225323044,-87.88801504624632,43.07075279367613,2020-07-17,1,26.0
55079003600,55079012700,-87.98321131530031,43.092736225323044,-88.0122777504643,43.029662330242175,2020-07-17,1,26.0
55079003600,55079009000,-87.98321131530031,43.092736225323044,-87.9610837883489,43.060355868415826,2020-07-17,1,26.0
55079003600,55079003700,-87.98321131530031,43.092736225323044,-87.98336380852676,43.08546039091554,2020-07-17,5,132.0
55079003600,55079001100,-87.98321131530031,43.092736225323044,-87.96901390366762,43.127689901740844,2020-07-17,1,26.0
55079003600,55079016500,-87.98321131530031,43.092736225323044,-87.91153110922029,43.01579142211555,2020-07-17,1,26.0
55079003600,55079008900,-87.98321131530031,43.092736225323044,-87.95337828163817,43.06706338271535,2020-07-17,1,26.0
55079003600,55079170100,-87.98321131530031,43.092736225323044,-87.84892368656588,42.919583500675934,2020-07-17,1,26.0
55079003600,55079091000,-87.98321131530031,43.092736225323044,-87.99705672432205,43.06433297165757,2020-07-17,1,26.0
55079003600,55079186200,-87.98321131530031,43.092736225323044,-87.93244814260824,43.04856605375616,2020-07-17,1,26.0
55079003600,55079185600,-87.98321131530031,43.092736225323044,-87.91469071944607,43.06026722158336,2020-07-17,2,53.0
55079003600,55079005100,-87.98321131530031,43.092736225323044,-87.99757698420609,43.08261869423604,2020-07-17,3,79.0
55079003600,55079004900,-87.98321131530031,43.092736225323044,-87.97231517837423,43.077061406485264,2020-07-17,2,53.0
55079003600,55079013300,-87.98321131530031,43.092736225323044,-87.96206431187025,43.03483590901066,2020-07-17,1,26.0
55079003600,55079001000,-87.98321131530031,43.092736225323044,-87.95348314468296,43.12464896388482,2020-07-17,3,79.0
55079003600,55079009900,-87.98321131530031,43.092736225323044,-87.94630275235495,43.060274421469344,2020-07-17,1,26.0
55079003600,55079003000,-87.98321131530031,43.092736225323044,-87.99619059962126,43.10851035065769,2020-07-17,2,53.0
55079003600,55079006500,-87.98321131530031,43.092736225323044,-87.94229465456391,43.0797331466399,2020-07-17,1,26.0
55079003600,55079185400,-87.98321131530031,43.092736225323044,-87.93768935592728,43.06023552955454,2020-07-17,2,53.0
55079003600,55079008800,-87.98321131530031,43.092736225323044,-87.94617084834631,43.06788862375971,2020-07-17,1,26.0
55079003600,55079015900,-87.98321131530031,43.092736225323044,-87.9473669417017,43.02159668337006,2020-07-17,1,26.0
55079003600,55079006700,-87.98321131530031,43.092736225323044,-87.92040407919447,43.07437828581977,2020-07-17,1,26.0
55079003600,55079008700,-87.98321131530031,43.092736225323044,-87.93997122125838,43.06781436915486,2020-07-17,1,26.0
55079007300,55079060200,-87.88807891595606,43.0779148594549,-87.9245165328896,43.11556508690733,2020-07-17,3,52.0
55079007300,55079004400,-87.88807891595606,43.0779148594549,-87.90608569163814,43.089298213737145,2020-07-17,8,139.0
55079007300,55079091300,-87.88807891595606,43.0779148594549,-88.0097444924032,43.037871666045895,2020-07-17,2,34.0
55079007300,55079000202,-87.88807891595606,43.0779148594549,-88.04132965001602,43.160382512849615,2020-07-17,3,52.0
55079007300,55079011400,-87.88807891595606,43.0779148594549,-87.9106574898586,43.05269479350376,2020-07-17,1,17.0
55079007300,55079101600,-87.88807891595606,43.0779148594549,-87.98881839806968,43.003113634057684,2020-07-17,1,17.0
55079007300,55079186300,-87.88807891595606,43.0779148594549,-87.91799927397663,43.040616743150025,2020-07-17,1,17.0
55079007300,55079090900,-87.88807891595606,43.0779148594549,-88.00270912368009,43.06124682618238,2020-07-17,1,17.0
55079007300,55079120203,-87.88807891595606,43.0779148594549,-88.00776394431053,42.95694649923871,2020-07-17,1,17.0
55079007300,55079009500,-87.88807891595606,43.0779148594549,-87.97530476217976,43.0530114064315,2020-07-17,1,17.0
55079007300,55079185300,-87.88807891595606,43.0779148594549,-88.04265402690729,43.049880154873065,2020-07-17,3,52.0
55079007300,55079014700,-87.88807891595606,43.0779148594549,-87.93551340137516,43.042200823908786,2020-07-17,2,34.0
55079007300,55079180500,-87.88807891595606,43.0779148594549,-87.87471526249948,42.93725893299447,2020-07-17,1,17.0
55079007300,55079000800,-87.88807891595606,43.0779148594549,-87.97372753660457,43.14064967469203,2020-07-17,1,17.0
55079007300,55079004600,-87.88807891595606,43.0779148594549,-87.9321086251029,43.08569057130924,2020-07-17,1,17.0
55079007300,55079005400,-87.88807891595606,43.0779148594549,-88.02259608100492,43.0824437803151,2020-07-17,1,17.0
55079007300,55079080100,-87.88807891595606,43.0779148594549,-87.89773689723896,43.0955518884228,2020-07-17,2,34.0
55079007300,55079160203,-87.88807891595606,43.0779148594549,-87.91638950191752,42.89402789790319,2020-07-17,1,17.0
55079007300,55079091200,-87.88807891595606,43.0779148594549,-88.00388284004167,43.0467075980639,2020-07-17,2,34.0
55079007300,55079001400,-87.88807891595606,43.0779148594549,-88.01656972395298,43.130900969315825,2020-07-17,1,17.0
55079007300,55079007000,-87.88807891595606,43.0779148594549,-87.91122456687498,43.07424564740019,2020-07-17,2,34.0
55079007300,55079101100,-87.88807891595606,43.0779148594549,-88.04276904850849,42.99420752845147,2020-07-17,1,17.0
55079007300,55079017900,-87.88807891595606,43.0779148594549,-87.90503327479618,42.998772533253295,2020-07-17,2,34.0
55079007300,55079007500,-87.88807891595606,43.0779148594549,-87.87772470520909,43.071061371506396,2020-07-17,2,34.0
55079007300,55079070100,-87.88807891595606,43.0779148594549,-87.9076583493148,43.12063010988105,2020-07-17,1,17.0
55079007300,55079030100,-87.88807891595606,43.0779148594549,-87.89837270942148,43.1819862198906,2020-07-17,2,34.0
55079007300,55079007700,-87.88807891595606,43.0779148594549,-87.88849935823362,43.06389053422122,2020-07-17,1,17.0
55079007300,55079040100,-87.88807891595606,43.0779148594549,-87.93527423095499,43.17163768621121,2020-07-17,1,17.0
55079007300,55079014400,-87.88807891595606,43.0779148594549,-87.90784049253895,43.042413401572134,2020-07-17,1,17.0
55079007300,55079100400,-87.88807891595606,43.0779148594549,-88.01166560297426,43.0170103539625,2020-07-17,1,17.0
55079007300,55079018000,-87.88807891595606,43.0779148594549,-87.8945288084346,43.01098558683315,2020-07-17,2,34.0
55079007300,55079070200,-87.88807891595606,43.0779148594549,-87.8919112738197,43.1133970416122,2020-07-17,1,17.0
55079007300,55079021600,-87.88807891595606,43.0779148594549,-87.92488475274558,42.952251222261935,2020-07-17,1,17.0
55079007300,55079187000,-87.88807891595606,43.0779148594549,-87.88728455831759,43.05530607398437,2020-07-17,5,87.0
55079007300,55079120102,-87.88807891595606,43.0779148594549,-88.04966546230908,42.97409794368699,2020-07-17,1,17.0
55079007300,55079050102,-87.88807891595606,43.0779148594549,-87.96743569232115,43.172443064752215,2020-07-17,1,17.0
55079007300,55079007300,-87.88807891595606,43.0779148594549,-87.88807891595606,43.0779148594549,2020-07-17,85,1483.0
55079007300,55079080200,-87.88807891595606,43.0779148594549,-87.8877423232882,43.0942616397457,2020-07-17,3,52.0
55079007300,55079185700,-87.88807891595606,43.0779148594549,-87.91471207902771,43.06752585199898,2020-07-17,2,34.0
55079007300,55079016300,-87.88807891595606,43.0779148594549,-87.93764055272034,43.01572710315665,2020-07-17,1,17.0
55079007300,55079020400,-87.88807891595606,43.0779148594549,-87.9300852632457,42.98834002972675,2020-07-17,1,17.0
55079007300,55079007600,-87.88807891595606,43.0779148594549,-87.87859580944733,43.06399812725538,2020-07-17,2,34.0
55079007300,55079000900,-87.88807891595606,43.0779148594549,-87.95566887882444,43.14970170326806,2020-07-17,3,52.0
55079007300,55079018800,-87.88807891595606,43.0779148594549,-87.94058386370827,42.99929639057026,2020-07-17,1,17.0
55079007300,55079011000,-87.88807891595606,43.0779148594549,-87.89727240641399,43.050053518943756,2020-07-17,1,17.0
55079007300,55079080400,-87.88807891595606,43.0779148594549,-87.88848724040903,43.08594082590386,2020-07-17,7,122.0
55079007300,55079000201,-87.88807891595606,43.0779148594549,-88.0472441211064,43.1799495757708,2020-07-17,1,17.0
55079007300,55079007800,-87.88807891595606,43.0779148594549,-87.88801504624632,43.07075279367613,2020-07-17,4,69.0
55079007300,55079012700,-87.88807891595606,43.0779148594549,-88.0122777504643,43.029662330242175,2020-07-17,1,17.0
55079007300,55079000304,-87.88807891595606,43.0779148594549,-88.02644618111368,43.14364069729464,2020-07-17,2,34.0
55079007300,55079003700,-87.88807891595606,43.0779148594549,-87.98336380852676,43.08546039091554,2020-07-17,1,17.0
55079007300,55079011100,-87.88807891595606,43.0779148594549,-87.90155963599153,43.04933924860895,2020-07-17,1,17.0
55079007300,55079004100,-87.88807891595606,43.0779148594549,-87.95681147526382,43.0940907627305,2020-07-17,1,17.0
55079007300,55079170100,-87.88807891595606,43.0779148594549,-87.84892368656588,42.919583500675934,2020-07-17,1,17.0
55079007300,55079060102,-87.88807891595606,43.0779148594549,-87.93974960524739,43.148654535590595,2020-07-17,1,17.0
55079007300,55079007400,-87.88807891595606,43.0779148594549,-87.87216855868374,43.078043126250115,2020-07-17,1,17.0
55079007300,55079001000,-87.88807891595606,43.0779148594549,-87.95348314468296,43.12464896388482,2020-07-17,1,17.0
55079007300,55079009700,-87.88807891595606,43.0779148594549,-87.95262115062044,43.05393954073114,2020-07-17,2,34.0
55079009000,55079002400,-87.9610837883489,43.060355868415826,-87.95188617843814,43.106404380820805,2020-07-17,1,21.0
55079009000,55079004300,-87.9610837883489,43.060355868415826,-87.93220867621264,43.094799127568905,2020-07-17,1,21.0
55079009000,55079060200,-87.9610837883489,43.060355868415826,-87.9245165328896,43.11556508690733,2020-07-17,1,21.0
55079009000,55079000102,-87.9610837883489,43.060355868415826,-88.01167859828367,43.164645145767146,2020-07-17,1,21.0
55079009000,55079000202,-87.9610837883489,43.060355868415826,-88.04132965001602,43.160382512849615,2020-07-17,1,21.0
55079009000,55079110100,-87.9610837883489,43.060355868415826,-87.9710022364233,43.012448953036525,2020-07-17,3,64.0
55079009000,55079050101,-87.9610837883489,43.060355868415826,-87.98494662348081,43.17683059907653,2020-07-17,1,21.0
55079009000,55079090300,-87.9610837883489,43.060355868415826,-88.0515779905257,43.06739040507833,2020-07-17,2,42.0
55079009000,55079101600,-87.9610837883489,43.060355868415826,-87.98881839806968,43.003113634057684,2020-07-17,2,42.0
55079009000,55079186300,-87.9610837883489,43.060355868415826,-87.91799927397663,43.040616743150025,2020-07-17,1,21.0
55079009000,55079012400,-87.9610837883489,43.060355868415826,-87.97680856828566,43.04580144948212,2020-07-17,1,21.0
55079009000,55079021700,-87.9610837883489,43.060355868415826,-87.91312462574102,42.94052513723052,2020-07-17,3,64.0
55079009000,55079090900,-87.9610837883489,43.060355868415826,-88.00270912368009,43.06124682618238,2020-07-17,2,42.0
55079009000,55079120203,-87.9610837883489,43.060355868415826,-88.00776394431053,42.95694649923871,2020-07-17,2,42.0
55079009000,55079003500,-87.9610837883489,43.060355868415826,-87.99830093777771,43.09359369867719,2020-07-17,2,42.0
55079009000,55079004800,-87.9610837883489,43.060355868415826,-87.96231596301399,43.077035360461494,2020-07-17,1,21.0
55079009000,55079005300,-87.9610837883489,43.060355868415826,-88.01242727702714,43.07892288175221,2020-07-17,1,21.0
55079009000,55079185500,-87.9610837883489,43.060355868415826,-87.92624880733425,43.0601763240656,2020-07-17,1,21.0
55079009000,55079090600,-87.9610837883489,43.060355868415826,-88.05435154566402,43.03795832032663,2020-07-17,1,21.0
55079009000,55079185300,-87.9610837883489,43.060355868415826,-88.04265402690729,43.049880154873065,2020-07-17,2,42.0
55079009000,55079005400,-87.9610837883489,43.060355868415826,-88.02259608100492,43.0824437803151,2020-07-17,3,64.0
55079009000,55079006200,-87.9610837883489,43.060355868415826,-87.96097127315564,43.067902782244275,2020-07-17,3,64.0
55079009000,55079187200,-87.9610837883489,43.060355868415826,-88.00769048889484,42.863813659193866,2020-07-17,1,21.0
55079009000,55079091200,-87.9610837883489,43.060355868415826,-88.00388284004167,43.0467075980639,2020-07-17,1,21.0
55079009000,55079018900,-87.9610837883489,43.060355868415826,-87.95323213052187,42.995654122863776,2020-07-17,2,42.0
55079009000,55079100900,-87.9610837883489,43.060355868415826,-88.05216898532913,43.00959788353506,2020-07-17,1,21.0
55079009000,55079101100,-87.9610837883489,43.060355868415826,-88.04276904850849,42.99420752845147,2020-07-17,1,21.0
55079009000,55079186500,-87.9610837883489,43.060355868415826,-87.9130303085029,43.02319729476483,2020-07-17,1,21.0
55079009000,55079008500,-87.9610837883489,43.060355868415826,-87.9298714910033,43.06776123229879,2020-07-17,1,21.0
55079009000,55079003600,-87.9610837883489,43.060355868415826,-87.98321131530031,43.092736225323044,2020-07-17,1,21.0
55079009000,55079014400,-87.9610837883489,43.060355868415826,-87.90784049253895,43.042413401572134,2020-07-17,1,21.0
55079009000,55079003400,-87.9610837883489,43.060355868415826,-88.02444287795417,43.0934576342605,2020-07-17,1,21.0
55079009000,55079100800,-87.9610837883489,43.060355868415826,-88.05710943935104,43.023654444193184,2020-07-17,1,21.0
55079009000,55079050102,-87.9610837883489,43.060355868415826,-87.96743569232115,43.172443064752215,2020-07-17,1,21.0
55079009000,55079180300,-87.9610837883489,43.060355868415826,-87.87005593266791,42.951885652862586,2020-07-17,1,21.0
55079009000,55079020700,-87.9610837883489,43.060355868415826,-87.89282968229121,42.980391637955094,2020-07-17,1,21.0
55079009000,55079006300,-87.9610837883489,43.060355868415826,-87.95229119818997,43.07635281761954,2020-07-17,4,85.0
55079009000,55079100200,-87.9610837883489,43.060355868415826,-87.99137992566246,43.01460892403096,2020-07-17,2,42.0
55079009000,55079003100,-87.9610837883489,43.060355868415826,-87.98607018194353,43.10091760946077,2020-07-17,1,21.0
55079009000,55079005200,-87.9610837883489,43.060355868415826,-88.0124256780363,43.086227920709504,2020-07-17,1,21.0
55079009000,55079005900,-87.9610837883489,43.060355868415826,-87.98523579862835,43.06821108392844,2020-07-17,3,64.0
55079009000,55079009800,-87.9610837883489,43.060355868415826,-87.95409571434068,43.059778012269526,2020-07-17,3,64.0
55079009000,55079018500,-87.9610837883489,43.060355868415826,-87.91439743752404,42.98441904059949,2020-07-17,1,21.0
55079009000,55079016000,-87.9610837883489,43.060355868415826,-87.95725941865898,43.02137414837421,2020-07-17,1,21.0
55079009000,55079019800,-87.9610837883489,43.060355868415826,-87.98973307517815,42.982078809345225,2020-07-17,1,21.0
55079009000,55079009000,-87.9610837883489,43.060355868415826,-87.9610837883489,43.060355868415826,2020-07-17,93,1991.0
55079009000,55079009100,-87.9610837883489,43.060355868415826,-87.96852806703085,43.060675408064526,2020-07-17,5,107.0
55079009000,55079003700,-87.9610837883489,43.060355868415826,-87.98336380852676,43.08546039091554,2020-07-17,2,42.0
55079009000,55079009600,-87.9610837883489,43.060355868415826,-87.96486502955395,43.05277336645368,2020-07-17,6,128.0
55079009000,55079020600,-87.9610837883489,43.060355868415826,-87.90444286867323,42.9810337820488,2020-07-17,1,21.0
55079009000,55079008900,-87.9610837883489,43.060355868415826,-87.95337828163817,43.06706338271535,2020-07-17,1,21.0
55079009000,55079185800,-87.9610837883489,43.060355868415826,-87.94265216254213,43.0538687550207,2020-07-17,1,21.0
55079009000,55079185200,-87.9610837883489,43.060355868415826,-87.88193798921913,42.967674094622936,2020-07-17,1,21.0
55079009000,55079009200,-87.9610837883489,43.060355868415826,-87.97560474362125,43.06069020349929,2020-07-17,2,42.0
55079009000,55079186100,-87.9610837883489,43.060355868415826,-87.94279275484007,43.048652729679134,2020-07-17,2,42.0
55079009000,55079006400,-87.9610837883489,43.060355868415826,-87.94234792087695,43.07421796319209,2020-07-17,2,42.0
55079009000,55079012200,-87.9610837883489,43.060355868415826,-87.95271101560115,43.04866661559741,2020-07-17,1,21.0
55079009000,55079006100,-87.9610837883489,43.060355868415826,-87.96847508739953,43.06791249267312,2020-07-17,1,21.0
55079009000,55079001000,-87.9610837883489,43.060355868415826,-87.95348314468296,43.12464896388482,2020-07-17,1,21.0
55079009000,55079009300,-87.9610837883489,43.060355868415826,-87.98314520393755,43.060746025032145,2020-07-17,3,64.0
55079009000,55079009900,-87.9610837883489,43.060355868415826,-87.94630275235495,43.060274421469344,2020-07-17,2,42.0
55079009000,55079008600,-87.9610837883489,43.060355868415826,-87.93517868399437,43.06762170689756,2020-07-17,1,21.0
55079009000,55079185400,-87.9610837883489,43.060355868415826,-87.93768935592728,43.06023552955454,2020-07-17,3,64.0
55079009000,55079009700,-87.9610837883489,43.060355868415826,-87.95262115062044,43.05393954073114,2020-07-17,1,21.0
55079012600,55079020000,-87.99443577770006,43.034032251200934,-87.95273620994368,42.98405311376188,2020-07-17,2,53.0
55079012600,55079012800,-87.99443577770006,43.034032251200934,-88.03145321223326,43.03059221584991,2020-07-17,1,26.0
55079012600,55079091300,-87.99443577770006,43.034032251200934,-88.0097444924032,43.037871666045895,2020-07-17,3,80.0
55079012600,55079011200,-87.99443577770006,43.034032251200934,-87.89756439120579,43.055476240018415,2020-07-17,1,26.0
55079012600,55079110100,-87.99443577770006,43.034032251200934,-87.9710022364233,43.012448953036525,2020-07-17,3,80.0
55079012600,55079101000,-87.99443577770006,43.034032251200934,-88.05764456171738,42.99173938525954,2020-07-17,1,26.0
55079012600,55079012400,-87.99443577770006,43.034032251200934,-87.97680856828566,43.04580144948212,2020-07-17,2,53.0
55079012600,55079120400,-87.99443577770006,43.034032251200934,-87.96548496050795,42.96670427425607,2020-07-17,1,26.0
55079012600,55079003500,-87.99443577770006,43.034032251200934,-87.99830093777771,43.09359369867719,2020-07-17,1,26.0
55079012600,55079185300,-87.99443577770006,43.034032251200934,-88.04265402690729,43.049880154873065,2020-07-17,1,26.0
55079012600,55079012500,-87.99443577770006,43.034032251200934,-87.97654888060033,43.037091021714275,2020-07-17,1,26.0
55079012600,55079160204,-87.99443577770006,43.034032251200934,-87.9317944903397,42.879700165258704,2020-07-17,1,26.0
55079012600,55079160203,-87.99443577770006,43.034032251200934,-87.91638950191752,42.89402789790319,2020-07-17,1,26.0
55079012600,55079091200,-87.99443577770006,43.034032251200934,-88.00388284004167,43.0467075980639,2020-07-17,2,53.0
55079012600,55079100500,-87.99443577770006,43.034032251200934,-88.02674691869541,43.01326660162138,2020-07-17,1,26.0
55079012600,55079180400,-87.99443577770006,43.034032251200934,-87.85633588550823,42.93709205888796,2020-07-17,1,26.0
55079012600,55079101100,-87.99443577770006,43.034032251200934,-88.04276904850849,42.99420752845147,2020-07-17,3,80.0
55079012600,55079140202,-87.99443577770006,43.034032251200934,-87.981557716435,42.93443757238657,2020-07-17,1,26.0
55079012600,55079091400,-87.99443577770006,43.034032251200934,-87.99383660813824,43.04031315098078,2020-07-17,1,26.0
55079012600,55079007500,-87.99443577770006,43.034032251200934,-87.87772470520909,43.071061371506396,2020-07-17,2,53.0
55079012600,55079120101,-87.99443577770006,43.034032251200934,-88.04814010007517,42.95916305909443,2020-07-17,2,53.0
55079012600,55079030100,-87.99443577770006,43.034032251200934,-87.89837270942148,43.1819862198906,2020-07-17,1,26.0
55079012600,55079091100,-87.99443577770006,43.034032251200934,-88.00381885772617,43.05493775558714,2020-07-17,1,26.0
55079012600,55079101400,-87.99443577770006,43.034032251200934,-88.02735540531337,43.00631524274058,2020-07-17,2,53.0
55079012600,55079003600,-87.99443577770006,43.034032251200934,-87.98321131530031,43.092736225323044,2020-07-17,1,26.0
55079012600,55079035100,-87.99443577770006,43.034032251200934,-87.89285549776399,43.15380150659221,2020-07-17,2,53.0
55079012600,55079100400,-87.99443577770006,43.034032251200934,-88.01166560297426,43.0170103539625,2020-07-17,1,26.0
55079012600,55079005800,-87.99443577770006,43.034032251200934,-87.99994620357029,43.072303413103626,2020-07-17,1,26.0
55079012600,55079016100,-87.99443577770006,43.034032251200934,-87.95946595975387,43.016089910899275,2020-07-17,1,26.0
55079012600,55079120102,-87.99443577770006,43.034032251200934,-88.04966546230908,42.97409794368699,2020-07-17,1,26.0
55079012600,55079050102,-87.99443577770006,43.034032251200934,-87.96743569232115,43.172443064752215,2020-07-17,2,53.0
55079012600,55079185700,-87.99443577770006,43.034032251200934,-87.91471207902771,43.06752585199898,2020-07-17,1,26.0
55079012600,55079019900,-87.99443577770006,43.034032251200934,-87.98235255712866,42.973172118392476,2020-07-17,1,26.0
55079012600,55079101500,-87.99443577770006,43.034032251200934,-88.00747595996755,43.007126720391405,2020-07-17,1,26.0
55079012600,55079100200,-87.99443577770006,43.034032251200934,-87.99137992566246,43.01460892403096,2020-07-17,2,53.0
55079012600,55079012600,-87.99443577770006,43.034032251200934,-87.99443577770006,43.034032251200934,2020-07-17,77,2059.0
55079012600,55079120202,-87.99443577770006,43.034032251200934,-87.99868084532402,42.965848843600455,2020-07-17,1,26.0
55079012600,55079012700,-87.99443577770006,43.034032251200934,-88.0122777504643,43.029662330242175,2020-07-17,3,80.0
55079012600,55079009000,-87.99443577770006,43.034032251200934,-87.9610837883489,43.060355868415826,2020-07-17,2,53.0
55079012600,55079000304,-87.99443577770006,43.034032251200934,-88.02644618111368,43.14364069729464,2020-07-17,1,26.0
55079012600,55079011100,-87.99443577770006,43.034032251200934,-87.90155963599153,43.04933924860895,2020-07-17,1,26.0
55079012600,55079004100,-87.99443577770006,43.034032251200934,-87.95681147526382,43.0940907627305,2020-07-17,1,26.0
55079012600,55079091000,-87.99443577770006,43.034032251200934,-87.99705672432205,43.06433297165757,2020-07-17,1,26.0
55079012600,55079186900,-87.99443577770006,43.034032251200934,-87.88804149673794,43.05226526687869,2020-07-17,1,26.0
55079012600,55079007400,-87.99443577770006,43.034032251200934,-87.87216855868374,43.078043126250115,2020-07-17,2,53.0
55079012600,55079012900,-87.99443577770006,43.034032251200934,-87.99989477924994,43.028140622580246,2020-07-17,2,53.0
55079012600,55079003000,-87.99443577770006,43.034032251200934,-87.99619059962126,43.10851035065769,2020-07-17,1,26.0
55079013000,55079020000,-87.9876687698922,43.02770173765977,-87.95273620994368,42.98405311376188,2020-07-17,2,36.0
55079013000,55079012800,-87.9876687698922,43.02770173765977,-88.03145321223326,43.03059221584991,2020-07-17,3,54.0
55079013000,55079019000,-87.9876687698922,43.02770173765977,-87.967877289968,42.995496154489715,2020-07-17,2,36.0
55079013000,55079100100,-87.9876687698922,43.02770173765977,-87.98598444052216,43.01659648927991,2020-07-17,2,36.0
55079013000,55079100700,-87.9876687698922,43.02770173765977,-88.03788629567484,43.0213025080197,2020-07-17,3,54.0
55079013000,55079000101,-87.9876687698922,43.02770173765977,-88.00922083481396,43.18510784936368,2020-07-17,1,18.0
55079013000,55079000102,-87.9876687698922,43.02770173765977,-88.01167859828367,43.164645145767146,2020-07-17,1,18.0
55079013000,55079110100,-87.9876687698922,43.02770173765977,-87.9710022364233,43.012448953036525,2020-07-17,8,146.0
55079013000,55079101000,-87.9876687698922,43.02770173765977,-88.05764456171738,42.99173938525954,2020-07-17,2,36.0
55079013000,55079050101,-87.9876687698922,43.02770173765977,-87.98494662348081,43.17683059907653,2020-07-17,1,18.0
55079013000,55079090300,-87.9876687698922,43.02770173765977,-88.0515779905257,43.06739040507833,2020-07-17,2,36.0
55079013000,55079101600,-87.9876687698922,43.02770173765977,-87.98881839806968,43.003113634057684,2020-07-17,2,36.0
55079013000,55079186300,-87.9876687698922,43.02770173765977,-87.91799927397663,43.040616743150025,2020-07-17,1,18.0
55079013000,55079012400,-87.9876687698922,43.02770173765977,-87.97680856828566,43.04580144948212,2020-07-17,1,18.0
55079013000,55079019200,-87.9876687698922,43.02770173765977,-87.9858350139744,42.99282711086924,2020-07-17,2,36.0
55079013000,55079120400,-87.9876687698922,43.02770173765977,-87.96548496050795,42.96670427425607,2020-07-17,1,18.0
55079013000,55079120203,-87.9876687698922,43.02770173765977,-88.00776394431053,42.95694649923871,2020-07-17,5,91.0
55079013000,55079160300,-87.9876687698922,43.02770173765977,-87.8893867076047,42.856940087232964,2020-07-17,1,18.0
55079013000,55079019400,-87.9876687698922,43.02770173765977,-88.02755647500341,42.984577749923744,2020-07-17,2,36.0
55079013000,55079185900,-87.9876687698922,43.02770173765977,-87.93229166080955,43.05383765471328,2020-07-17,1,18.0
55079013000,55079090600,-87.9876687698922,43.02770173765977,-88.05435154566402,43.03795832032663,2020-07-17,1,18.0
55079013000,55079185300,-87.9876687698922,43.02770173765977,-88.04265402690729,43.049880154873065,2020-07-17,2,36.0
55079013000,55079014700,-87.9876687698922,43.02770173765977,-87.93551340137516,43.042200823908786,2020-07-17,1,18.0
55079013000,55079004000,-87.9876687698922,43.02770173765977,-87.97205846198321,43.09342306765945,2020-07-17,1,18.0
55079013000,55079186800,-87.9876687698922,43.02770173765977,-87.9506670108877,43.02815858561159,2020-07-17,1,18.0
55079013000,55079187200,-87.9876687698922,43.02770173765977,-88.00769048889484,42.863813659193866,2020-07-17,1,18.0
55079013000,55079160203,-87.9876687698922,43.02770173765977,-87.91638950191752,42.89402789790319,2020-07-17,1,18.0
55079013000,55079091200,-87.9876687698922,43.02770173765977,-88.00388284004167,43.0467075980639,2020-07-17,3,54.0
55079013000,55079020100,-87.9876687698922,43.02770173765977,-87.94099671150566,42.988482506396224,2020-07-17,2,36.0
55079013000,55079160202,-87.9876687698922,43.02770173765977,-87.87217546542965,42.881379330302295,2020-07-17,2,36.0
55079013000,55079100900,-87.9876687698922,43.02770173765977,-88.05216898532913,43.00959788353506,2020-07-17,1,18.0
55079013000,55079101100,-87.9876687698922,43.02770173765977,-88.04276904850849,42.99420752845147,2020-07-17,1,18.0
55079013000,55079013600,-87.9876687698922,43.02770173765977,-87.9527511611333,43.04369545920421,2020-07-17,1,18.0
55079013000,55079140201,-87.9876687698922,43.02770173765977,-87.99911426080601,42.93902100763907,2020-07-17,1,18.0
55079013000,55079186500,-87.9876687698922,43.02770173765977,-87.9130303085029,43.02319729476483,2020-07-17,1,18.0
55079013000,55079001600,-87.9876687698922,43.02770173765977,-88.01599665750028,43.11588641903863,2020-07-17,1,18.0
55079013000,55079120101,-87.9876687698922,43.02770173765977,-88.04814010007517,42.95916305909443,2020-07-17,2,36.0
55079013000,55079007700,-87.9876687698922,43.02770173765977,-87.88849935823362,43.06389053422122,2020-07-17,1,18.0
55079013000,55079100400,-87.9876687698922,43.02770173765977,-88.01166560297426,43.0170103539625,2020-07-17,4,73.0
55079013000,55079070200,-87.9876687698922,43.02770173765977,-87.8919112738197,43.1133970416122,2020-07-17,1,18.0
55079013000,55079150100,-87.9876687698922,43.02770173765977,-87.97759713310646,42.91424119290261,2020-07-17,1,18.0
55079013000,55079003400,-87.9876687698922,43.02770173765977,-88.02444287795417,43.0934576342605,2020-07-17,2,36.0
55079013000,55079016100,-87.9876687698922,43.02770173765977,-87.95946595975387,43.016089910899275,2020-07-17,2,36.0
55079013000,55079120102,-87.9876687698922,43.02770173765977,-88.04966546230908,42.97409794368699,2020-07-17,1,18.0
55079013000,55079130100,-87.9876687698922,43.02770173765977,-88.04407902007586,42.942752065148895,2020-07-17,2,36.0
55079013000,55079019600,-87.9876687698922,43.02770173765977,-88.00769668957767,42.984657216409644,2020-07-17,2,36.0
55079013000,55079100800,-87.9876687698922,43.02770173765977,-88.05710943935104,43.023654444193184,2020-07-17,1,18.0
55079013000,55079016300,-87.9876687698922,43.02770173765977,-87.93764055272034,43.01572710315665,2020-07-17,2,36.0
55079013000,55079100200,-87.9876687698922,43.02770173765977,-87.99137992566246,43.01460892403096,2020-07-17,7,128.0
55079013000,55079012600,-87.9876687698922,43.02770173765977,-87.99443577770006,43.034032251200934,2020-07-17,3,54.0
55079013000,55079005900,-87.9876687698922,43.02770173765977,-87.98523579862835,43.06821108392844,2020-07-17,1,18.0
55079013000,55079000900,-87.9876687698922,43.02770173765977,-87.95566887882444,43.14970170326806,2020-07-17,1,18.0
55079013000,55079020300,-87.9876687698922,43.02770173765977,-87.92658964497383,42.979242665655576,2020-07-17,1,18.0
55079013000,55079186600,-87.9876687698922,43.02770173765977,-87.91355022125023,43.001384465822476,2020-07-17,1,18.0
55079013000,55079012300,-87.9876687698922,43.02770173765977,-87.96196748080853,43.043599093031496,2020-07-17,1,18.0
55079013000,55079001500,-87.9876687698922,43.02770173765977,-88.01520145334699,43.123754077777434,2020-07-17,1,18.0
55079013000,55079018500,-87.9876687698922,43.02770173765977,-87.91439743752404,42.98441904059949,2020-07-17,1,18.0
55079013000,55079020500,-87.9876687698922,43.02770173765977,-87.92272370744391,42.988321496925906,2020-07-17,1,18.0
55079013000,55079021500,-87.9876687698922,43.02770173765977,-87.94398245259515,42.952098604888974,2020-07-17,1,18.0
55079013000,55079016000,-87.9876687698922,43.02770173765977,-87.95725941865898,43.02137414837421,2020-07-17,1,18.0
55079013000,55079009600,-87.9876687698922,43.02770173765977,-87.96486502955395,43.05277336645368,2020-07-17,1,18.0
55079013000,55079020600,-87.9876687698922,43.02770173765977,-87.90444286867323,42.9810337820488,2020-07-17,1,18.0
55079013000,55079101200,-87.9876687698922,43.02770173765977,-88.02772831407549,42.99180235090393,2020-07-17,1,18.0
55079013000,55079185600,-87.9876687698922,43.02770173765977,-87.91469071944607,43.06026722158336,2020-07-17,1,18.0
55079013000,55079009200,-87.9876687698922,43.02770173765977,-87.97560474362125,43.06069020349929,2020-07-17,1,18.0
55079013000,55079012900,-87.9876687698922,43.02770173765977,-87.99989477924994,43.028140622580246,2020-07-17,5,91.0
55079013000,55079006400,-87.9876687698922,43.02770173765977,-87.94234792087695,43.07421796319209,2020-07-17,1,18.0
55079013000,55079016900,-87.9876687698922,43.02770173765977,-87.93770785693083,43.00951913559766,2020-07-17,1,18.0
55079013000,55079009900,-87.9876687698922,43.02770173765977,-87.94630275235495,43.060274421469344,2020-07-17,1,18.0
55079013000,55079003000,-87.9876687698922,43.02770173765977,-87.99619059962126,43.10851035065769,2020-07-17,1,18.0
55079013000,55079017200,-87.9876687698922,43.02770173765977,-87.95621680562614,43.002904101727246,2020-07-17,1,18.0
55079013000,55079013000,-87.9876687698922,43.02770173765977,-87.9876687698922,43.02770173765977,2020-07-17,85,1557.0
55079013000,55079009700,-87.9876687698922,43.02770173765977,-87.95262115062044,43.05393954073114,2020-07-17,1,18.0
55079090600,55079020000,-88.05435154566402,43.03795832032663,-87.95273620994368,42.98405311376188,2020-07-17,1,25.0
55079090600,55079004300,-88.05435154566402,43.03795832032663,-87.93220867621264,43.094799127568905,2020-07-17,1,25.0
55079090600,55079012800,-88.05435154566402,43.03795832032663,-88.03145321223326,43.03059221584991,2020-07-17,1,25.0
55079090600,55079100700,-88.05435154566402,43.03795832032663,-88.03788629567484,43.0213025080197,2020-07-17,1,25.0
55079090600,55079091300,-88.05435154566402,43.03795832032663,-88.0097444924032,43.037871666045895,2020-07-17,1,25.0
55079090600,55079000102,-88.05435154566402,43.03795832032663,-88.01167859828367,43.164645145767146,2020-07-17,1,25.0
55079090600,55079002300,-88.05435154566402,43.03795832032663,-87.93621856893152,43.105985427841645,2020-07-17,1,25.0
55079090600,55079101000,-88.05435154566402,43.03795832032663,-88.05764456171738,42.99173938525954,2020-07-17,2,51.0
55079090600,55079050101,-88.05435154566402,43.03795832032663,-87.98494662348081,43.17683059907653,2020-07-17,1,25.0
55079090600,55079090300,-88.05435154566402,43.03795832032663,-88.0515779905257,43.06739040507833,2020-07-17,6,155.0
55079090600,55079186300,-88.05435154566402,43.03795832032663,-87.91799927397663,43.040616743150025,2020-07-17,1,25.0
55079090600,55079021700,-88.05435154566402,43.03795832032663,-87.91312462574102,42.94052513723052,2020-07-17,1,25.0
55079090600,55079090200,-88.05435154566402,43.03795832032663,-88.05200796218348,43.081902180003375,2020-07-17,2,51.0
55079090600,55079120400,-88.05435154566402,43.03795832032663,-87.96548496050795,42.96670427425607,2020-07-17,1,25.0
55079090600,55079004800,-88.05435154566402,43.03795832032663,-87.96231596301399,43.077035360461494,2020-07-17,1,25.0
55079090600,55079060101,-88.05435154566402,43.03795832032663,-87.92535691568614,43.13950788268824,2020-07-17,2,51.0
55079090600,55079090600,-88.05435154566402,43.03795832032663,-88.05435154566402,43.03795832032663,2020-07-17,152,3934.0
55079090600,55079080300,-88.05435154566402,43.03795832032663,-87.87475616434764,43.089996653126924,2020-07-17,1,25.0
55079090600,55079185300,-88.05435154566402,43.03795832032663,-88.04265402690729,43.049880154873065,2020-07-17,11,284.0
55079090600,55079187400,-88.05435154566402,43.03795832032663,-87.90767949876499,43.03217517915639,2020-07-17,1,25.0
55079090600,55079000400,-88.05435154566402,43.03795832032663,-88.05554472050937,43.110954423820296,2020-07-17,2,51.0
55079090600,55079000502,-88.05435154566402,43.03795832032663,-88.03128731150349,43.12480634966938,2020-07-17,1,25.0
55079090600,55079186800,-88.05435154566402,43.03795832032663,-87.9506670108877,43.02815858561159,2020-07-17,1,25.0
55079090600,55079091200,-88.05435154566402,43.03795832032663,-88.00388284004167,43.0467075980639,2020-07-17,4,103.0
55079090600,55079100600,-88.05435154566402,43.03795832032663,-88.02237498004419,43.02035162464835,2020-07-17,1,25.0
55079090600,55079100900,-88.05435154566402,43.03795832032663,-88.05216898532913,43.00959788353506,2020-07-17,3,77.0
55079090600,55079101100,-88.05435154566402,43.03795832032663,-88.04276904850849,42.99420752845147,2020-07-17,4,103.0
55079090600,55079016800,-88.05435154566402,43.03795832032663,-87.92935001478907,43.01036042537408,2020-07-17,1,25.0
55079090600,55079003400,-88.05435154566402,43.03795832032663,-88.02444287795417,43.0934576342605,2020-07-17,1,25.0
55079090600,55079120102,-88.05435154566402,43.03795832032663,-88.04966546230908,42.97409794368699,2020-07-17,1,25.0
55079090600,55079100800,-88.05435154566402,43.03795832032663,-88.05710943935104,43.023654444193184,2020-07-17,1,25.0
55079090600,55079007100,-88.05435154566402,43.03795832032663,-87.90149576859913,43.07383574480911,2020-07-17,1,25.0
55079090600,55079007300,-88.05435154566402,43.03795832032663,-87.88807891595606,43.0779148594549,2020-07-17,1,25.0
55079090600,55079080200,-88.05435154566402,43.03795832032663,-87.8877423232882,43.0942616397457,2020-07-17,1,25.0
55079090600,55079006600,-88.05435154566402,43.03795832032663,-87.93135214789555,43.075399167305534,2020-07-17,1,25.0
55079090600,55079000900,-88.05435154566402,43.03795832032663,-87.95566887882444,43.14970170326806,2020-07-17,1,25.0
55079090600,55079001300,-88.05435154566402,43.03795832032663,-87.99843350448002,43.126783535933505,2020-07-17,1,25.0
55079090600,55079001700,-88.05435154566402,43.03795832032663,-88.01621221830194,43.10855887721336,2020-07-17,1,25.0
55079090600,55079020300,-88.05435154566402,43.03795832032663,-87.92658964497383,42.979242665655576,2020-07-17,1,25.0
55079090600,55079018500,-88.05435154566402,43.03795832032663,-87.91439743752404,42.98441904059949,2020-07-17,1,25.0
55079090600,55079018300,-88.05435154566402,43.03795832032663,-87.89285805580873,42.991354183119796,2020-07-17,1,25.0
55079090600,55079090700,-88.05435154566402,43.03795832032663,-88.02545440842808,43.059193901469925,2020-07-17,1,25.0
55079090600,55079101300,-88.05435154566402,43.03795832032663,-88.02770018483265,42.99907770295741,2020-07-17,1,25.0
55079090600,55079186200,-88.05435154566402,43.03795832032663,-87.93244814260824,43.04856605375616,2020-07-17,1,25.0
55079100400,55079060200,-88.01166560297426,43.0170103539625,-87.9245165328896,43.11556508690733,2020-07-17,2,25.0
55079100400,55079004400,-88.01166560297426,43.0170103539625,-87.90608569163814,43.089298213737145,2020-07-17,1,12.0
55079100400,55079012800,-88.01166560297426,43.0170103539625,-88.03145321223326,43.03059221584991,2020-07-17,3,38.0
55079100400,55079015700,-88.01166560297426,43.0170103539625,-87.92777138656925,43.021663598322064,2020-07-17,3,38.0
55079100400,55079019000,-88.01166560297426,43.0170103539625,-87.967877289968,42.995496154489715,2020-07-17,2,25.0
55079100400,55079100100,-88.01166560297426,43.0170103539625,-87.98598444052216,43.01659648927991,2020-07-17,4,51.0
55079100400,55079100700,-88.01166560297426,43.0170103539625,-88.03788629567484,43.0213025080197,2020-07-17,7,89.0
55079100400,55079091300,-88.01166560297426,43.0170103539625,-88.0097444924032,43.037871666045895,2020-07-17,2,25.0
55079100400,55079000202,-88.01166560297426,43.0170103539625,-88.04132965001602,43.160382512849615,2020-07-17,1,12.0
55079100400,55079011400,-88.01166560297426,43.0170103539625,-87.9106574898586,43.05269479350376,2020-07-17,1,12.0
55079100400,55079110100,-88.01166560297426,43.0170103539625,-87.9710022364233,43.012448953036525,2020-07-17,1,12.0
55079100400,55079101000,-88.01166560297426,43.0170103539625,-88.05764456171738,42.99173938525954,2020-07-17,12,153.0
55079100400,55079021200,-88.01166560297426,43.0170103539625,-87.92101040508955,42.965284697357816,2020-07-17,2,25.0
55079100400,55079160100,-88.01166560297426,43.0170103539625,-87.91471599062149,42.91513941042769,2020-07-17,2,25.0
55079100400,55079186300,-88.01166560297426,43.0170103539625,-87.91799927397663,43.040616743150025,2020-07-17,2,25.0
55079100400,55079019200,-88.01166560297426,43.0170103539625,-87.9858350139744,42.99282711086924,2020-07-17,1,12.0
55079100400,55079090100,-88.01166560297426,43.0170103539625,-88.04837730790923,43.0973204568905,2020-07-17,1,12.0
55079100400,55079090200,-88.01166560297426,43.0170103539625,-88.05200796218348,43.081902180003375,2020-07-17,1,12.0
55079100400,55079090900,-88.01166560297426,43.0170103539625,-88.00270912368009,43.06124682618238,2020-07-17,1,12.0
55079100400,55079120400,-88.01166560297426,43.0170103539625,-87.96548496050795,42.96670427425607,2020-07-17,3,38.0
55079100400,55079001200,-88.01166560297426,43.0170103539625,-87.98620080987179,43.12617611256525,2020-07-17,2,25.0
55079100400,55079004800,-88.01166560297426,43.0170103539625,-87.96231596301399,43.077035360461494,2020-07-17,1,12.0
55079100400,55079090600,-88.01166560297426,43.0170103539625,-88.05435154566402,43.03795832032663,2020-07-17,2,25.0
55079100400,55079185300,-88.01166560297426,43.0170103539625,-88.04265402690729,43.049880154873065,2020-07-17,7,89.0
55079100400,55079150304,-88.01166560297426,43.0170103539625,-88.02760163837803,42.91519132559998,2020-07-17,2,25.0
55079100400,55079000800,-88.01166560297426,43.0170103539625,-87.97372753660457,43.14064967469203,2020-07-17,1,12.0
55079100400,55079012500,-88.01166560297426,43.0170103539625,-87.97654888060033,43.037091021714275,2020-07-17,1,12.0
55079100400,55079130200,-88.01166560297426,43.0170103539625,-88.05891051157585,42.93732261654573,2020-07-17,1,12.0
55079100400,55079000502,-88.01166560297426,43.0170103539625,-88.03128731150349,43.12480634966938,2020-07-17,1,12.0
55079100400,55079021000,-88.01166560297426,43.0170103539625,-87.89993467732904,42.962739149255064,2020-07-17,1,12.0
55079100400,55079186800,-88.01166560297426,43.0170103539625,-87.9506670108877,43.02815858561159,2020-07-17,3,38.0
55079100400,55079187200,-88.01166560297426,43.0170103539625,-88.00769048889484,42.863813659193866,2020-07-17,1,12.0
55079100400,55079091200,-88.01166560297426,43.0170103539625,-88.00388284004167,43.0467075980639,2020-07-17,1,12.0
55079100400,55079100500,-88.01166560297426,43.0170103539625,-88.02674691869541,43.01326660162138,2020-07-17,4,51.0
55079100400,55079100600,-88.01166560297426,43.0170103539625,-88.02237498004419,43.02035162464835,2020-07-17,3,38.0
55079100400,55079100900,-88.01166560297426,43.0170103539625,-88.05216898532913,43.00959788353506,2020-07-17,3,38.0
55079100400,55079101100,-88.01166560297426,43.0170103539625,-88.04276904850849,42.99420752845147,2020-07-17,8,102.0
55079100400,55079186500,-88.01166560297426,43.0170103539625,-87.9130303085029,43.02319729476483,2020-07-17,1,12.0
55079100400,55079120101,-88.01166560297426,43.0170103539625,-88.04814010007517,42.95916305909443,2020-07-17,1,12.0
55079100400,55079030100,-88.01166560297426,43.0170103539625,-87.89837270942148,43.1819862198906,2020-07-17,1,12.0
55079100400,55079101400,-88.01166560297426,43.0170103539625,-88.02735540531337,43.00631524274058,2020-07-17,4,51.0
55079100400,55079007700,-88.01166560297426,43.0170103539625,-87.88849935823362,43.06389053422122,2020-07-17,1,12.0
55079100400,55079008100,-88.01166560297426,43.0170103539625,-87.90743836658615,43.067471782486706,2020-07-17,1,12.0
55079100400,55079011300,-88.01166560297426,43.0170103539625,-87.90713298111844,43.04890661506502,2020-07-17,1,12.0
55079100400,55079014400,-88.01166560297426,43.0170103539625,-87.90784049253895,43.042413401572134,2020-07-17,2,25.0
55079100400,55079100400,-88.01166560297426,43.0170103539625,-88.01166560297426,43.0170103539625,2020-07-17,156,1996.0
55079100400,55079021600,-88.01166560297426,43.0170103539625,-87.92488475274558,42.952251222261935,2020-07-17,1,12.0
55079100400,55079187000,-88.01166560297426,43.0170103539625,-87.88728455831759,43.05530607398437,2020-07-17,1,12.0
55079100400,55079120102,-88.01166560297426,43.0170103539625,-88.04966546230908,42.97409794368699,2020-07-17,2,25.0
55079100400,55079019600,-88.01166560297426,43.0170103539625,-88.00769668957767,42.984657216409644,2020-07-17,1,12.0
55079100400,55079101800,-88.01166560297426,43.0170103539625,-88.00969812606968,42.99373426381014,2020-07-17,1,12.0
55079100400,55079150301,-88.01166560297426,43.0170103539625,-88.05345903025625,42.89781994777656,2020-07-17,2,25.0
55079100400,55079100800,-88.01166560297426,43.0170103539625,-88.05710943935104,43.023654444193184,2020-07-17,2,25.0
55079100400,55079007300,-88.01166560297426,43.0170103539625,-87.88807891595606,43.0779148594549,2020-07-17,1,12.0
55079100400,55079019900,-88.01166560297426,43.0170103539625,-87.98235255712866,42.973172118392476,2020-07-17,1,12.0
55079100400,55079101500,-88.01166560297426,43.0170103539625,-88.00747595996755,43.007126720391405,2020-07-17,3,38.0
55079100400,55079101700,-88.01166560297426,43.0170103539625,-88.00697190300957,43.00173437379505,2020-07-17,2,25.0
55079100400,55079100200,-88.01166560297426,43.0170103539625,-87.99137992566246,43.01460892403096,2020-07-17,8,102.0
55079100400,55079012600,-88.01166560297426,43.0170103539625,-87.99443577770006,43.034032251200934,2020-07-17,1,12.0
55079100400,55079017400,-88.01166560297426,43.0170103539625,-87.9382983850757,43.00476614107047,2020-07-17,1,12.0
55079100400,55079018800,-88.01166560297426,43.0170103539625,-87.94058386370827,42.99929639057026,2020-07-17,2,25.0
55079100400,55079186600,-88.01166560297426,43.0170103539625,-87.91355022125023,43.001384465822476,2020-07-17,1,12.0
55079100400,55079120202,-88.01166560297426,43.0170103539625,-87.99868084532402,42.965848843600455,2020-07-17,1,12.0
55079100400,55079018200,-88.01166560297426,43.0170103539625,-87.87369831321716,42.99249911585218,2020-07-17,1,12.0
55079100400,55079020500,-88.01166560297426,43.0170103539625,-87.92272370744391,42.988321496925906,2020-07-17,1,12.0
55079100400,55079012700,-88.01166560297426,43.0170103539625,-88.0122777504643,43.029662330242175,2020-07-17,1,12.0
55079100400,55079016000,-88.01166560297426,43.0170103539625,-87.95725941865898,43.02137414837421,2020-07-17,1,12.0
55079100400,55079019700,-88.01166560297426,43.0170103539625,-88.00741820523533,42.97570820507905,2020-07-17,2,25.0
55079100400,55079016500,-88.01166560297426,43.0170103539625,-87.91153110922029,43.01579142211555,2020-07-17,1,12.0
55079100400,55079019300,-88.01166560297426,43.0170103539625,-87.99612754588766,42.99498021323571,2020-07-17,1,12.0
55079100400,55079020600,-88.01166560297426,43.0170103539625,-87.90444286867323,42.9810337820488,2020-07-17,1,12.0
55079100400,55079090700,-88.01166560297426,43.0170103539625,-88.02545440842808,43.059193901469925,2020-07-17,1,12.0
55079100400,55079101300,-88.01166560297426,43.0170103539625,-88.02770018483265,42.99907770295741,2020-07-17,2,25.0
55079100400,55079170100,-88.01166560297426,43.0170103539625,-87.84892368656588,42.919583500675934,2020-07-17,1,12.0
55079100400,55079100300,-88.01166560297426,43.0170103539625,-88.00316709835943,43.017354422985534,2020-07-17,10,127.0
55079100400,55079101200,-88.01166560297426,43.0170103539625,-88.02772831407549,42.99180235090393,2020-07-17,4,51.0
55079100400,55079005100,-88.01166560297426,43.0170103539625,-87.99757698420609,43.08261869423604,2020-07-17,2,25.0
55079100400,55079170600,-88.01166560297426,43.0170103539625,-87.86320935056827,42.907724102777856,2020-07-17,2,25.0
55079100400,55079007400,-88.01166560297426,43.0170103539625,-87.87216855868374,43.078043126250115,2020-07-17,1,12.0
55079100400,55079186100,-88.01166560297426,43.0170103539625,-87.94279275484007,43.048652729679134,2020-07-17,1,12.0
55079100400,55079012900,-88.01166560297426,43.0170103539625,-87.99989477924994,43.028140622580246,2020-07-17,3,38.0
55079100400,55079012200,-88.01166560297426,43.0170103539625,-87.95271101560115,43.04866661559741,2020-07-17,1,12.0
55079100400,55079008400,-88.01166560297426,43.0170103539625,-87.92332577697063,43.067583013115005,2020-07-17,1,12.0
55079100400,55079003000,-88.01166560297426,43.0170103539625,-87.99619059962126,43.10851035065769,2020-07-17,1,12.0
55079140201,55079020000,-87.99911426080601,42.93902100763907,-87.95273620994368,42.98405311376188,2020-07-17,2,32.0
55079140201,55079002100,-87.99911426080601,42.93902100763907,-87.95315716160212,43.115529640428136,2020-07-17,1,16.0
55079140201,55079060200,-87.99911426080601,42.93902100763907,-87.9245165328896,43.11556508690733,2020-07-17,1,16.0
55079140201,55079004400,-87.99911426080601,42.93902100763907,-87.90608569163814,43.089298213737145,2020-07-17,1,16.0
55079140201,55079012800,-87.99911426080601,42.93902100763907,-88.03145321223326,43.03059221584991,2020-07-17,1,16.0
55079140201,55079100100,-87.99911426080601,42.93902100763907,-87.98598444052216,43.01659648927991,2020-07-17,2,32.0
55079140201,55079100700,-87.99911426080601,42.93902100763907,-88.03788629567484,43.0213025080197,2020-07-17,1,16.0
55079140201,55079010800,-87.99911426080601,42.93902100763907,-87.88986181293924,43.05733829509928,2020-07-17,1,16.0
55079140201,55079110100,-87.99911426080601,42.93902100763907,-87.9710022364233,43.012448953036525,2020-07-17,1,16.0
55079140201,55079101000,-87.99911426080601,42.93902100763907,-88.05764456171738,42.99173938525954,2020-07-17,2,32.0
55079140201,55079021200,-87.99911426080601,42.93902100763907,-87.92101040508955,42.965284697357816,2020-07-17,1,16.0
55079140201,55079160100,-87.99911426080601,42.93902100763907,-87.91471599062149,42.91513941042769,2020-07-17,6,97.0
55079140201,55079000600,-87.99911426080601,42.93902100763907,-88.00190569680801,43.14010292722225,2020-07-17,2,32.0
55079140201,55079090300,-87.99911426080601,42.93902100763907,-88.0515779905257,43.06739040507833,2020-07-17,2,32.0
55079140201,55079101600,-87.99911426080601,42.93902100763907,-87.98881839806968,43.003113634057684,2020-07-17,2,32.0
55079140201,55079186300,-87.99911426080601,42.93902100763907,-87.91799927397663,43.040616743150025,2020-07-17,1,16.0
55079140201,55079021700,-87.99911426080601,42.93902100763907,-87.91312462574102,42.94052513723052,2020-07-17,3,48.0
55079140201,55079120501,-87.99911426080601,42.93902100763907,-87.96680035551529,42.94072396992586,2020-07-17,2,32.0
55079140201,55079019100,-87.99911426080601,42.93902100763907,-87.96549351619066,42.982165146288615,2020-07-17,2,32.0
55079140201,55079090200,-87.99911426080601,42.93902100763907,-88.05200796218348,43.081902180003375,2020-07-17,3,48.0
55079140201,55079090900,-87.99911426080601,42.93902100763907,-88.00270912368009,43.06124682618238,2020-07-17,1,16.0
55079140201,55079120400,-87.99911426080601,42.93902100763907,-87.96548496050795,42.96670427425607,2020-07-17,11,178.0
55079140201,55079120203,-87.99911426080601,42.93902100763907,-88.00776394431053,42.95694649923871,2020-07-17,32,519.0
55079140201,55079018400,-87.99911426080601,42.93902100763907,-87.90417459790928,42.9917062933768,2020-07-17,1,16.0
55079140201,55079160300,-87.99911426080601,42.93902100763907,-87.8893867076047,42.856940087232964,2020-07-17,7,113.0
55079140201,55079187300,-87.99911426080601,42.93902100763907,-87.9656302556773,42.887159701718595,2020-07-17,1,16.0
55079140201,55079185300,-87.99911426080601,42.93902100763907,-88.04265402690729,43.049880154873065,2020-07-17,4,64.0
55079140201,55079120502,-87.99911426080601,42.93902100763907,-87.96510992081555,42.95304728304586,2020-07-17,11,178.0
55079140201,55079150304,-87.99911426080601,42.93902100763907,-88.02760163837803,42.91519132559998,2020-07-17,28,454.0
55079140201,55079180500,-87.99911426080601,42.93902100763907,-87.87471526249948,42.93725893299447,2020-07-17,3,48.0
55079140201,55079005400,-87.99911426080601,42.93902100763907,-88.02259608100492,43.0824437803151,2020-07-17,1,16.0
55079140201,55079000400,-87.99911426080601,42.93902100763907,-88.05554472050937,43.110954423820296,2020-07-17,1,16.0
55079140201,55079186800,-87.99911426080601,42.93902100763907,-87.9506670108877,43.02815858561159,2020-07-17,2,32.0
55079140201,55079187200,-87.99911426080601,42.93902100763907,-88.00769048889484,42.863813659193866,2020-07-17,8,129.0
55079140201,55079160203,-87.99911426080601,42.93902100763907,-87.91638950191752,42.89402789790319,2020-07-17,6,97.0
55079140201,55079170200,-87.99911426080601,42.93902100763907,-87.87263683893734,42.92275381108851,2020-07-17,1,16.0
55079140201,55079091200,-87.99911426080601,42.93902100763907,-88.00388284004167,43.0467075980639,2020-07-17,4,64.0
55079140201,55079020100,-87.99911426080601,42.93902100763907,-87.94099671150566,42.988482506396224,2020-07-17,1,16.0
55079140201,55079160202,-87.99911426080601,42.93902100763907,-87.87217546542965,42.881379330302295,2020-07-17,6,97.0
55079140201,55079005000,-87.99911426080601,42.93902100763907,-87.98327608357046,43.07665137069942,2020-07-17,1,16.0
55079140201,55079006800,-87.99911426080601,42.93902100763907,-87.92500216567623,43.079683301494654,2020-07-17,1,16.0
55079140201,55079100900,-87.99911426080601,42.93902100763907,-88.05216898532913,43.00959788353506,2020-07-17,3,48.0
55079140201,55079101100,-87.99911426080601,42.93902100763907,-88.04276904850849,42.99420752845147,2020-07-17,3,48.0
55079140201,55079140100,-87.99911426080601,42.93902100763907,-88.0188613886232,42.93745223479677,2020-07-17,12,194.0
55079140201,55079140201,-87.99911426080601,42.93902100763907,-87.99911426080601,42.93902100763907,2020-07-17,304,4938.0
55079140201,55079140202,-87.99911426080601,42.93902100763907,-87.981557716435,42.93443757238657,2020-07-17,12,194.0
55079140201,55079120101,-87.99911426080601,42.93902100763907,-88.04814010007517,42.95916305909443,2020-07-17,7,113.0
55079140201,55079070100,-87.99911426080601,42.93902100763907,-87.9076583493148,43.12063010988105,2020-07-17,1,16.0
55079140201,55079101400,-87.99911426080601,42.93902100763907,-88.02735540531337,43.00631524274058,2020-07-17,1,16.0
55079140201,55079014400,-87.99911426080601,42.93902100763907,-87.90784049253895,43.042413401572134,2020-07-17,1,16.0
55079140201,55079150100,-87.99911426080601,42.93902100763907,-87.97759713310646,42.91424119290261,2020-07-17,22,357.0
55079140201,55079021600,-87.99911426080601,42.93902100763907,-87.92488475274558,42.952251222261935,2020-07-17,3,48.0
55079140201,55079003400,-87.99911426080601,42.93902100763907,-88.02444287795417,43.0934576342605,2020-07-17,1,16.0
55079140201,55079187000,-87.99911426080601,42.93902100763907,-87.88728455831759,43.05530607398437,2020-07-17,1,16.0
55079140201,55079120102,-87.99911426080601,42.93902100763907,-88.04966546230908,42.97409794368699,2020-07-17,1,16.0
55079140201,55079130100,-87.99911426080601,42.93902100763907,-88.04407902007586,42.942752065148895,2020-07-17,11,178.0
55079140201,55079019600,-87.99911426080601,42.93902100763907,-88.00769668957767,42.984657216409644,2020-07-17,2,32.0
55079140201,55079150301,-87.99911426080601,42.93902100763907,-88.05345903025625,42.89781994777656,2020-07-17,4,64.0
55079140201,55079120201,-87.99911426080601,42.93902100763907,-88.01868214174351,42.96737507435749,2020-07-17,4,64.0
55079140201,55079019500,-87.99911426080601,42.93902100763907,-88.02769031152603,42.97732706705707,2020-07-17,2,32.0
55079140201,55079020700,-87.99911426080601,42.93902100763907,-87.89282968229121,42.980391637955094,2020-07-17,1,16.0
55079140201,55079007100,-87.99911426080601,42.93902100763907,-87.90149576859913,43.07383574480911,2020-07-17,2,32.0
55079140201,55079019900,-87.99911426080601,42.93902100763907,-87.98235255712866,42.973172118392476,2020-07-17,1,16.0
55079140201,55079101500,-87.99911426080601,42.93902100763907,-88.00747595996755,43.007126720391405,2020-07-17,1,16.0
55079140201,55079101700,-87.99911426080601,42.93902100763907,-88.00697190300957,43.00173437379505,2020-07-17,3,48.0
55079140201,55079100200,-87.99911426080601,42.93902100763907,-87.99137992566246,43.01460892403096,2020-07-17,1,16.0
55079140201,55079007600,-87.99911426080601,42.93902100763907,-87.87859580944733,43.06399812725538,2020-07-17,1,16.0
55079140201,55079186600,-87.99911426080601,42.93902100763907,-87.91355022125023,43.001384465822476,2020-07-17,2,32.0
55079140201,55079120202,-87.99911426080601,42.93902100763907,-87.99868084532402,42.965848843600455,2020-07-17,2,32.0
55079140201,55079014900,-87.99911426080601,42.93902100763907,-87.94481830610269,43.03704436935605,2020-07-17,1,16.0
55079140201,55079003900,-87.99911426080601,42.93902100763907,-87.96215160813261,43.086172227530916,2020-07-17,1,16.0
55079140201,55079000201,-87.99911426080601,42.93902100763907,-88.0472441211064,43.1799495757708,2020-07-17,2,32.0
55079140201,55079004700,-87.99911426080601,42.93902100763907,-87.94760565609727,43.08576787197636,2020-07-17,1,16.0
55079140201,55079021500,-87.99911426080601,42.93902100763907,-87.94398245259515,42.952098604888974,2020-07-17,2,32.0
55079140201,55079150303,-87.99911426080601,42.93902100763907,-88.02312771344377,42.88960646488504,2020-07-17,6,97.0
55079140201,55079019700,-87.99911426080601,42.93902100763907,-88.00741820523533,42.97570820507905,2020-07-17,3,48.0
55079140201,55079019800,-87.99911426080601,42.93902100763907,-87.98973307517815,42.982078809345225,2020-07-17,1,16.0
55079140201,55079001900,-87.99911426080601,42.93902100763907,-87.98367415791445,43.115686316787006,2020-07-17,1,16.0
55079140201,55079017600,-87.99911426080601,42.93902100763907,-87.92236059293215,43.00280872383964,2020-07-17,1,16.0
55079140201,55079186400,-87.99911426080601,42.93902100763907,-87.93038892981184,43.03695266796131,2020-07-17,1,16.0
55079140201,55079170100,-87.99911426080601,42.93902100763907,-87.84892368656588,42.919583500675934,2020-07-17,4,64.0
55079140201,55079185800,-87.99911426080601,42.93902100763907,-87.94265216254213,43.0538687550207,2020-07-17,1,16.0
55079140201,55079100300,-87.99911426080601,42.93902100763907,-88.00316709835943,43.017354422985534,2020-07-17,1,16.0
55079140201,55079101200,-87.99911426080601,42.93902100763907,-88.02772831407549,42.99180235090393,2020-07-17,2,32.0
55079140201,55079170600,-87.99911426080601,42.93902100763907,-87.86320935056827,42.907724102777856,2020-07-17,1,16.0
55079140201,55079185200,-87.99911426080601,42.93902100763907,-87.88193798921913,42.967674094622936,2020-07-17,1,16.0
55079140201,55079170300,-87.99911426080601,42.93902100763907,-87.87538996197884,42.9095536521384,2020-07-17,1,16.0
55079140201,55079170400,-87.99911426080601,42.93902100763907,-87.8734267877277,42.89848248246609,2020-07-17,4,64.0
55079140201,55079090800,-87.99911426080601,42.93902100763907,-88.01754834659646,43.063072316879136,2020-07-17,1,16.0
55079140201,55079017200,-87.99911426080601,42.93902100763907,-87.95621680562614,43.002904101727246,2020-07-17,1,16.0
55079140201,55079013500,-87.99911426080601,42.93902100763907,-87.9526122313311,43.040147622140005,2020-07-17,1,16.0
55079170400,55079020000,-87.8734267877277,42.89848248246609,-87.95273620994368,42.98405311376188,2020-07-17,1,18.0
55079170400,55079100100,-87.8734267877277,42.89848248246609,-87.98598444052216,43.01659648927991,2020-07-17,1,18.0
55079170400,55079011400,-87.8734267877277,42.89848248246609,-87.9106574898586,43.05269479350376,2020-07-17,1,18.0
55079170400,55079110100,-87.8734267877277,42.89848248246609,-87.9710022364233,43.012448953036525,2020-07-17,2,36.0
55079170400,55079021200,-87.8734267877277,42.89848248246609,-87.92101040508955,42.965284697357816,2020-07-17,1,18.0
55079170400,55079160100,-87.8734267877277,42.89848248246609,-87.91471599062149,42.91513941042769,2020-07-17,13,235.0
55079170400,55079000600,-87.8734267877277,42.89848248246609,-88.00190569680801,43.14010292722225,2020-07-17,1,18.0
55079170400,55079090300,-87.8734267877277,42.89848248246609,-88.0515779905257,43.06739040507833,2020-07-17,2,36.0
55079170400,55079186300,-87.8734267877277,42.89848248246609,-87.91799927397663,43.040616743150025,2020-07-17,2,36.0
55079170400,55079021700,-87.8734267877277,42.89848248246609,-87.91312462574102,42.94052513723052,2020-07-17,2,36.0
55079170400,55079070300,-87.8734267877277,42.89848248246609,-87.90380003116019,43.10631443965618,2020-07-17,1,18.0
55079170400,55079090200,-87.8734267877277,42.89848248246609,-88.05200796218348,43.081902180003375,2020-07-17,1,18.0
55079170400,55079120203,-87.8734267877277,42.89848248246609,-88.00776394431053,42.95694649923871,2020-07-17,3,54.0
55079170400,55079170500,-87.8734267877277,42.89848248246609,-87.85764758199707,42.897602993060175,2020-07-17,6,108.0
55079170400,55079160300,-87.8734267877277,42.89848248246609,-87.8893867076047,42.856940087232964,2020-07-17,2,36.0
55079170400,55079021400,-87.8734267877277,42.89848248246609,-87.93891709359613,42.96295890378409,2020-07-17,2,36.0
55079170400,55079185300,-87.8734267877277,42.89848248246609,-88.04265402690729,43.049880154873065,2020-07-17,1,18.0
55079170400,55079187400,-87.8734267877277,42.89848248246609,-87.90767949876499,43.03217517915639,2020-07-17,1,18.0
55079170400,55079150304,-87.8734267877277,42.89848248246609,-88.02760163837803,42.91519132559998,2020-07-17,1,18.0
55079170400,55079180500,-87.8734267877277,42.89848248246609,-87.87471526249948,42.93725893299447,2020-07-17,5,90.0
55079170400,55079160204,-87.8734267877277,42.89848248246609,-87.9317944903397,42.879700165258704,2020-07-17,13,235.0
55079170400,55079186800,-87.8734267877277,42.89848248246609,-87.9506670108877,43.02815858561159,2020-07-17,2,36.0
55079170400,55079187200,-87.8734267877277,42.89848248246609,-88.00769048889484,42.863813659193866,2020-07-17,2,36.0
55079170400,55079160203,-87.8734267877277,42.89848248246609,-87.91638950191752,42.89402789790319,2020-07-17,26,470.0
55079170400,55079170200,-87.8734267877277,42.89848248246609,-87.87263683893734,42.92275381108851,2020-07-17,5,90.0
55079170400,55079020100,-87.8734267877277,42.89848248246609,-87.94099671150566,42.988482506396224,2020-07-17,1,18.0
55079170400,55079160202,-87.8734267877277,42.89848248246609,-87.87217546542965,42.881379330302295,2020-07-17,9,162.0
55079170400,55079180400,-87.8734267877277,42.89848248246609,-87.85633588550823,42.93709205888796,2020-07-17,7,126.0
55079170400,55079014600,-87.8734267877277,42.89848248246609,-87.93032605572249,43.04237842637439,2020-07-17,1,18.0
55079170400,55079014400,-87.8734267877277,42.89848248246609,-87.90784049253895,43.042413401572134,2020-07-17,1,18.0
55079170400,55079100400,-87.8734267877277,42.89848248246609,-88.01166560297426,43.0170103539625,2020-07-17,3,54.0
55079170400,55079170700,-87.8734267877277,42.89848248246609,-87.84797376219025,42.90256149755693,2020-07-17,3,54.0
55079170400,55079150100,-87.8734267877277,42.89848248246609,-87.97759713310646,42.91424119290261,2020-07-17,6,108.0
55079170400,55079021600,-87.8734267877277,42.89848248246609,-87.92488475274558,42.952251222261935,2020-07-17,2,36.0
55079170400,55079021300,-87.8734267877277,42.89848248246609,-87.93877469638159,42.970224160413096,2020-07-17,1,18.0
55079170400,55079180300,-87.8734267877277,42.89848248246609,-87.87005593266791,42.951885652862586,2020-07-17,9,162.0
55079170400,55079015800,-87.8734267877277,42.89848248246609,-87.93761636287321,43.021659379009066,2020-07-17,1,18.0
55079170400,55079020700,-87.8734267877277,42.89848248246609,-87.89282968229121,42.980391637955094,2020-07-17,2,36.0
55079170400,55079185100,-87.8734267877277,42.89848248246609,-87.86132764015301,42.9760744263621,2020-07-17,2,36.0
55079170400,55079007100,-87.8734267877277,42.89848248246609,-87.90149576859913,43.07383574480911,2020-07-17,1,18.0
55079170400,55079000700,-87.8734267877277,42.89848248246609,-87.99009583376943,43.15588909293765,2020-07-17,1,18.0
55079170400,55079012700,-87.8734267877277,42.89848248246609,-88.0122777504643,43.029662330242175,2020-07-17,1,18.0
55079170400,55079019800,-87.8734267877277,42.89848248246609,-87.98973307517815,42.982078809345225,2020-07-17,1,18.0
55079170400,55079180200,-87.8734267877277,42.89848248246609,-87.85506992096182,42.95465467367753,2020-07-17,2,36.0
55079170400,55079101300,-87.8734267877277,42.89848248246609,-88.02770018483265,42.99907770295741,2020-07-17,1,18.0
55079170400,55079170100,-87.8734267877277,42.89848248246609,-87.84892368656588,42.919583500675934,2020-07-17,14,253.0
55079170400,55079100300,-87.8734267877277,42.89848248246609,-88.00316709835943,43.017354422985534,2020-07-17,1,18.0
55079170400,55079021800,-87.8734267877277,42.89848248246609,-87.95694377227925,42.94079756603018,2020-07-17,1,18.0
55079170400,55079170600,-87.8734267877277,42.89848248246609,-87.86320935056827,42.907724102777856,2020-07-17,28,506.0
55079170400,55079185200,-87.8734267877277,42.89848248246609,-87.88193798921913,42.967674094622936,2020-07-17,4,72.0
55079170400,55079170300,-87.8734267877277,42.89848248246609,-87.87538996197884,42.9095536521384,2020-07-17,4,72.0
55079170400,55079186100,-87.8734267877277,42.89848248246609,-87.94279275484007,43.048652729679134,2020-07-17,1,18.0
55079170400,55079170400,-87.8734267877277,42.89848248246609,-87.8734267877277,42.89848248246609,2020-07-17,155,2804.0
55079170400,55079015900,-87.8734267877277,42.89848248246609,-87.9473669417017,43.02159668337006,2020-07-17,1,18.0
55079186300,55079020000,-87.91799927397663,43.040616743150025,-87.95273620994368,42.98405311376188,2020-07-17,1,33.0
55079186300,55079060200,-87.91799927397663,43.040616743150025,-87.9245165328896,43.11556508690733,2020-07-17,4,132.0
55079186300,55079004400,-87.91799927397663,43.040616743150025,-87.90608569163814,43.089298213737145,2020-07-17,1,33.0
55079186300,55079015700,-87.91799927397663,43.040616743150025,-87.92777138656925,43.021663598322064,2020-07-17,1,33.0
55079186300,55079016200,-87.91799927397663,43.040616743150025,-87.94745090497267,43.01660575920564,2020-07-17,1,33.0
55079186300,55079019000,-87.91799927397663,43.040616743150025,-87.967877289968,42.995496154489715,2020-07-17,1,33.0
55079186300,55079011200,-87.91799927397663,43.040616743150025,-87.89756439120579,43.055476240018415,2020-07-17,4,132.0
55079186300,55079011400,-87.91799927397663,43.040616743150025,-87.9106574898586,43.05269479350376,2020-07-17,1,33.0
55079186300,55079110100,-87.91799927397663,43.040616743150025,-87.9710022364233,43.012448953036525,2020-07-17,2,66.0
55079186300,55079101000,-87.91799927397663,43.040616743150025,-88.05764456171738,42.99173938525954,2020-07-17,1,33.0
55079186300,55079090300,-87.91799927397663,43.040616743150025,-88.0515779905257,43.06739040507833,2020-07-17,1,33.0
55079186300,55079186300,-87.91799927397663,43.040616743150025,-87.91799927397663,43.040616743150025,2020-07-17,90,2992.0
55079186300,55079021700,-87.91799927397663,43.040616743150025,-87.91312462574102,42.94052513723052,2020-07-17,2,66.0
55079186300,55079120501,-87.91799927397663,43.040616743150025,-87.96680035551529,42.94072396992586,2020-07-17,1,33.0
55079186300,55079170500,-87.91799927397663,43.040616743150025,-87.85764758199707,42.897602993060175,2020-07-17,1,33.0
55079186300,55079018400,-87.91799927397663,43.040616743150025,-87.90417459790928,42.9917062933768,2020-07-17,2,66.0
55079186300,55079160300,-87.91799927397663,43.040616743150025,-87.8893867076047,42.856940087232964,2020-07-17,1,33.0
55079186300,55079187300,-87.91799927397663,43.040616743150025,-87.9656302556773,42.887159701718595,2020-07-17,1,33.0
55079186300,55079185500,-87.91799927397663,43.040616743150025,-87.92624880733425,43.0601763240656,2020-07-17,1,33.0
55079186300,55079185300,-87.91799927397663,43.040616743150025,-88.04265402690729,43.049880154873065,2020-07-17,1,33.0
55079186300,55079120502,-87.91799927397663,43.040616743150025,-87.96510992081555,42.95304728304586,2020-07-17,2,66.0
55079186300,55079187400,-87.91799927397663,43.040616743150025,-87.90767949876499,43.03217517915639,2020-07-17,6,199.0
55079186300,55079150304,-87.91799927397663,43.040616743150025,-88.02760163837803,42.91519132559998,2020-07-17,1,33.0
55079186300,55079004600,-87.91799927397663,43.040616743150025,-87.9321086251029,43.08569057130924,2020-07-17,2,66.0
55079186300,55079186800,-87.91799927397663,43.040616743150025,-87.9506670108877,43.02815858561159,2020-07-17,1,33.0
55079186300,55079160203,-87.91799927397663,43.040616743150025,-87.91638950191752,42.89402789790319,2020-07-17,3,99.0
55079186300,55079020100,-87.91799927397663,43.040616743150025,-87.94099671150566,42.988482506396224,2020-07-17,2,66.0
55079186300,55079007000,-87.91799927397663,43.040616743150025,-87.91122456687498,43.07424564740019,2020-07-17,2,66.0
55079186300,55079140201,-87.91799927397663,43.040616743150025,-87.99911426080601,42.93902100763907,2020-07-17,2,66.0
55079186300,55079017900,-87.91799927397663,43.040616743150025,-87.90503327479618,42.998772533253295,2020-07-17,1,33.0
55079186300,55079186500,-87.91799927397663,43.040616743150025,-87.9130303085029,43.02319729476483,2020-07-17,1,33.0
55079186300,55079007500,-87.91799927397663,43.040616743150025,-87.87772470520909,43.071061371506396,2020-07-17,2,66.0
55079186300,55079120101,-87.91799927397663,43.040616743150025,-88.04814010007517,42.95916305909443,2020-07-17,1,33.0
55079186300,55079007700,-87.91799927397663,43.040616743150025,-87.88849935823362,43.06389053422122,2020-07-17,1,33.0
55079186300,55079008100,-87.91799927397663,43.040616743150025,-87.90743836658615,43.067471782486706,2020-07-17,1,33.0
55079186300,55079011300,-87.91799927397663,43.040616743150025,-87.90713298111844,43.04890661506502,2020-07-17,3,99.0
55079186300,55079014400,-87.91799927397663,43.040616743150025,-87.90784049253895,43.042413401572134,2020-07-17,5,166.0
55079186300,55079100400,-87.91799927397663,43.040616743150025,-88.01166560297426,43.0170103539625,2020-07-17,1,33.0
55079186300,55079150100,-87.91799927397663,43.040616743150025,-87.97759713310646,42.91424119290261,2020-07-17,1,33.0
55079186300,55079021600,-87.91799927397663,43.040616743150025,-87.92488475274558,42.952251222261935,2020-07-17,2,66.0
55079186300,55079003400,-87.91799927397663,43.040616743150025,-88.02444287795417,43.0934576342605,2020-07-17,1,33.0
55079186300,55079187000,-87.91799927397663,43.040616743150025,-87.88728455831759,43.05530607398437,2020-07-17,1,33.0
55079186300,55079016600,-87.91799927397663,43.040616743150025,-87.9139279223807,43.010028166006215,2020-07-17,2,66.0
55079186300,55079014100,-87.91799927397663,43.040616743150025,-87.92097269793881,43.04863570292668,2020-07-17,1,33.0
55079186300,55079020700,-87.91799927397663,43.040616743150025,-87.89282968229121,42.980391637955094,2020-07-17,2,66.0
55079186300,55079007100,-87.91799927397663,43.040616743150025,-87.90149576859913,43.07383574480911,2020-07-17,1,33.0
55079186300,55079007900,-87.91799927397663,43.040616743150025,-87.89683936352995,43.06599950452746,2020-07-17,1,33.0
55079186300,55079185700,-87.91799927397663,43.040616743150025,-87.91471207902771,43.06752585199898,2020-07-17,1,33.0
55079186300,55079010700,-87.91799927397663,43.040616743150025,-87.90095083433016,43.0597678010215,2020-07-17,2,66.0
55079186300,55079017500,-87.91799927397663,43.040616743150025,-87.92965116916102,43.00287441605045,2020-07-17,1,33.0
55079186300,55079016700,-87.91799927397663,43.040616743150025,-87.92209519609614,43.010301162214034,2020-07-17,1,33.0
55079186300,55079080400,-87.91799927397663,43.040616743150025,-87.88848724040903,43.08594082590386,2020-07-17,1,33.0
55079186300,55079004700,-87.91799927397663,43.040616743150025,-87.94760565609727,43.08576787197636,2020-07-17,1,33.0
55079186300,55079020200,-87.91799927397663,43.040616743150025,-87.94112496275925,42.977527635995024,2020-07-17,2,66.0
55079186300,55079009000,-87.91799927397663,43.040616743150025,-87.9610837883489,43.060355868415826,2020-07-17,1,33.0
55079186300,55079016500,-87.91799927397663,43.040616743150025,-87.91153110922029,43.01579142211555,2020-07-17,1,33.0
55079186300,55079186400,-87.91799927397663,43.040616743150025,-87.93038892981184,43.03695266796131,2020-07-17,1,33.0
55079186300,55079101300,-87.91799927397663,43.040616743150025,-88.02770018483265,42.99907770295741,2020-07-17,1,33.0
55079186300,55079170100,-87.91799927397663,43.040616743150025,-87.84892368656588,42.919583500675934,2020-07-17,1,33.0
55079186300,55079021800,-87.91799927397663,43.040616743150025,-87.95694377227925,42.94079756603018,2020-07-17,1,33.0
55079186300,55079170600,-87.91799927397663,43.040616743150025,-87.86320935056827,42.907724102777856,2020-07-17,2,66.0
55079186300,55079008000,-87.91799927397663,43.040616743150025,-87.90282982859381,43.067480284048756,2020-07-17,1,33.0
55079186300,55079006100,-87.91799927397663,43.040616743150025,-87.96847508739953,43.06791249267312,2020-07-17,1,33.0
55079186300,55079001000,-87.91799927397663,43.040616743150025,-87.95348314468296,43.12464896388482,2020-07-17,2,66.0
55079186300,55079006500,-87.91799927397663,43.040616743150025,-87.94229465456391,43.0797331466399,2020-07-17,1,33.0
55079186500,55079020000,-87.9130303085029,43.02319729476483,-87.95273620994368,42.98405311376188,2020-07-17,1,20.0
55079186500,55079004500,-87.9130303085029,43.02319729476483,-87.92226909278084,43.08550885272536,2020-07-17,2,41.0
55079186500,55079015700,-87.9130303085029,43.02319729476483,-87.92777138656925,43.021663598322064,2020-07-17,1,20.0
55079186500,55079019000,-87.9130303085029,43.02319729476483,-87.967877289968,42.995496154489715,2020-07-17,1,20.0
55079186500,55079100700,-87.9130303085029,43.02319729476483,-88.03788629567484,43.0213025080197,2020-07-17,1,20.0
55079186500,55079011200,-87.9130303085029,43.02319729476483,-87.89756439120579,43.055476240018415,2020-07-17,1,20.0
55079186500,55079110100,-87.9130303085029,43.02319729476483,-87.9710022364233,43.012448953036525,2020-07-17,4,83.0
55079186500,55079160100,-87.9130303085029,43.02319729476483,-87.91471599062149,42.91513941042769,2020-07-17,1,20.0
55079186500,55079012400,-87.9130303085029,43.02319729476483,-87.97680856828566,43.04580144948212,2020-07-17,1,20.0
55079186500,55079021700,-87.9130303085029,43.02319729476483,-87.91312462574102,42.94052513723052,2020-07-17,1,20.0
55079186500,55079120501,-87.9130303085029,43.02319729476483,-87.96680035551529,42.94072396992586,2020-07-17,1,20.0
55079186500,55079018400,-87.9130303085029,43.02319729476483,-87.90417459790928,42.9917062933768,2020-07-17,2,41.0
55079186500,55079160300,-87.9130303085029,43.02319729476483,-87.8893867076047,42.856940087232964,2020-07-17,4,83.0
55079186500,55079019400,-87.9130303085029,43.02319729476483,-88.02755647500341,42.984577749923744,2020-07-17,1,20.0
55079186500,55079004800,-87.9130303085029,43.02319729476483,-87.96231596301399,43.077035360461494,2020-07-17,1,20.0
55079186500,55079060101,-87.9130303085029,43.02319729476483,-87.92535691568614,43.13950788268824,2020-07-17,1,20.0
55079186500,55079090600,-87.9130303085029,43.02319729476483,-88.05435154566402,43.03795832032663,2020-07-17,1,20.0
55079186500,55079187400,-87.9130303085029,43.02319729476483,-87.90767949876499,43.03217517915639,2020-07-17,2,41.0
55079186500,55079021000,-87.9130303085029,43.02319729476483,-87.89993467732904,42.962739149255064,2020-07-17,1,20.0
55079186500,55079186800,-87.9130303085029,43.02319729476483,-87.9506670108877,43.02815858561159,2020-07-17,2,41.0
55079186500,55079187200,-87.9130303085029,43.02319729476483,-88.00769048889484,42.863813659193866,2020-07-17,2,41.0
55079186500,55079160203,-87.9130303085029,43.02319729476483,-87.91638950191752,42.89402789790319,2020-07-17,2,41.0
55079186500,55079091200,-87.9130303085029,43.02319729476483,-88.00388284004167,43.0467075980639,2020-07-17,1,20.0
55079186500,55079140201,-87.9130303085029,43.02319729476483,-87.99911426080601,42.93902100763907,2020-07-17,1,20.0
55079186500,55079017900,-87.9130303085029,43.02319729476483,-87.90503327479618,42.998772533253295,2020-07-17,1,20.0
55079186500,55079186500,-87.9130303085029,43.02319729476483,-87.9130303085029,43.02319729476483,2020-07-17,72,1506.0
55079186500,55079016800,-87.9130303085029,43.02319729476483,-87.92935001478907,43.01036042537408,2020-07-17,2,41.0
55079186500,55079101400,-87.9130303085029,43.02319729476483,-88.02735540531337,43.00631524274058,2020-07-17,1,20.0
55079186500,55079040100,-87.9130303085029,43.02319729476483,-87.93527423095499,43.17163768621121,2020-07-17,2,41.0
55079186500,55079014400,-87.9130303085029,43.02319729476483,-87.90784049253895,43.042413401572134,2020-07-17,1,20.0
55079186500,55079150100,-87.9130303085029,43.02319729476483,-87.97759713310646,42.91424119290261,2020-07-17,1,20.0
55079186500,55079021600,-87.9130303085029,43.02319729476483,-87.92488475274558,42.952251222261935,2020-07-17,1,20.0
55079186500,55079120102,-87.9130303085029,43.02319729476483,-88.04966546230908,42.97409794368699,2020-07-17,1,20.0
55079186500,55079014100,-87.9130303085029,43.02319729476483,-87.92097269793881,43.04863570292668,2020-07-17,1,20.0
55079186500,55079100800,-87.9130303085029,43.02319729476483,-88.05710943935104,43.023654444193184,2020-07-17,1,20.0
55079186500,55079020900,-87.9130303085029,43.02319729476483,-87.90186271433869,42.97013349358029,2020-07-17,1,20.0
55079186500,55079016700,-87.9130303085029,43.02319729476483,-87.92209519609614,43.010301162214034,2020-07-17,1,20.0
55079186500,55079186600,-87.9130303085029,43.02319729476483,-87.91355022125023,43.001384465822476,2020-07-17,1,20.0
55079186500,55079003900,-87.9130303085029,43.02319729476483,-87.96215160813261,43.086172227530916,2020-07-17,1,20.0
55079186500,55079000201,-87.9130303085029,43.02319729476483,-88.0472441211064,43.1799495757708,2020-07-17,1,20.0
55079186500,55079018500,-87.9130303085029,43.02319729476483,-87.91439743752404,42.98441904059949,2020-07-17,1,20.0
55079186500,55079020500,-87.9130303085029,43.02319729476483,-87.92272370744391,42.988321496925906,2020-07-17,1,20.0
55079186500,55079019700,-87.9130303085029,43.02319729476483,-88.00741820523533,42.97570820507905,2020-07-17,1,20.0
55079186500,55079016500,-87.9130303085029,43.02319729476483,-87.91153110922029,43.01579142211555,2020-07-17,2,41.0
55079186500,55079186400,-87.9130303085029,43.02319729476483,-87.93038892981184,43.03695266796131,2020-07-17,1,20.0
55079186500,55079020600,-87.9130303085029,43.02319729476483,-87.90444286867323,42.9810337820488,2020-07-17,1,20.0
55079186500,55079008000,-87.9130303085029,43.02319729476483,-87.90282982859381,43.067480284048756,2020-07-17,1,20.0
55079186500,55079016900,-87.9130303085029,43.02319729476483,-87.93770785693083,43.00951913559766,2020-07-17,1,20.0
55079186500,55079017100,-87.9130303085029,43.02319729476483,-87.95808412992528,43.01056521552099,2020-07-17,2,41.0
55079180300,55079020000,-87.87005593266791,42.951885652862586,-87.95273620994368,42.98405311376188,2020-07-17,1,12.0
55079180300,55079004300,-87.87005593266791,42.951885652862586,-87.93220867621264,43.094799127568905,2020-07-17,1,12.0
55079180300,55079060200,-87.87005593266791,42.951885652862586,-87.9245165328896,43.11556508690733,2020-07-17,2,24.0
55079180300,55079015700,-87.87005593266791,42.951885652862586,-87.92777138656925,43.021663598322064,2020-07-17,2,24.0
55079180300,55079100100,-87.87005593266791,42.951885652862586,-87.98598444052216,43.01659648927991,2020-07-17,4,49.0
55079180300,55079000102,-87.87005593266791,42.951885652862586,-88.01167859828367,43.164645145767146,2020-07-17,1,12.0
55079180300,55079011200,-87.87005593266791,42.951885652862586,-87.89756439120579,43.055476240018415,2020-07-17,1,12.0
55079180300,55079011400,-87.87005593266791,42.951885652862586,-87.9106574898586,43.05269479350376,2020-07-17,1,12.0
55079180300,55079110100,-87.87005593266791,42.951885652862586,-87.9710022364233,43.012448953036525,2020-07-17,2,24.0
55079180300,55079021200,-87.87005593266791,42.951885652862586,-87.92101040508955,42.965284697357816,2020-07-17,4,49.0
55079180300,55079018100,-87.87005593266791,42.951885652862586,-87.88469234682039,42.998709042311724,2020-07-17,1,12.0
55079180300,55079160100,-87.87005593266791,42.951885652862586,-87.91471599062149,42.91513941042769,2020-07-17,13,159.0
55079180300,55079101600,-87.87005593266791,42.951885652862586,-87.98881839806968,43.003113634057684,2020-07-17,1,12.0
55079180300,55079186300,-87.87005593266791,42.951885652862586,-87.91799927397663,43.040616743150025,2020-07-17,1,12.0
55079180300,55079021700,-87.87005593266791,42.951885652862586,-87.91312462574102,42.94052513723052,2020-07-17,7,85.0
55079180300,55079120501,-87.87005593266791,42.951885652862586,-87.96680035551529,42.94072396992586,2020-07-17,1,12.0
55079180300,55079090900,-87.87005593266791,42.951885652862586,-88.00270912368009,43.06124682618238,2020-07-17,1,12.0
55079180300,55079120400,-87.87005593266791,42.951885652862586,-87.96548496050795,42.96670427425607,2020-07-17,2,24.0
55079180300,55079120203,-87.87005593266791,42.951885652862586,-88.00776394431053,42.95694649923871,2020-07-17,1,12.0
55079180300,55079170500,-87.87005593266791,42.951885652862586,-87.85764758199707,42.897602993060175,2020-07-17,2,24.0
55079180300,55079018400,-87.87005593266791,42.951885652862586,-87.90417459790928,42.9917062933768,2020-07-17,1,12.0
55079180300,55079160300,-87.87005593266791,42.951885652862586,-87.8893867076047,42.856940087232964,2020-07-17,8,98.0
55079180300,55079003500,-87.87005593266791,42.951885652862586,-87.99830093777771,43.09359369867719,2020-07-17,1,12.0
55079180300,55079004800,-87.87005593266791,42.951885652862586,-87.96231596301399,43.077035360461494,2020-07-17,1,12.0
55079180300,55079021400,-87.87005593266791,42.951885652862586,-87.93891709359613,42.96295890378409,2020-07-17,2,24.0
55079180300,55079185500,-87.87005593266791,42.951885652862586,-87.92624880733425,43.0601763240656,2020-07-17,2,24.0
55079180300,55079090600,-87.87005593266791,42.951885652862586,-88.05435154566402,43.03795832032663,2020-07-17,1,12.0
55079180300,55079120502,-87.87005593266791,42.951885652862586,-87.96510992081555,42.95304728304586,2020-07-17,5,61.0
55079180300,55079014700,-87.87005593266791,42.951885652862586,-87.93551340137516,43.042200823908786,2020-07-17,1,12.0
55079180300,55079187400,-87.87005593266791,42.951885652862586,-87.90767949876499,43.03217517915639,2020-07-17,3,36.0
55079180300,55079150304,-87.87005593266791,42.951885652862586,-88.02760163837803,42.91519132559998,2020-07-17,1,12.0
55079180300,55079180500,-87.87005593266791,42.951885652862586,-87.87471526249948,42.93725893299447,2020-07-17,15,183.0
55079180300,55079021000,-87.87005593266791,42.951885652862586,-87.89993467732904,42.962739149255064,2020-07-17,2,24.0
55079180300,55079160204,-87.87005593266791,42.951885652862586,-87.9317944903397,42.879700165258704,2020-07-17,1,12.0
55079180300,55079187200,-87.87005593266791,42.951885652862586,-88.00769048889484,42.863813659193866,2020-07-17,1,12.0
55079180300,55079160203,-87.87005593266791,42.951885652862586,-87.91638950191752,42.89402789790319,2020-07-17,14,171.0
55079180300,55079170200,-87.87005593266791,42.951885652862586,-87.87263683893734,42.92275381108851,2020-07-17,4,49.0
55079180300,55079091200,-87.87005593266791,42.951885652862586,-88.00388284004167,43.0467075980639,2020-07-17,2,24.0
55079180300,55079020100,-87.87005593266791,42.951885652862586,-87.94099671150566,42.988482506396224,2020-07-17,2,24.0
55079180300,55079160202,-87.87005593266791,42.951885652862586,-87.87217546542965,42.881379330302295,2020-07-17,3,36.0
55079180300,55079180400,-87.87005593266791,42.951885652862586,-87.85633588550823,42.93709205888796,2020-07-17,14,171.0
55079180300,55079014600,-87.87005593266791,42.951885652862586,-87.93032605572249,43.04237842637439,2020-07-17,1,12.0
55079180300,55079101100,-87.87005593266791,42.951885652862586,-88.04276904850849,42.99420752845147,2020-07-17,1,12.0
55079180300,55079140201,-87.87005593266791,42.951885652862586,-87.99911426080601,42.93902100763907,2020-07-17,2,24.0
55079180300,55079140202,-87.87005593266791,42.951885652862586,-87.981557716435,42.93443757238657,2020-07-17,1,12.0
55079180300,55079017900,-87.87005593266791,42.951885652862586,-87.90503327479618,42.998772533253295,2020-07-17,2,24.0
55079180300,55079180100,-87.87005593266791,42.951885652862586,-87.84722355247969,42.95102171952154,2020-07-17,6,73.0
55079180300,55079186500,-87.87005593266791,42.951885652862586,-87.9130303085029,43.02319729476483,2020-07-17,1,12.0
55079180300,55079016800,-87.87005593266791,42.951885652862586,-87.92935001478907,43.01036042537408,2020-07-17,1,12.0
55079180300,55079120101,-87.87005593266791,42.951885652862586,-88.04814010007517,42.95916305909443,2020-07-17,1,12.0
55079180300,55079011300,-87.87005593266791,42.951885652862586,-87.90713298111844,43.04890661506502,2020-07-17,1,12.0
55079180300,55079014400,-87.87005593266791,42.951885652862586,-87.90784049253895,43.042413401572134,2020-07-17,1,12.0
55079180300,55079100400,-87.87005593266791,42.951885652862586,-88.01166560297426,43.0170103539625,2020-07-17,1,12.0
55079180300,55079018000,-87.87005593266791,42.951885652862586,-87.8945288084346,43.01098558683315,2020-07-17,2,24.0
55079180300,55079150100,-87.87005593266791,42.951885652862586,-87.97759713310646,42.91424119290261,2020-07-17,6,73.0
55079180300,55079021600,-87.87005593266791,42.951885652862586,-87.92488475274558,42.952251222261935,2020-07-17,13,159.0
55079180300,55079187000,-87.87005593266791,42.951885652862586,-87.88728455831759,43.05530607398437,2020-07-17,1,12.0
55079180300,55079016600,-87.87005593266791,42.951885652862586,-87.9139279223807,43.010028166006215,2020-07-17,1,12.0
55079180300,55079120102,-87.87005593266791,42.951885652862586,-88.04966546230908,42.97409794368699,2020-07-17,1,12.0
55079180300,55079150301,-87.87005593266791,42.951885652862586,-88.05345903025625,42.89781994777656,2020-07-17,1,12.0
55079180300,55079100800,-87.87005593266791,42.951885652862586,-88.05710943935104,43.023654444193184,2020-07-17,1,12.0
55079180300,55079120201,-87.87005593266791,42.951885652862586,-88.01868214174351,42.96737507435749,2020-07-17,1,12.0
55079180300,55079050102,-87.87005593266791,42.951885652862586,-87.96743569232115,43.172443064752215,2020-07-17,2,24.0
55079180300,55079180300,-87.87005593266791,42.951885652862586,-87.87005593266791,42.951885652862586,2020-07-17,225,2758.0
55079180300,55079019500,-87.87005593266791,42.951885652862586,-88.02769031152603,42.97732706705707,2020-07-17,1,12.0
55079180300,55079020700,-87.87005593266791,42.951885652862586,-87.89282968229121,42.980391637955094,2020-07-17,2,24.0
55079180300,55079185100,-87.87005593266791,42.951885652862586,-87.86132764015301,42.9760744263621,2020-07-17,6,73.0
55079180300,55079007300,-87.87005593266791,42.951885652862586,-87.88807891595606,43.0779148594549,2020-07-17,1,12.0
55079180300,55079016300,-87.87005593266791,42.951885652862586,-87.93764055272034,43.01572710315665,2020-07-17,1,12.0
55079180300,55079100200,-87.87005593266791,42.951885652862586,-87.99137992566246,43.01460892403096,2020-07-17,1,12.0
55079180300,55079006600,-87.87005593266791,42.951885652862586,-87.93135214789555,43.075399167305534,2020-07-17,1,12.0
55079180300,55079007600,-87.87005593266791,42.951885652862586,-87.87859580944733,43.06399812725538,2020-07-17,1,12.0
55079180300,55079000900,-87.87005593266791,42.951885652862586,-87.95566887882444,43.14970170326806,2020-07-17,2,24.0
55079180300,55079020900,-87.87005593266791,42.951885652862586,-87.90186271433869,42.97013349358029,2020-07-17,1,12.0
55079180300,55079004200,-87.87005593266791,42.951885652862586,-87.94544782159862,43.09516547779425,2020-07-17,1,12.0
55079180300,55079186600,-87.87005593266791,42.951885652862586,-87.91355022125023,43.001384465822476,2020-07-17,2,24.0
55079180300,55079011000,-87.87005593266791,42.951885652862586,-87.89727240641399,43.050053518943756,2020-07-17,2,24.0
55079180300,55079014900,-87.87005593266791,42.951885652862586,-87.94481830610269,43.03704436935605,2020-07-17,1,12.0
55079180300,55079002000,-87.87005593266791,42.951885652862586,-87.96815137233186,43.115621500302275,2020-07-17,1,12.0
55079180300,55079018200,-87.87005593266791,42.951885652862586,-87.87369831321716,42.99249911585218,2020-07-17,1,12.0
55079180300,55079004700,-87.87005593266791,42.951885652862586,-87.94760565609727,43.08576787197636,2020-07-17,1,12.0
55079180300,55079018500,-87.87005593266791,42.951885652862586,-87.91439743752404,42.98441904059949,2020-07-17,1,12.0
55079180300,55079020500,-87.87005593266791,42.951885652862586,-87.92272370744391,42.988321496925906,2020-07-17,2,24.0
55079180300,55079012700,-87.87005593266791,42.951885652862586,-88.0122777504643,43.029662330242175,2020-07-17,1,12.0
55079180300,55079016000,-87.87005593266791,42.951885652862586,-87.95725941865898,43.02137414837421,2020-07-17,1,12.0
55079180300,55079150303,-87.87005593266791,42.951885652862586,-88.02312771344377,42.88960646488504,2020-07-17,1,12.0
55079180300,55079019800,-87.87005593266791,42.951885652862586,-87.98973307517815,42.982078809345225,2020-07-17,1,12.0
55079180300,55079009000,-87.87005593266791,42.951885652862586,-87.9610837883489,43.060355868415826,2020-07-17,1,12.0
55079180300,55079009100,-87.87005593266791,42.951885652862586,-87.96852806703085,43.060675408064526,2020-07-17,1,12.0
55079180300,55079013700,-87.87005593266791,42.951885652862586,-87.94529508707278,43.04229912697773,2020-07-17,1,12.0
55079180300,55079001900,-87.87005593266791,42.951885652862586,-87.98367415791445,43.115686316787006,2020-07-17,1,12.0
55079180300,55079018300,-87.87005593266791,42.951885652862586,-87.89285805580873,42.991354183119796,2020-07-17,1,12.0
55079180300,55079016500,-87.87005593266791,42.951885652862586,-87.91153110922029,43.01579142211555,2020-07-17,2,24.0
55079180300,55079180200,-87.87005593266791,42.951885652862586,-87.85506992096182,42.95465467367753,2020-07-17,9,110.0
55079180300,55079014300,-87.87005593266791,42.951885652862586,-87.90101539256612,43.042731429373134,2020-07-17,1,12.0
55079180300,55079020600,-87.87005593266791,42.951885652862586,-87.90444286867323,42.9810337820488,2020-07-17,2,24.0
55079180300,55079101300,-87.87005593266791,42.951885652862586,-88.02770018483265,42.99907770295741,2020-07-17,1,12.0
55079180300,55079011100,-87.87005593266791,42.951885652862586,-87.90155963599153,43.04933924860895,2020-07-17,1,12.0
55079180300,55079170100,-87.87005593266791,42.951885652862586,-87.84892368656588,42.919583500675934,2020-07-17,13,159.0
55079180300,55079013400,-87.87005593266791,42.951885652862586,-87.95356038604784,43.03496530197635,2020-07-17,1,12.0
55079180300,55079185800,-87.87005593266791,42.951885652862586,-87.94265216254213,43.0538687550207,2020-07-17,1,12.0
55079180300,55079021800,-87.87005593266791,42.951885652862586,-87.95694377227925,42.94079756603018,2020-07-17,1,12.0
55079180300,55079170600,-87.87005593266791,42.951885652862586,-87.86320935056827,42.907724102777856,2020-07-17,11,134.0
55079180300,55079185200,-87.87005593266791,42.951885652862586,-87.88193798921913,42.967674094622936,2020-07-17,24,294.0
55079180300,55079060102,-87.87005593266791,42.951885652862586,-87.93974960524739,43.148654535590595,2020-07-17,1,12.0
55079180300,55079170300,-87.87005593266791,42.951885652862586,-87.87538996197884,42.9095536521384,2020-07-17,2,24.0
55079180300,55079012900,-87.87005593266791,42.951885652862586,-87.99989477924994,43.028140622580246,2020-07-17,2,24.0
55079180300,55079016900,-87.87005593266791,42.951885652862586,-87.93770785693083,43.00951913559766,2020-07-17,1,12.0
55079180300,55079017100,-87.87005593266791,42.951885652862586,-87.95808412992528,43.01056521552099,2020-07-17,4,49.0
55079180300,55079170400,-87.87005593266791,42.951885652862586,-87.8734267877277,42.89848248246609,2020-07-17,2,24.0
55079180300,55079021100,-87.87005593266791,42.951885652862586,-87.91444199314573,42.970152010378044,2020-07-17,1,12.0
55079180300,55079008700,-87.87005593266791,42.951885652862586,-87.93997122125838,43.06781436915486,2020-07-17,1,12.0
55079060101,55079020000,-87.92535691568614,43.13950788268824,-87.95273620994368,42.98405311376188,2020-07-17,1,22.0
55079060101,55079002400,-87.92535691568614,43.13950788268824,-87.95188617843814,43.106404380820805,2020-07-17,1,22.0
55079060101,55079004300,-87.92535691568614,43.13950788268824,-87.93220867621264,43.094799127568905,2020-07-17,2,44.0
55079060101,55079060200,-87.92535691568614,43.13950788268824,-87.9245165328896,43.11556508690733,2020-07-17,27,595.0
55079060101,55079012800,-87.92535691568614,43.13950788268824,-88.03145321223326,43.03059221584991,2020-07-17,1,22.0
55079060101,55079000102,-87.92535691568614,43.13950788268824,-88.01167859828367,43.164645145767146,2020-07-17,3,66.0
55079060101,55079000202,-87.92535691568614,43.13950788268824,-88.04132965001602,43.160382512849615,2020-07-17,1,22.0
55079060101,55079101000,-87.92535691568614,43.13950788268824,-88.05764456171738,42.99173938525954,2020-07-17,1,22.0
55079060101,55079000600,-87.92535691568614,43.13950788268824,-88.00190569680801,43.14010292722225,2020-07-17,2,44.0
55079060101,55079050101,-87.92535691568614,43.13950788268824,-87.98494662348081,43.17683059907653,2020-07-17,1,22.0
55079060101,55079090300,-87.92535691568614,43.13950788268824,-88.0515779905257,43.06739040507833,2020-07-17,1,22.0
55079060101,55079186300,-87.92535691568614,43.13950788268824,-87.91799927397663,43.040616743150025,2020-07-17,3,66.0
55079060101,55079021700,-87.92535691568614,43.13950788268824,-87.91312462574102,42.94052513723052,2020-07-17,1,22.0
55079060101,55079070300,-87.92535691568614,43.13950788268824,-87.90380003116019,43.10631443965618,2020-07-17,1,22.0
55079060101,55079090100,-87.92535691568614,43.13950788268824,-88.04837730790923,43.0973204568905,2020-07-17,1,22.0
55079060101,55079090200,-87.92535691568614,43.13950788268824,-88.05200796218348,43.081902180003375,2020-07-17,2,44.0
55079060101,55079120400,-87.92535691568614,43.13950788268824,-87.96548496050795,42.96670427425607,2020-07-17,1,22.0
55079060101,55079186000,-87.92535691568614,43.13950788268824,-87.92039854147795,43.053956957431964,2020-07-17,1,22.0
55079060101,55079005300,-87.92535691568614,43.13950788268824,-88.01242727702714,43.07892288175221,2020-07-17,1,22.0
55079060101,55079060101,-87.92535691568614,43.13950788268824,-87.92535691568614,43.13950788268824,2020-07-17,166,3661.0
55079060101,55079185500,-87.92535691568614,43.13950788268824,-87.92624880733425,43.0601763240656,2020-07-17,1,22.0
55079060101,55079080300,-87.92535691568614,43.13950788268824,-87.87475616434764,43.089996653126924,2020-07-17,2,44.0
55079060101,55079185300,-87.92535691568614,43.13950788268824,-88.04265402690729,43.049880154873065,2020-07-17,5,110.0
55079060101,55079120502,-87.92535691568614,43.13950788268824,-87.96510992081555,42.95304728304586,2020-07-17,2,44.0
55079060101,55079150304,-87.92535691568614,43.13950788268824,-88.02760163837803,42.91519132559998,2020-07-17,1,22.0
55079060101,55079180500,-87.92535691568614,43.13950788268824,-87.87471526249948,42.93725893299447,2020-07-17,1,22.0
55079060101,55079000800,-87.92535691568614,43.13950788268824,-87.97372753660457,43.14064967469203,2020-07-17,1,22.0
55079060101,55079004000,-87.92535691568614,43.13950788268824,-87.97205846198321,43.09342306765945,2020-07-17,1,22.0
55079060101,55079186800,-87.92535691568614,43.13950788268824,-87.9506670108877,43.02815858561159,2020-07-17,2,44.0
55079060101,55079170200,-87.92535691568614,43.13950788268824,-87.87263683893734,42.92275381108851,2020-07-17,1,22.0
55079060101,55079091200,-87.92535691568614,43.13950788268824,-88.00388284004167,43.0467075980639,2020-07-17,1,22.0
55079060101,55079001400,-87.92535691568614,43.13950788268824,-88.01656972395298,43.130900969315825,2020-07-17,1,22.0
55079060101,55079002800,-87.92535691568614,43.13950788268824,-87.97141961541004,43.10830621321033,2020-07-17,2,44.0
55079060101,55079006800,-87.92535691568614,43.13950788268824,-87.92500216567623,43.079683301494654,2020-07-17,1,22.0
55079060101,55079014600,-87.92535691568614,43.13950788268824,-87.93032605572249,43.04237842637439,2020-07-17,1,22.0
55079060101,55079007000,-87.92535691568614,43.13950788268824,-87.91122456687498,43.07424564740019,2020-07-17,1,22.0
55079060101,55079101100,-87.92535691568614,43.13950788268824,-88.04276904850849,42.99420752845147,2020-07-17,1,22.0
55079060101,55079186500,-87.92535691568614,43.13950788268824,-87.9130303085029,43.02319729476483,2020-07-17,2,44.0
55079060101,55079003300,-87.92535691568614,43.13950788268824,-88.0173066794685,43.1010408446094,2020-07-17,1,22.0
55079060101,55079007500,-87.92535691568614,43.13950788268824,-87.87772470520909,43.071061371506396,2020-07-17,2,44.0
55079060101,55079070100,-87.92535691568614,43.13950788268824,-87.9076583493148,43.12063010988105,2020-07-17,2,44.0
55079060101,55079040100,-87.92535691568614,43.13950788268824,-87.93527423095499,43.17163768621121,2020-07-17,2,44.0
55079060101,55079003600,-87.92535691568614,43.13950788268824,-87.98321131530031,43.092736225323044,2020-07-17,1,22.0
55079060101,55079035100,-87.92535691568614,43.13950788268824,-87.89285549776399,43.15380150659221,2020-07-17,3,66.0
55079060101,55079100400,-87.92535691568614,43.13950788268824,-88.01166560297426,43.0170103539625,2020-07-17,1,22.0
55079060101,55079018000,-87.92535691568614,43.13950788268824,-87.8945288084346,43.01098558683315,2020-07-17,1,22.0
55079060101,55079070200,-87.92535691568614,43.13950788268824,-87.8919112738197,43.1133970416122,2020-07-17,5,110.0
55079060101,55079150100,-87.92535691568614,43.13950788268824,-87.97759713310646,42.91424119290261,2020-07-17,1,22.0
55079060101,55079021600,-87.92535691568614,43.13950788268824,-87.92488475274558,42.952251222261935,2020-07-17,1,22.0
55079060101,55079001800,-87.92535691568614,43.13950788268824,-87.99853790291819,43.115847306484916,2020-07-17,1,22.0
55079060101,55079003400,-87.92535691568614,43.13950788268824,-88.02444287795417,43.0934576342605,2020-07-17,1,22.0
55079060101,55079035200,-87.92535691568614,43.13950788268824,-87.9070718018067,43.16012040860922,2020-07-17,11,242.0
55079060101,55079187000,-87.92535691568614,43.13950788268824,-87.88728455831759,43.05530607398437,2020-07-17,2,44.0
55079060101,55079002900,-87.92535691568614,43.13950788268824,-87.98131890013833,43.108341188298006,2020-07-17,1,22.0
55079060101,55079050102,-87.92535691568614,43.13950788268824,-87.96743569232115,43.172443064752215,2020-07-17,6,132.0
55079060101,55079080200,-87.92535691568614,43.13950788268824,-87.8877423232882,43.0942616397457,2020-07-17,2,44.0
55079060101,55079019900,-87.92535691568614,43.13950788268824,-87.98235255712866,42.973172118392476,2020-07-17,2,44.0
55079060101,55079000700,-87.92535691568614,43.13950788268824,-87.99009583376943,43.15588909293765,2020-07-17,1,22.0
55079060101,55079007600,-87.92535691568614,43.13950788268824,-87.87859580944733,43.06399812725538,2020-07-17,1,22.0
55079060101,55079000900,-87.92535691568614,43.13950788268824,-87.95566887882444,43.14970170326806,2020-07-17,3,66.0
55079060101,55079004200,-87.92535691568614,43.13950788268824,-87.94544782159862,43.09516547779425,2020-07-17,1,22.0
55079060101,55079014900,-87.92535691568614,43.13950788268824,-87.94481830610269,43.03704436935605,2020-07-17,2,44.0
55079060101,55079012300,-87.92535691568614,43.13950788268824,-87.96196748080853,43.043599093031496,2020-07-17,1,22.0
55079060101,55079080400,-87.92535691568614,43.13950788268824,-87.88848724040903,43.08594082590386,2020-07-17,1,22.0
55079060101,55079003900,-87.92535691568614,43.13950788268824,-87.96215160813261,43.086172227530916,2020-07-17,2,44.0
55079060101,55079007800,-87.92535691568614,43.13950788268824,-87.88801504624632,43.07075279367613,2020-07-17,1,22.0
55079060101,55079021500,-87.92535691568614,43.13950788268824,-87.94398245259515,42.952098604888974,2020-07-17,1,22.0
55079060101,55079001100,-87.92535691568614,43.13950788268824,-87.96901390366762,43.127689901740844,2020-07-17,2,44.0
55079060101,55079016500,-87.92535691568614,43.13950788268824,-87.91153110922029,43.01579142211555,2020-07-17,1,22.0
55079060101,55079020600,-87.92535691568614,43.13950788268824,-87.90444286867323,42.9810337820488,2020-07-17,1,22.0
55079060101,55079090700,-87.92535691568614,43.13950788268824,-88.02545440842808,43.059193901469925,2020-07-17,1,22.0
55079060101,55079101300,-87.92535691568614,43.13950788268824,-88.02770018483265,42.99907770295741,2020-07-17,1,22.0
55079060101,55079011100,-87.92535691568614,43.13950788268824,-87.90155963599153,43.04933924860895,2020-07-17,1,22.0
55079060101,55079004100,-87.92535691568614,43.13950788268824,-87.95681147526382,43.0940907627305,2020-07-17,1,22.0
55079060101,55079170600,-87.92535691568614,43.13950788268824,-87.86320935056827,42.907724102777856,2020-07-17,1,22.0
55079060101,55079060102,-87.92535691568614,43.13950788268824,-87.93974960524739,43.148654535590595,2020-07-17,12,264.0
55079060101,55079009200,-87.92535691568614,43.13950788268824,-87.97560474362125,43.06069020349929,2020-07-17,1,22.0
55079060101,55079005600,-87.92535691568614,43.13950788268824,-88.02758035548169,43.071050112322006,2020-07-17,1,22.0
55079060101,55079000303,-87.92535691568614,43.13950788268824,-88.04588241201564,43.12968529312476,2020-07-17,1,22.0
55079060101,55079001000,-87.92535691568614,43.13950788268824,-87.95348314468296,43.12464896388482,2020-07-17,1,22.0
55079060101,55079002200,-87.92535691568614,43.13950788268824,-87.9335870089048,43.11469059411332,2020-07-17,2,44.0
55079060101,55079008800,-87.92535691568614,43.13950788268824,-87.94617084834631,43.06788862375971,2020-07-17,1,22.0
55079060101,55079006700,-87.92535691568614,43.13950788268824,-87.92040407919447,43.07437828581977,2020-07-17,1,22.0
55079160202,55079020000,-87.87217546542965,42.881379330302295,-87.95273620994368,42.98405311376188,2020-07-17,2,30.0
55079160202,55079004300,-87.87217546542965,42.881379330302295,-87.93220867621264,43.094799127568905,2020-07-17,2,30.0
55079160202,55079004400,-87.87217546542965,42.881379330302295,-87.90608569163814,43.089298213737145,2020-07-17,1,15.0
55079160202,55079015700,-87.87217546542965,42.881379330302295,-87.92777138656925,43.021663598322064,2020-07-17,1,15.0
55079160202,55079016200,-87.87217546542965,42.881379330302295,-87.94745090497267,43.01660575920564,2020-07-17,1,15.0
55079160202,55079019000,-87.87217546542965,42.881379330302295,-87.967877289968,42.995496154489715,2020-07-17,1,15.0
55079160202,55079100100,-87.87217546542965,42.881379330302295,-87.98598444052216,43.01659648927991,2020-07-17,3,46.0
55079160202,55079100700,-87.87217546542965,42.881379330302295,-88.03788629567484,43.0213025080197,2020-07-17,1,15.0
55079160202,55079110100,-87.87217546542965,42.881379330302295,-87.9710022364233,43.012448953036525,2020-07-17,5,76.0
55079160202,55079101000,-87.87217546542965,42.881379330302295,-88.05764456171738,42.99173938525954,2020-07-17,1,15.0
55079160202,55079021200,-87.87217546542965,42.881379330302295,-87.92101040508955,42.965284697357816,2020-07-17,2,30.0
55079160202,55079160100,-87.87217546542965,42.881379330302295,-87.91471599062149,42.91513941042769,2020-07-17,42,644.0
55079160202,55079090300,-87.87217546542965,42.881379330302295,-88.0515779905257,43.06739040507833,2020-07-17,1,15.0
55079160202,55079101600,-87.87217546542965,42.881379330302295,-87.98881839806968,43.003113634057684,2020-07-17,1,15.0
55079160202,55079186300,-87.87217546542965,42.881379330302295,-87.91799927397663,43.040616743150025,2020-07-17,1,15.0
55079160202,55079021700,-87.87217546542965,42.881379330302295,-87.91312462574102,42.94052513723052,2020-07-17,14,214.0
55079160202,55079120400,-87.87217546542965,42.881379330302295,-87.96548496050795,42.96670427425607,2020-07-17,3,46.0
55079160202,55079120203,-87.87217546542965,42.881379330302295,-88.00776394431053,42.95694649923871,2020-07-17,5,76.0
55079160202,55079170500,-87.87217546542965,42.881379330302295,-87.85764758199707,42.897602993060175,2020-07-17,2,30.0
55079160202,55079160300,-87.87217546542965,42.881379330302295,-87.8893867076047,42.856940087232964,2020-07-17,33,506.0
55079160202,55079187300,-87.87217546542965,42.881379330302295,-87.9656302556773,42.887159701718595,2020-07-17,2,30.0
55079160202,55079019400,-87.87217546542965,42.881379330302295,-88.02755647500341,42.984577749923744,2020-07-17,1,15.0
55079160202,55079002700,-87.87217546542965,42.881379330302295,-87.97176690626681,43.100825271475365,2020-07-17,1,15.0
55079160202,55079185900,-87.87217546542965,42.881379330302295,-87.93229166080955,43.05383765471328,2020-07-17,1,15.0
55079160202,55079021400,-87.87217546542965,42.881379330302295,-87.93891709359613,42.96295890378409,2020-07-17,1,15.0
55079160202,55079060101,-87.87217546542965,42.881379330302295,-87.92535691568614,43.13950788268824,2020-07-17,1,15.0
55079160202,55079185300,-87.87217546542965,42.881379330302295,-88.04265402690729,43.049880154873065,2020-07-17,2,30.0
55079160202,55079120502,-87.87217546542965,42.881379330302295,-87.96510992081555,42.95304728304586,2020-07-17,5,76.0
55079160202,55079187400,-87.87217546542965,42.881379330302295,-87.90767949876499,43.03217517915639,2020-07-17,2,30.0
55079160202,55079150304,-87.87217546542965,42.881379330302295,-88.02760163837803,42.91519132559998,2020-07-17,2,30.0
55079160202,55079180500,-87.87217546542965,42.881379330302295,-87.87471526249948,42.93725893299447,2020-07-17,4,61.0
55079160202,55079012500,-87.87217546542965,42.881379330302295,-87.97654888060033,43.037091021714275,2020-07-17,1,15.0
55079160202,55079000400,-87.87217546542965,42.881379330302295,-88.05554472050937,43.110954423820296,2020-07-17,1,15.0
55079160202,55079006200,-87.87217546542965,42.881379330302295,-87.96097127315564,43.067902782244275,2020-07-17,1,15.0
55079160202,55079021000,-87.87217546542965,42.881379330302295,-87.89993467732904,42.962739149255064,2020-07-17,2,30.0
55079160202,55079160204,-87.87217546542965,42.881379330302295,-87.9317944903397,42.879700165258704,2020-07-17,38,582.0
55079160202,55079186800,-87.87217546542965,42.881379330302295,-87.9506670108877,43.02815858561159,2020-07-17,6,92.0
55079160202,55079187200,-87.87217546542965,42.881379330302295,-88.00769048889484,42.863813659193866,2020-07-17,14,214.0
55079160202,55079080100,-87.87217546542965,42.881379330302295,-87.89773689723896,43.0955518884228,2020-07-17,1,15.0
55079160202,55079160203,-87.87217546542965,42.881379330302295,-87.91638950191752,42.89402789790319,2020-07-17,77,1180.0
55079160202,55079020100,-87.87217546542965,42.881379330302295,-87.94099671150566,42.988482506396224,2020-07-17,3,46.0
55079160202,55079160202,-87.87217546542965,42.881379330302295,-87.87217546542965,42.881379330302295,2020-07-17,444,6808.0
55079160202,55079180400,-87.87217546542965,42.881379330302295,-87.85633588550823,42.93709205888796,2020-07-17,6,92.0
55079160202,55079002800,-87.87217546542965,42.881379330302295,-87.97141961541004,43.10830621321033,2020-07-17,1,15.0
55079160202,55079100900,-87.87217546542965,42.881379330302295,-88.05216898532913,43.00959788353506,2020-07-17,4,61.0
55079160202,55079007000,-87.87217546542965,42.881379330302295,-87.91122456687498,43.07424564740019,2020-07-17,1,15.0
55079160202,55079013600,-87.87217546542965,42.881379330302295,-87.9527511611333,43.04369545920421,2020-07-17,1,15.0
55079160202,55079140201,-87.87217546542965,42.881379330302295,-87.99911426080601,42.93902100763907,2020-07-17,6,92.0
55079160202,55079140202,-87.87217546542965,42.881379330302295,-87.981557716435,42.93443757238657,2020-07-17,2,30.0
55079160202,55079186500,-87.87217546542965,42.881379330302295,-87.9130303085029,43.02319729476483,2020-07-17,1,15.0
55079160202,55079007500,-87.87217546542965,42.881379330302295,-87.87772470520909,43.071061371506396,2020-07-17,1,15.0
55079160202,55079120101,-87.87217546542965,42.881379330302295,-88.04814010007517,42.95916305909443,2020-07-17,1,15.0
55079160202,55079014400,-87.87217546542965,42.881379330302295,-87.90784049253895,43.042413401572134,2020-07-17,1,15.0
55079160202,55079170700,-87.87217546542965,42.881379330302295,-87.84797376219025,42.90256149755693,2020-07-17,3,46.0
55079160202,55079018000,-87.87217546542965,42.881379330302295,-87.8945288084346,43.01098558683315,2020-07-17,1,15.0
55079160202,55079150100,-87.87217546542965,42.881379330302295,-87.97759713310646,42.91424119290261,2020-07-17,19,291.0
55079160202,55079021600,-87.87217546542965,42.881379330302295,-87.92488475274558,42.952251222261935,2020-07-17,11,168.0
55079160202,55079003400,-87.87217546542965,42.881379330302295,-88.02444287795417,43.0934576342605,2020-07-17,1,15.0
55079160202,55079021300,-87.87217546542965,42.881379330302295,-87.93877469638159,42.970224160413096,2020-07-17,1,15.0
55079160202,55079130100,-87.87217546542965,42.881379330302295,-88.04407902007586,42.942752065148895,2020-07-17,5,76.0
55079160202,55079019600,-87.87217546542965,42.881379330302295,-88.00769668957767,42.984657216409644,2020-07-17,1,15.0
55079160202,55079101800,-87.87217546542965,42.881379330302295,-88.00969812606968,42.99373426381014,2020-07-17,1,15.0
55079160202,55079150301,-87.87217546542965,42.881379330302295,-88.05345903025625,42.89781994777656,2020-07-17,2,30.0
55079160202,55079100800,-87.87217546542965,42.881379330302295,-88.05710943935104,43.023654444193184,2020-07-17,2,30.0
55079160202,55079050102,-87.87217546542965,42.881379330302295,-87.96743569232115,43.172443064752215,2020-07-17,1,15.0
55079160202,55079180300,-87.87217546542965,42.881379330302295,-87.87005593266791,42.951885652862586,2020-07-17,8,122.0
55079160202,55079020700,-87.87217546542965,42.881379330302295,-87.89282968229121,42.980391637955094,2020-07-17,2,30.0
55079160202,55079185100,-87.87217546542965,42.881379330302295,-87.86132764015301,42.9760744263621,2020-07-17,2,30.0
55079160202,55079006300,-87.87217546542965,42.881379330302295,-87.95229119818997,43.07635281761954,2020-07-17,1,15.0
55079160202,55079000700,-87.87217546542965,42.881379330302295,-87.99009583376943,43.15588909293765,2020-07-17,1,15.0
55079160202,55079101700,-87.87217546542965,42.881379330302295,-88.00697190300957,43.00173437379505,2020-07-17,1,15.0
55079160202,55079007600,-87.87217546542965,42.881379330302295,-87.87859580944733,43.06399812725538,2020-07-17,1,15.0
55079160202,55079000900,-87.87217546542965,42.881379330302295,-87.95566887882444,43.14970170326806,2020-07-17,1,15.0
55079160202,55079020900,-87.87217546542965,42.881379330302295,-87.90186271433869,42.97013349358029,2020-07-17,3,46.0
55079160202,55079016700,-87.87217546542965,42.881379330302295,-87.92209519609614,43.010301162214034,2020-07-17,2,30.0
55079160202,55079000201,-87.87217546542965,42.881379330302295,-88.0472441211064,43.1799495757708,2020-07-17,1,15.0
55079160202,55079007800,-87.87217546542965,42.881379330302295,-87.88801504624632,43.07075279367613,2020-07-17,1,15.0
55079160202,55079018500,-87.87217546542965,42.881379330302295,-87.91439743752404,42.98441904059949,2020-07-17,3,46.0
55079160202,55079020200,-87.87217546542965,42.881379330302295,-87.94112496275925,42.977527635995024,2020-07-17,1,15.0
55079160202,55079016000,-87.87217546542965,42.881379330302295,-87.95725941865898,43.02137414837421,2020-07-17,2,30.0
55079160202,55079150303,-87.87217546542965,42.881379330302295,-88.02312771344377,42.88960646488504,2020-07-17,1,15.0
55079160202,55079019700,-87.87217546542965,42.881379330302295,-88.00741820523533,42.97570820507905,2020-07-17,2,30.0
55079160202,55079009000,-87.87217546542965,42.881379330302295,-87.9610837883489,43.060355868415826,2020-07-17,1,15.0
55079160202,55079018300,-87.87217546542965,42.881379330302295,-87.89285805580873,42.991354183119796,2020-07-17,1,15.0
55079160202,55079001100,-87.87217546542965,42.881379330302295,-87.96901390366762,43.127689901740844,2020-07-17,1,15.0
55079160202,55079180200,-87.87217546542965,42.881379330302295,-87.85506992096182,42.95465467367753,2020-07-17,1,15.0
55079160202,55079186400,-87.87217546542965,42.881379330302295,-87.93038892981184,43.03695266796131,2020-07-17,1,15.0
55079160202,55079014300,-87.87217546542965,42.881379330302295,-87.90101539256612,43.042731429373134,2020-07-17,1,15.0
55079160202,55079020600,-87.87217546542965,42.881379330302295,-87.90444286867323,42.9810337820488,2020-07-17,1,15.0
55079160202,55079090700,-87.87217546542965,42.881379330302295,-88.02545440842808,43.059193901469925,2020-07-17,1,15.0
55079160202,55079101300,-87.87217546542965,42.881379330302295,-88.02770018483265,42.99907770295741,2020-07-17,1,15.0
55079160202,55079170100,-87.87217546542965,42.881379330302295,-87.84892368656588,42.919583500675934,2020-07-17,9,138.0
55079160202,55079100300,-87.87217546542965,42.881379330302295,-88.00316709835943,43.017354422985534,2020-07-17,2,30.0
55079160202,55079170600,-87.87217546542965,42.881379330302295,-87.86320935056827,42.907724102777856,2020-07-17,22,337.0
55079160202,55079185200,-87.87217546542965,42.881379330302295,-87.88193798921913,42.967674094622936,2020-07-17,3,46.0
55079160202,55079170300,-87.87217546542965,42.881379330302295,-87.87538996197884,42.9095536521384,2020-07-17,3,46.0
55079160202,55079017100,-87.87217546542965,42.881379330302295,-87.95808412992528,43.01056521552099,2020-07-17,1,15.0
55079160202,55079017000,-87.87217546542965,42.881379330302295,-87.9475259715867,43.01041841584858,2020-07-17,1,15.0
55079160202,55079170400,-87.87217546542965,42.881379330302295,-87.8734267877277,42.89848248246609,2020-07-17,6,92.0
55079160202,55079008700,-87.87217546542965,42.881379330302295,-87.93997122125838,43.06781436915486,2020-07-17,2,30.0
55079187200,55079020000,-88.00769048889484,42.863813659193866,-87.95273620994368,42.98405311376188,2020-07-17,2,32.0
55079187200,55079012800,-88.00769048889484,42.863813659193866,-88.03145321223326,43.03059221584991,2020-07-17,1,16.0
55079187200,55079000102,-88.00769048889484,42.863813659193866,-88.01167859828367,43.164645145767146,2020-07-17,1,16.0
55079187200,55079110100,-88.00769048889484,42.863813659193866,-87.9710022364233,43.012448953036525,2020-07-17,1,16.0
55079187200,55079101000,-88.00769048889484,42.863813659193866,-88.05764456171738,42.99173938525954,2020-07-17,1,16.0
55079187200,55079021200,-88.00769048889484,42.863813659193866,-87.92101040508955,42.965284697357816,2020-07-17,2,32.0
55079187200,55079160100,-88.00769048889484,42.863813659193866,-87.91471599062149,42.91513941042769,2020-07-17,11,178.0
55079187200,55079050101,-88.00769048889484,42.863813659193866,-87.98494662348081,43.17683059907653,2020-07-17,1,16.0
55079187200,55079090300,-88.00769048889484,42.863813659193866,-88.0515779905257,43.06739040507833,2020-07-17,2,32.0
55079187200,55079101600,-88.00769048889484,42.863813659193866,-87.98881839806968,43.003113634057684,2020-07-17,1,16.0
55079187200,55079186300,-88.00769048889484,42.863813659193866,-87.91799927397663,43.040616743150025,2020-07-17,1,16.0
55079187200,55079021700,-88.00769048889484,42.863813659193866,-87.91312462574102,42.94052513723052,2020-07-17,6,97.0
55079187200,55079120501,-88.00769048889484,42.863813659193866,-87.96680035551529,42.94072396992586,2020-07-17,6,97.0
55079187200,55079090200,-88.00769048889484,42.863813659193866,-88.05200796218348,43.081902180003375,2020-07-17,1,16.0
55079187200,55079090900,-88.00769048889484,42.863813659193866,-88.00270912368009,43.06124682618238,2020-07-17,1,16.0
55079187200,55079120400,-88.00769048889484,42.863813659193866,-87.96548496050795,42.96670427425607,2020-07-17,3,48.0
55079187200,55079120203,-88.00769048889484,42.863813659193866,-88.00776394431053,42.95694649923871,2020-07-17,17,275.0
55079187200,55079160300,-88.00769048889484,42.863813659193866,-87.8893867076047,42.856940087232964,2020-07-17,12,194.0
55079187200,55079187300,-88.00769048889484,42.863813659193866,-87.9656302556773,42.887159701718595,2020-07-17,8,129.0
55079187200,55079019400,-88.00769048889484,42.863813659193866,-88.02755647500341,42.984577749923744,2020-07-17,1,16.0
55079187200,55079000501,-88.00769048889484,42.863813659193866,-88.04340002069712,43.115390222488664,2020-07-17,8,129.0
55079187200,55079003500,-88.00769048889484,42.863813659193866,-87.99830093777771,43.09359369867719,2020-07-17,1,16.0
55079187200,55079185300,-88.00769048889484,42.863813659193866,-88.04265402690729,43.049880154873065,2020-07-17,1,16.0
55079187200,55079120502,-88.00769048889484,42.863813659193866,-87.96510992081555,42.95304728304586,2020-07-17,5,80.0
55079187200,55079150304,-88.00769048889484,42.863813659193866,-88.02760163837803,42.91519132559998,2020-07-17,14,226.0
55079187200,55079180500,-88.00769048889484,42.863813659193866,-87.87471526249948,42.93725893299447,2020-07-17,1,16.0
55079187200,55079130200,-88.00769048889484,42.863813659193866,-88.05891051157585,42.93732261654573,2020-07-17,8,129.0
55079187200,55079160204,-88.00769048889484,42.863813659193866,-87.9317944903397,42.879700165258704,2020-07-17,7,113.0
55079187200,55079186800,-88.00769048889484,42.863813659193866,-87.9506670108877,43.02815858561159,2020-07-17,2,32.0
55079187200,55079187200,-88.00769048889484,42.863813659193866,-88.00769048889484,42.863813659193866,2020-07-17,306,4952.0
55079187200,55079160203,-88.00769048889484,42.863813659193866,-87.91638950191752,42.89402789790319,2020-07-17,11,178.0
55079187200,55079170200,-88.00769048889484,42.863813659193866,-87.87263683893734,42.92275381108851,2020-07-17,1,16.0
55079187200,55079091200,-88.00769048889484,42.863813659193866,-88.00388284004167,43.0467075980639,2020-07-17,3,48.0
55079187200,55079160202,-88.00769048889484,42.863813659193866,-87.87217546542965,42.881379330302295,2020-07-17,5,80.0
55079187200,55079180400,-88.00769048889484,42.863813659193866,-87.85633588550823,42.93709205888796,2020-07-17,2,32.0
55079187200,55079006800,-88.00769048889484,42.863813659193866,-87.92500216567623,43.079683301494654,2020-07-17,1,16.0
55079187200,55079100900,-88.00769048889484,42.863813659193866,-88.05216898532913,43.00959788353506,2020-07-17,2,32.0
55079187200,55079101100,-88.00769048889484,42.863813659193866,-88.04276904850849,42.99420752845147,2020-07-17,2,32.0
55079187200,55079140100,-88.00769048889484,42.863813659193866,-88.0188613886232,42.93745223479677,2020-07-17,3,48.0
55079187200,55079140201,-88.00769048889484,42.863813659193866,-87.99911426080601,42.93902100763907,2020-07-17,22,356.0
55079187200,55079140202,-88.00769048889484,42.863813659193866,-87.981557716435,42.93443757238657,2020-07-17,2,32.0
55079187200,55079180100,-88.00769048889484,42.863813659193866,-87.84722355247969,42.95102171952154,2020-07-17,1,16.0
55079187200,55079186500,-88.00769048889484,42.863813659193866,-87.9130303085029,43.02319729476483,2020-07-17,1,16.0
55079187200,55079003300,-88.00769048889484,42.863813659193866,-88.0173066794685,43.1010408446094,2020-07-17,1,16.0
55079187200,55079120101,-88.00769048889484,42.863813659193866,-88.04814010007517,42.95916305909443,2020-07-17,2,32.0
55079187200,55079003600,-88.00769048889484,42.863813659193866,-87.98321131530031,43.092736225323044,2020-07-17,1,16.0
55079187200,55079014400,-88.00769048889484,42.863813659193866,-87.90784049253895,43.042413401572134,2020-07-17,1,16.0
55079187200,55079018000,-88.00769048889484,42.863813659193866,-87.8945288084346,43.01098558683315,2020-07-17,1,16.0
55079187200,55079150100,-88.00769048889484,42.863813659193866,-87.97759713310646,42.91424119290261,2020-07-17,37,598.0
55079187200,55079003400,-88.00769048889484,42.863813659193866,-88.02444287795417,43.0934576342605,2020-07-17,2,32.0
55079187200,55079005500,-88.00769048889484,42.863813659193866,-88.03284541742188,43.08237006688624,2020-07-17,1,16.0
55079187200,55079005800,-88.00769048889484,42.863813659193866,-87.99994620357029,43.072303413103626,2020-07-17,1,16.0
55079187200,55079120102,-88.00769048889484,42.863813659193866,-88.04966546230908,42.97409794368699,2020-07-17,1,16.0
55079187200,55079130100,-88.00769048889484,42.863813659193866,-88.04407902007586,42.942752065148895,2020-07-17,7,113.0
55079187200,55079150301,-88.00769048889484,42.863813659193866,-88.05345903025625,42.89781994777656,2020-07-17,5,80.0
55079187200,55079180300,-88.00769048889484,42.863813659193866,-87.87005593266791,42.951885652862586,2020-07-17,3,48.0
55079187200,55079019500,-88.00769048889484,42.863813659193866,-88.02769031152603,42.97732706705707,2020-07-17,1,16.0
55079187200,55079020700,-88.00769048889484,42.863813659193866,-87.89282968229121,42.980391637955094,2020-07-17,1,16.0
55079187200,55079019900,-88.00769048889484,42.863813659193866,-87.98235255712866,42.973172118392476,2020-07-17,1,16.0
55079187200,55079020400,-88.00769048889484,42.863813659193866,-87.9300852632457,42.98834002972675,2020-07-17,2,32.0
55079187200,55079020900,-88.00769048889484,42.863813659193866,-87.90186271433869,42.97013349358029,2020-07-17,1,16.0
55079187200,55079016700,-88.00769048889484,42.863813659193866,-87.92209519609614,43.010301162214034,2020-07-17,1,16.0
55079187200,55079120202,-88.00769048889484,42.863813659193866,-87.99868084532402,42.965848843600455,2020-07-17,3,48.0
55079187200,55079080400,-88.00769048889484,42.863813659193866,-87.88848724040903,43.08594082590386,2020-07-17,1,16.0
55079187200,55079018200,-88.00769048889484,42.863813659193866,-87.87369831321716,42.99249911585218,2020-07-17,2,32.0
55079187200,55079018500,-88.00769048889484,42.863813659193866,-87.91439743752404,42.98441904059949,2020-07-17,1,16.0
55079187200,55079020200,-88.00769048889484,42.863813659193866,-87.94112496275925,42.977527635995024,2020-07-17,1,16.0
55079187200,55079150303,-88.00769048889484,42.863813659193866,-88.02312771344377,42.88960646488504,2020-07-17,17,275.0
55079187200,55079019700,-88.00769048889484,42.863813659193866,-88.00741820523533,42.97570820507905,2020-07-17,1,16.0
55079187200,55079010600,-88.00769048889484,42.863813659193866,-87.90749884397533,43.060136167504425,2020-07-17,1,16.0
55079187200,55079016500,-88.00769048889484,42.863813659193866,-87.91153110922029,43.01579142211555,2020-07-17,1,16.0
55079187200,55079180200,-88.00769048889484,42.863813659193866,-87.85506992096182,42.95465467367753,2020-07-17,1,16.0
55079187200,55079014300,-88.00769048889484,42.863813659193866,-87.90101539256612,43.042731429373134,2020-07-17,1,16.0
55079187200,55079101300,-88.00769048889484,42.863813659193866,-88.02770018483265,42.99907770295741,2020-07-17,2,32.0
55079187200,55079170100,-88.00769048889484,42.863813659193866,-87.84892368656588,42.919583500675934,2020-07-17,2,32.0
55079187200,55079170600,-88.00769048889484,42.863813659193866,-87.86320935056827,42.907724102777856,2020-07-17,2,32.0
55079187200,55079185200,-88.00769048889484,42.863813659193866,-87.88193798921913,42.967674094622936,2020-07-17,1,16.0
55079187200,55079016900,-88.00769048889484,42.863813659193866,-87.93770785693083,43.00951913559766,2020-07-17,1,16.0
55079187200,55079012200,-88.00769048889484,42.863813659193866,-87.95271101560115,43.04866661559741,2020-07-17,1,16.0
55079187200,55079120300,-88.00769048889484,42.863813659193866,-87.97376432533524,42.98091406493879,2020-07-17,1,16.0
55079187200,55079009900,-88.00769048889484,42.863813659193866,-87.94630275235495,43.060274421469344,2020-07-17,1,16.0
55079187200,55079003000,-88.00769048889484,42.863813659193866,-87.99619059962126,43.10851035065769,2020-07-17,1,16.0
55079187200,55079015900,-88.00769048889484,42.863813659193866,-87.9473669417017,43.02159668337006,2020-07-17,1,16.0
55079187200,55079009700,-88.00769048889484,42.863813659193866,-87.95262115062044,43.05393954073114,2020-07-17,1,16.0
55079091200,55079020000,-88.00388284004167,43.0467075980639,-87.95273620994368,42.98405311376188,2020-07-17,3,64.0
55079091200,55079002100,-88.00388284004167,43.0467075980639,-87.95315716160212,43.115529640428136,2020-07-17,1,21.0
55079091200,55079004400,-88.00388284004167,43.0467075980639,-87.90608569163814,43.089298213737145,2020-07-17,2,43.0
55079091200,55079012800,-88.00388284004167,43.0467075980639,-88.03145321223326,43.03059221584991,2020-07-17,1,21.0
55079091200,55079019000,-88.00388284004167,43.0467075980639,-87.967877289968,42.995496154489715,2020-07-17,1,21.0
55079091200,55079091300,-88.00388284004167,43.0467075980639,-88.0097444924032,43.037871666045895,2020-07-17,2,43.0
55079091200,55079000102,-88.00388284004167,43.0467075980639,-88.01167859828367,43.164645145767146,2020-07-17,1,21.0
55079091200,55079011400,-88.00388284004167,43.0467075980639,-87.9106574898586,43.05269479350376,2020-07-17,1,21.0
55079091200,55079110100,-88.00388284004167,43.0467075980639,-87.9710022364233,43.012448953036525,2020-07-17,4,86.0
55079091200,55079160100,-88.00388284004167,43.0467075980639,-87.91471599062149,42.91513941042769,2020-07-17,6,129.0
55079091200,55079050101,-88.00388284004167,43.0467075980639,-87.98494662348081,43.17683059907653,2020-07-17,1,21.0
55079091200,55079090300,-88.00388284004167,43.0467075980639,-88.0515779905257,43.06739040507833,2020-07-17,2,43.0
55079091200,55079186300,-88.00388284004167,43.0467075980639,-87.91799927397663,43.040616743150025,2020-07-17,1,21.0
55079091200,55079021700,-88.00388284004167,43.0467075980639,-87.91312462574102,42.94052513723052,2020-07-17,1,21.0
55079091200,55079120501,-88.00388284004167,43.0467075980639,-87.96680035551529,42.94072396992586,2020-07-17,1,21.0
55079091200,55079070300,-88.00388284004167,43.0467075980639,-87.90380003116019,43.10631443965618,2020-07-17,1,21.0
55079091200,55079090200,-88.00388284004167,43.0467075980639,-88.05200796218348,43.081902180003375,2020-07-17,6,129.0
55079091200,55079090900,-88.00388284004167,43.0467075980639,-88.00270912368009,43.06124682618238,2020-07-17,8,172.0
55079091200,55079004800,-88.00388284004167,43.0467075980639,-87.96231596301399,43.077035360461494,2020-07-17,1,21.0
55079091200,55079090600,-88.00388284004167,43.0467075980639,-88.05435154566402,43.03795832032663,2020-07-17,4,86.0
55079091200,55079185300,-88.00388284004167,43.0467075980639,-88.04265402690729,43.049880154873065,2020-07-17,12,259.0
55079091200,55079187400,-88.00388284004167,43.0467075980639,-87.90767949876499,43.03217517915639,2020-07-17,1,21.0
55079091200,55079150304,-88.00388284004167,43.0467075980639,-88.02760163837803,42.91519132559998,2020-07-17,1,21.0
55079091200,55079012500,-88.00388284004167,43.0467075980639,-87.97654888060033,43.037091021714275,2020-07-17,1,21.0
55079091200,55079005400,-88.00388284004167,43.0467075980639,-88.02259608100492,43.0824437803151,2020-07-17,1,21.0
55079091200,55079091200,-88.00388284004167,43.0467075980639,-88.00388284004167,43.0467075980639,2020-07-17,183,3951.0
55079091200,55079100500,-88.00388284004167,43.0467075980639,-88.02674691869541,43.01326660162138,2020-07-17,1,21.0
55079091200,55079100600,-88.00388284004167,43.0467075980639,-88.02237498004419,43.02035162464835,2020-07-17,1,21.0
55079091200,55079005000,-88.00388284004167,43.0467075980639,-87.98327608357046,43.07665137069942,2020-07-17,1,21.0
55079091200,55079101100,-88.00388284004167,43.0467075980639,-88.04276904850849,42.99420752845147,2020-07-17,1,21.0
55079091200,55079140100,-88.00388284004167,43.0467075980639,-88.0188613886232,42.93745223479677,2020-07-17,1,21.0
55079091200,55079140201,-88.00388284004167,43.0467075980639,-87.99911426080601,42.93902100763907,2020-07-17,1,21.0
55079091200,55079091400,-88.00388284004167,43.0467075980639,-87.99383660813824,43.04031315098078,2020-07-17,1,21.0
55079091200,55079008500,-88.00388284004167,43.0467075980639,-87.9298714910033,43.06776123229879,2020-07-17,1,21.0
55079091200,55079091100,-88.00388284004167,43.0467075980639,-88.00381885772617,43.05493775558714,2020-07-17,7,151.0
55079091200,55079101400,-88.00388284004167,43.0467075980639,-88.02735540531337,43.00631524274058,2020-07-17,1,21.0
55079091200,55079014400,-88.00388284004167,43.0467075980639,-87.90784049253895,43.042413401572134,2020-07-17,1,21.0
55079091200,55079100400,-88.00388284004167,43.0467075980639,-88.01166560297426,43.0170103539625,2020-07-17,1,21.0
55079091200,55079150100,-88.00388284004167,43.0467075980639,-87.97759713310646,42.91424119290261,2020-07-17,1,21.0
55079091200,55079005800,-88.00388284004167,43.0467075980639,-87.99994620357029,43.072303413103626,2020-07-17,1,21.0
55079091200,55079187000,-88.00388284004167,43.0467075980639,-87.88728455831759,43.05530607398437,2020-07-17,1,21.0
55079091200,55079016600,-88.00388284004167,43.0467075980639,-87.9139279223807,43.010028166006215,2020-07-17,1,21.0
55079091200,55079150301,-88.00388284004167,43.0467075980639,-88.05345903025625,42.89781994777656,2020-07-17,1,21.0
55079091200,55079009400,-88.00388284004167,43.0467075980639,-87.98309572088205,43.053347935581954,2020-07-17,1,21.0
55079091200,55079020700,-88.00388284004167,43.0467075980639,-87.89282968229121,42.980391637955094,2020-07-17,1,21.0
55079091200,55079185700,-88.00388284004167,43.0467075980639,-87.91471207902771,43.06752585199898,2020-07-17,1,21.0
55079091200,55079005700,-88.00388284004167,43.0467075980639,-88.01309831915184,43.07138814037072,2020-07-17,2,43.0
55079091200,55079012600,-88.00388284004167,43.0467075980639,-87.99443577770006,43.034032251200934,2020-07-17,5,107.0
55079091200,55079007600,-88.00388284004167,43.0467075980639,-87.87859580944733,43.06399812725538,2020-07-17,2,43.0
55079091200,55079012300,-88.00388284004167,43.0467075980639,-87.96196748080853,43.043599093031496,2020-07-17,1,21.0
55079091200,55079000201,-88.00388284004167,43.0467075980639,-88.0472441211064,43.1799495757708,2020-07-17,1,21.0
55079091200,55079018500,-88.00388284004167,43.0467075980639,-87.91439743752404,42.98441904059949,2020-07-17,1,21.0
55079091200,55079012700,-88.00388284004167,43.0467075980639,-88.0122777504643,43.029662330242175,2020-07-17,5,107.0
55079091200,55079009100,-88.00388284004167,43.0467075980639,-87.96852806703085,43.060675408064526,2020-07-17,1,21.0
55079091200,55079013700,-88.00388284004167,43.0467075980639,-87.94529508707278,43.04229912697773,2020-07-17,1,21.0
55079091200,55079001900,-88.00388284004167,43.0467075980639,-87.98367415791445,43.115686316787006,2020-07-17,1,21.0
55079091200,55079009600,-88.00388284004167,43.0467075980639,-87.96486502955395,43.05277336645368,2020-07-17,1,21.0
55079091200,55079090700,-88.00388284004167,43.0467075980639,-88.02545440842808,43.059193901469925,2020-07-17,4,86.0
55079091200,55079101300,-88.00388284004167,43.0467075980639,-88.02770018483265,42.99907770295741,2020-07-17,1,21.0
55079091200,55079091000,-88.00388284004167,43.0467075980639,-87.99705672432205,43.06433297165757,2020-07-17,4,86.0
55079091200,55079004900,-88.00388284004167,43.0467075980639,-87.97231517837423,43.077061406485264,2020-07-17,1,21.0
55079091200,55079005600,-88.00388284004167,43.0467075980639,-88.02758035548169,43.071050112322006,2020-07-17,2,43.0
55079091200,55079009300,-88.00388284004167,43.0467075980639,-87.98314520393755,43.060746025032145,2020-07-17,1,21.0
55079091200,55079003000,-88.00388284004167,43.0467075980639,-87.99619059962126,43.10851035065769,2020-07-17,1,21.0
55079091200,55079170400,-88.00388284004167,43.0467075980639,-87.8734267877277,42.89848248246609,2020-07-17,1,21.0
55079091200,55079090800,-88.00388284004167,43.0467075980639,-88.01754834659646,43.063072316879136,2020-07-17,2,43.0
55079091200,55079015900,-88.00388284004167,43.0467075980639,-87.9473669417017,43.02159668337006,2020-07-17,1,21.0
55079091200,55079013500,-88.00388284004167,43.0467075980639,-87.9526122313311,43.040147622140005,2020-07-17,1,21.0
55079120400,55079020000,-87.96548496050795,42.96670427425607,-87.95273620994368,42.98405311376188,2020-07-17,15,257.0
55079120400,55079002100,-87.96548496050795,42.96670427425607,-87.95315716160212,43.115529640428136,2020-07-17,1,17.0
55079120400,55079060200,-87.96548496050795,42.96670427425607,-87.9245165328896,43.11556508690733,2020-07-17,5,85.0
55079120400,55079012800,-87.96548496050795,42.96670427425607,-88.03145321223326,43.03059221584991,2020-07-17,1,17.0
55079120400,55079016200,-87.96548496050795,42.96670427425607,-87.94745090497267,43.01660575920564,2020-07-17,1,17.0
55079120400,55079019000,-87.96548496050795,42.96670427425607,-87.967877289968,42.995496154489715,2020-07-17,2,34.0
55079120400,55079100700,-87.96548496050795,42.96670427425607,-88.03788629567484,43.0213025080197,2020-07-17,2,34.0
55079120400,55079000101,-87.96548496050795,42.96670427425607,-88.00922083481396,43.18510784936368,2020-07-17,1,17.0
55079120400,55079000102,-87.96548496050795,42.96670427425607,-88.01167859828367,43.164645145767146,2020-07-17,2,34.0
55079120400,55079000202,-87.96548496050795,42.96670427425607,-88.04132965001602,43.160382512849615,2020-07-17,3,51.0
55079120400,55079011200,-87.96548496050795,42.96670427425607,-87.89756439120579,43.055476240018415,2020-07-17,1,17.0
55079120400,55079110100,-87.96548496050795,42.96670427425607,-87.9710022364233,43.012448953036525,2020-07-17,6,103.0
55079120400,55079101000,-87.96548496050795,42.96670427425607,-88.05764456171738,42.99173938525954,2020-07-17,3,51.0
55079120400,55079021200,-87.96548496050795,42.96670427425607,-87.92101040508955,42.965284697357816,2020-07-17,1,17.0
55079120400,55079160100,-87.96548496050795,42.96670427425607,-87.91471599062149,42.91513941042769,2020-07-17,9,154.0
55079120400,55079050101,-87.96548496050795,42.96670427425607,-87.98494662348081,43.17683059907653,2020-07-17,1,17.0
55079120400,55079090300,-87.96548496050795,42.96670427425607,-88.0515779905257,43.06739040507833,2020-07-17,2,34.0
55079120400,55079186300,-87.96548496050795,42.96670427425607,-87.91799927397663,43.040616743150025,2020-07-17,3,51.0
55079120400,55079021700,-87.96548496050795,42.96670427425607,-87.91312462574102,42.94052513723052,2020-07-17,6,103.0
55079120400,55079120501,-87.96548496050795,42.96670427425607,-87.96680035551529,42.94072396992586,2020-07-17,3,51.0
55079120400,55079019200,-87.96548496050795,42.96670427425607,-87.9858350139744,42.99282711086924,2020-07-17,5,85.0
55079120400,55079120400,-87.96548496050795,42.96670427425607,-87.96548496050795,42.96670427425607,2020-07-17,339,5824.0
55079120400,55079120203,-87.96548496050795,42.96670427425607,-88.00776394431053,42.95694649923871,2020-07-17,37,635.0
55079120400,55079160300,-87.96548496050795,42.96670427425607,-87.8893867076047,42.856940087232964,2020-07-17,3,51.0
55079120400,55079187300,-87.96548496050795,42.96670427425607,-87.9656302556773,42.887159701718595,2020-07-17,2,34.0
55079120400,55079017300,-87.96548496050795,42.96670427425607,-87.94877202549131,43.0036525046766,2020-07-17,1,17.0
55079120400,55079186000,-87.96548496050795,42.96670427425607,-87.92039854147795,43.053956957431964,2020-07-17,1,17.0
55079120400,55079021400,-87.96548496050795,42.96670427425607,-87.93891709359613,42.96295890378409,2020-07-17,5,85.0
55079120400,55079090600,-87.96548496050795,42.96670427425607,-88.05435154566402,43.03795832032663,2020-07-17,4,68.0
55079120400,55079080300,-87.96548496050795,42.96670427425607,-87.87475616434764,43.089996653126924,2020-07-17,1,17.0
55079120400,55079185300,-87.96548496050795,42.96670427425607,-88.04265402690729,43.049880154873065,2020-07-17,7,120.0
55079120400,55079120502,-87.96548496050795,42.96670427425607,-87.96510992081555,42.95304728304586,2020-07-17,15,257.0
55079120400,55079150304,-87.96548496050795,42.96670427425607,-88.02760163837803,42.91519132559998,2020-07-17,1,17.0
55079120400,55079180500,-87.96548496050795,42.96670427425607,-87.87471526249948,42.93725893299447,2020-07-17,1,17.0
55079120400,55079130200,-87.96548496050795,42.96670427425607,-88.05891051157585,42.93732261654573,2020-07-17,1,17.0
55079120400,55079160204,-87.96548496050795,42.96670427425607,-87.9317944903397,42.879700165258704,2020-07-17,1,17.0
55079120400,55079186800,-87.96548496050795,42.96670427425607,-87.9506670108877,43.02815858561159,2020-07-17,7,120.0
55079120400,55079187200,-87.96548496050795,42.96670427425607,-88.00769048889484,42.863813659193866,2020-07-17,9,154.0
55079120400,55079160203,-87.96548496050795,42.96670427425607,-87.91638950191752,42.89402789790319,2020-07-17,4,68.0
55079120400,55079091200,-87.96548496050795,42.96670427425607,-88.00388284004167,43.0467075980639,2020-07-17,2,34.0
55079120400,55079100500,-87.96548496050795,42.96670427425607,-88.02674691869541,43.01326660162138,2020-07-17,2,34.0
55079120400,55079018900,-87.96548496050795,42.96670427425607,-87.95323213052187,42.995654122863776,2020-07-17,2,34.0
55079120400,55079020100,-87.96548496050795,42.96670427425607,-87.94099671150566,42.988482506396224,2020-07-17,3,51.0
55079120400,55079160202,-87.96548496050795,42.96670427425607,-87.87217546542965,42.881379330302295,2020-07-17,3,51.0
55079120400,55079180400,-87.96548496050795,42.96670427425607,-87.85633588550823,42.93709205888796,2020-07-17,3,51.0
55079120400,55079100900,-87.96548496050795,42.96670427425607,-88.05216898532913,43.00959788353506,2020-07-17,3,51.0
55079120400,55079007000,-87.96548496050795,42.96670427425607,-87.91122456687498,43.07424564740019,2020-07-17,1,17.0
55079120400,55079101100,-87.96548496050795,42.96670427425607,-88.04276904850849,42.99420752845147,2020-07-17,8,137.0
55079120400,55079140100,-87.96548496050795,42.96670427425607,-88.0188613886232,42.93745223479677,2020-07-17,8,137.0
55079120400,55079140201,-87.96548496050795,42.96670427425607,-87.99911426080601,42.93902100763907,2020-07-17,4,68.0
55079120400,55079140202,-87.96548496050795,42.96670427425607,-87.981557716435,42.93443757238657,2020-07-17,1,17.0
55079120400,55079186500,-87.96548496050795,42.96670427425607,-87.9130303085029,43.02319729476483,2020-07-17,2,34.0
55079120400,55079007500,-87.96548496050795,42.96670427425607,-87.87772470520909,43.071061371506396,2020-07-17,1,17.0
55079120400,55079120101,-87.96548496050795,42.96670427425607,-88.04814010007517,42.95916305909443,2020-07-17,11,189.0
55079120400,55079070100,-87.96548496050795,42.96670427425607,-87.9076583493148,43.12063010988105,2020-07-17,1,17.0
55079120400,55079101400,-87.96548496050795,42.96670427425607,-88.02735540531337,43.00631524274058,2020-07-17,2,34.0
55079120400,55079014400,-87.96548496050795,42.96670427425607,-87.90784049253895,43.042413401572134,2020-07-17,5,85.0
55079120400,55079100400,-87.96548496050795,42.96670427425607,-88.01166560297426,43.0170103539625,2020-07-17,1,17.0
55079120400,55079018000,-87.96548496050795,42.96670427425607,-87.8945288084346,43.01098558683315,2020-07-17,1,17.0
55079120400,55079150100,-87.96548496050795,42.96670427425607,-87.97759713310646,42.91424119290261,2020-07-17,9,154.0
55079120400,55079021600,-87.96548496050795,42.96670427425607,-87.92488475274558,42.952251222261935,2020-07-17,6,103.0
55079120400,55079021300,-87.96548496050795,42.96670427425607,-87.93877469638159,42.970224160413096,2020-07-17,2,34.0
55079120400,55079016600,-87.96548496050795,42.96670427425607,-87.9139279223807,43.010028166006215,2020-07-17,1,17.0
55079120400,55079120102,-87.96548496050795,42.96670427425607,-88.04966546230908,42.97409794368699,2020-07-17,4,68.0
55079120400,55079130100,-87.96548496050795,42.96670427425607,-88.04407902007586,42.942752065148895,2020-07-17,8,137.0
55079120400,55079101800,-87.96548496050795,42.96670427425607,-88.00969812606968,42.99373426381014,2020-07-17,1,17.0
55079120400,55079150301,-87.96548496050795,42.96670427425607,-88.05345903025625,42.89781994777656,2020-07-17,2,34.0
55079120400,55079100800,-87.96548496050795,42.96670427425607,-88.05710943935104,43.023654444193184,2020-07-17,1,17.0
55079120400,55079120201,-87.96548496050795,42.96670427425607,-88.01868214174351,42.96737507435749,2020-07-17,2,34.0
55079120400,55079050102,-87.96548496050795,42.96670427425607,-87.96743569232115,43.172443064752215,2020-07-17,2,34.0
55079120400,55079180300,-87.96548496050795,42.96670427425607,-87.87005593266791,42.951885652862586,2020-07-17,2,34.0
55079120400,55079019500,-87.96548496050795,42.96670427425607,-88.02769031152603,42.97732706705707,2020-07-17,2,34.0
55079120400,55079185100,-87.96548496050795,42.96670427425607,-87.86132764015301,42.9760744263621,2020-07-17,1,17.0
55079120400,55079007100,-87.96548496050795,42.96670427425607,-87.90149576859913,43.07383574480911,2020-07-17,1,17.0
55079120400,55079185700,-87.96548496050795,42.96670427425607,-87.91471207902771,43.06752585199898,2020-07-17,1,17.0
55079120400,55079016300,-87.96548496050795,42.96670427425607,-87.93764055272034,43.01572710315665,2020-07-17,1,17.0
55079120400,55079019900,-87.96548496050795,42.96670427425607,-87.98235255712866,42.973172118392476,2020-07-17,7,120.0
55079120400,55079000700,-87.96548496050795,42.96670427425607,-87.99009583376943,43.15588909293765,2020-07-17,2,34.0
55079120400,55079101500,-87.96548496050795,42.96670427425607,-88.00747595996755,43.007126720391405,2020-07-17,1,17.0
55079120400,55079010700,-87.96548496050795,42.96670427425607,-87.90095083433016,43.0597678010215,2020-07-17,1,17.0
55079120400,55079100200,-87.96548496050795,42.96670427425607,-87.99137992566246,43.01460892403096,2020-07-17,3,51.0
55079120400,55079017500,-87.96548496050795,42.96670427425607,-87.92965116916102,43.00287441605045,2020-07-17,1,17.0
55079120400,55079007200,-87.96548496050795,42.96670427425607,-87.89788270005259,43.07774402945858,2020-07-17,1,17.0
55079120400,55079001300,-87.96548496050795,42.96670427425607,-87.99843350448002,43.126783535933505,2020-07-17,1,17.0
55079120400,55079020300,-87.96548496050795,42.96670427425607,-87.92658964497383,42.979242665655576,2020-07-17,1,17.0
55079120400,55079017400,-87.96548496050795,42.96670427425607,-87.9382983850757,43.00476614107047,2020-07-17,1,17.0
55079120400,55079186600,-87.96548496050795,42.96670427425607,-87.91355022125023,43.001384465822476,2020-07-17,2,34.0
55079120400,55079120202,-87.96548496050795,42.96670427425607,-87.99868084532402,42.965848843600455,2020-07-17,14,240.0
55079120400,55079001500,-87.96548496050795,42.96670427425607,-88.01520145334699,43.123754077777434,2020-07-17,1,17.0
55079120400,55079018500,-87.96548496050795,42.96670427425607,-87.91439743752404,42.98441904059949,2020-07-17,2,34.0
55079120400,55079020500,-87.96548496050795,42.96670427425607,-87.92272370744391,42.988321496925906,2020-07-17,1,17.0
55079120400,55079021500,-87.96548496050795,42.96670427425607,-87.94398245259515,42.952098604888974,2020-07-17,7,120.0
55079120400,55079020200,-87.96548496050795,42.96670427425607,-87.94112496275925,42.977527635995024,2020-07-17,3,51.0
55079120400,55079012700,-87.96548496050795,42.96670427425607,-88.0122777504643,43.029662330242175,2020-07-17,1,17.0
55079120400,55079018600,-87.96548496050795,42.96670427425607,-87.92255649026754,42.995575414800356,2020-07-17,1,17.0
55079120400,55079150303,-87.96548496050795,42.96670427425607,-88.02312771344377,42.88960646488504,2020-07-17,2,34.0
55079120400,55079019700,-87.96548496050795,42.96670427425607,-88.00741820523533,42.97570820507905,2020-07-17,3,51.0
55079120400,55079019800,-87.96548496050795,42.96670427425607,-87.98973307517815,42.982078809345225,2020-07-17,1,17.0
55079120400,55079002600,-87.96548496050795,42.96670427425607,-87.96192834607115,43.10067420371696,2020-07-17,1,17.0
55079120400,55079016500,-87.96548496050795,42.96670427425607,-87.91153110922029,43.01579142211555,2020-07-17,1,17.0
55079120400,55079101300,-87.96548496050795,42.96670427425607,-88.02770018483265,42.99907770295741,2020-07-17,2,34.0
55079120400,55079004100,-87.96548496050795,42.96670427425607,-87.95681147526382,43.0940907627305,2020-07-17,1,17.0
55079120400,55079170100,-87.96548496050795,42.96670427425607,-87.84892368656588,42.919583500675934,2020-07-17,1,17.0
55079120400,55079100300,-87.96548496050795,42.96670427425607,-88.00316709835943,43.017354422985534,2020-07-17,1,17.0
55079120400,55079101200,-87.96548496050795,42.96670427425607,-88.02772831407549,42.99180235090393,2020-07-17,1,17.0
55079120400,55079021800,-87.96548496050795,42.96670427425607,-87.95694377227925,42.94079756603018,2020-07-17,2,34.0
55079120400,55079185600,-87.96548496050795,42.96670427425607,-87.91469071944607,43.06026722158336,2020-07-17,1,17.0
55079120400,55079005100,-87.96548496050795,42.96670427425607,-87.99757698420609,43.08261869423604,2020-07-17,1,17.0
55079120400,55079170600,-87.96548496050795,42.96670427425607,-87.86320935056827,42.907724102777856,2020-07-17,3,51.0
55079120400,55079060102,-87.96548496050795,42.96670427425607,-87.93974960524739,43.148654535590595,2020-07-17,1,17.0
55079120400,55079186100,-87.96548496050795,42.96670427425607,-87.94279275484007,43.048652729679134,2020-07-17,2,34.0
55079120400,55079012900,-87.96548496050795,42.96670427425607,-87.99989477924994,43.028140622580246,2020-07-17,1,17.0
55079120400,55079016900,-87.96548496050795,42.96670427425607,-87.93770785693083,43.00951913559766,2020-07-17,4,68.0
55079120400,55079001000,-87.96548496050795,42.96670427425607,-87.95348314468296,43.12464896388482,2020-07-17,1,17.0
55079120400,55079120300,-87.96548496050795,42.96670427425607,-87.97376432533524,42.98091406493879,2020-07-17,2,34.0
55079120400,55079003000,-87.96548496050795,42.96670427425607,-87.99619059962126,43.10851035065769,2020-07-17,1,17.0
55079120400,55079185400,-87.96548496050795,42.96670427425607,-87.93768935592728,43.06023552955454,2020-07-17,1,17.0
55079120400,55079009700,-87.96548496050795,42.96670427425607,-87.95262115062044,43.05393954073114,2020-07-17,2,34.0
55079014400,55079000202,-87.90784049253895,43.042413401572134,-88.04132965001602,43.160382512849615,2020-07-17,1,28.0
55079014400,55079010800,-87.90784049253895,43.042413401572134,-87.88986181293924,43.05733829509928,2020-07-17,1,28.0
55079014400,55079110100,-87.90784049253895,43.042413401572134,-87.9710022364233,43.012448953036525,2020-07-17,1,28.0
55079014400,55079186300,-87.90784049253895,43.042413401572134,-87.91799927397663,43.040616743150025,2020-07-17,3,85.0
55079014400,55079021700,-87.90784049253895,43.042413401572134,-87.91312462574102,42.94052513723052,2020-07-17,1,28.0
55079014400,55079004800,-87.90784049253895,43.042413401572134,-87.96231596301399,43.077035360461494,2020-07-17,1,28.0
55079014400,55079021400,-87.90784049253895,43.042413401572134,-87.93891709359613,42.96295890378409,2020-07-17,1,28.0
55079014400,55079120502,-87.90784049253895,43.042413401572134,-87.96510992081555,42.95304728304586,2020-07-17,1,28.0
55079014400,55079187400,-87.90784049253895,43.042413401572134,-87.90767949876499,43.03217517915639,2020-07-17,4,114.0
55079014400,55079091200,-87.90784049253895,43.042413401572134,-88.00388284004167,43.0467075980639,2020-07-17,1,28.0
55079014400,55079005000,-87.90784049253895,43.042413401572134,-87.98327608357046,43.07665137069942,2020-07-17,2,57.0
55079014400,55079007000,-87.90784049253895,43.042413401572134,-87.91122456687498,43.07424564740019,2020-07-17,1,28.0
55079014400,55079140201,-87.90784049253895,43.042413401572134,-87.99911426080601,42.93902100763907,2020-07-17,1,28.0
55079014400,55079186500,-87.90784049253895,43.042413401572134,-87.9130303085029,43.02319729476483,2020-07-17,2,57.0
55079014400,55079003600,-87.90784049253895,43.042413401572134,-87.98321131530031,43.092736225323044,2020-07-17,1,28.0
55079014400,55079011300,-87.90784049253895,43.042413401572134,-87.90713298111844,43.04890661506502,2020-07-17,1,28.0
55079014400,55079014400,-87.90784049253895,43.042413401572134,-87.90784049253895,43.042413401572134,2020-07-17,76,2171.0
55079014400,55079021600,-87.90784049253895,43.042413401572134,-87.92488475274558,42.952251222261935,2020-07-17,2,57.0
55079014400,55079187000,-87.90784049253895,43.042413401572134,-87.88728455831759,43.05530607398437,2020-07-17,2,57.0
55079014400,55079007300,-87.90784049253895,43.042413401572134,-87.88807891595606,43.0779148594549,2020-07-17,1,28.0
55079014400,55079080200,-87.90784049253895,43.042413401572134,-87.8877423232882,43.0942616397457,2020-07-17,1,28.0
55079014400,55079000900,-87.90784049253895,43.042413401572134,-87.95566887882444,43.14970170326806,2020-07-17,1,28.0
55079014400,55079004200,-87.90784049253895,43.042413401572134,-87.94544782159862,43.09516547779425,2020-07-17,1,28.0
55079014400,55079011000,-87.90784049253895,43.042413401572134,-87.89727240641399,43.050053518943756,2020-07-17,1,28.0
55079014400,55079018200,-87.90784049253895,43.042413401572134,-87.87369831321716,42.99249911585218,2020-07-17,1,28.0
55079014400,55079020500,-87.90784049253895,43.042413401572134,-87.92272370744391,42.988321496925906,2020-07-17,1,28.0
55079014400,55079016500,-87.90784049253895,43.042413401572134,-87.91153110922029,43.01579142211555,2020-07-17,1,28.0
55079014400,55079186400,-87.90784049253895,43.042413401572134,-87.93038892981184,43.03695266796131,2020-07-17,1,28.0
55079014400,55079014300,-87.90784049253895,43.042413401572134,-87.90101539256612,43.042731429373134,2020-07-17,5,142.0
55079014400,55079020600,-87.90784049253895,43.042413401572134,-87.90444286867323,42.9810337820488,2020-07-17,1,28.0
55079014400,55079011100,-87.90784049253895,43.042413401572134,-87.90155963599153,43.04933924860895,2020-07-17,1,28.0
55079014400,55079170100,-87.90784049253895,43.042413401572134,-87.84892368656588,42.919583500675934,2020-07-17,1,28.0
55079014400,55079186900,-87.90784049253895,43.042413401572134,-87.88804149673794,43.05226526687869,2020-07-17,1,28.0
55079014400,55079004900,-87.90784049253895,43.042413401572134,-87.97231517837423,43.077061406485264,2020-07-17,1,28.0
55079014400,55079185400,-87.90784049253895,43.042413401572134,-87.93768935592728,43.06023552955454,2020-07-17,1,28.0
55079002900,55079002100,-87.98131890013833,43.108341188298006,-87.95315716160212,43.115529640428136,2020-07-17,1,17.0
55079002900,55079002400,-87.98131890013833,43.108341188298006,-87.95188617843814,43.106404380820805,2020-07-17,1,17.0
55079002900,55079004300,-87.98131890013833,43.108341188298006,-87.93220867621264,43.094799127568905,2020-07-17,3,51.0
55079002900,55079060200,-87.98131890013833,43.108341188298006,-87.9245165328896,43.11556508690733,2020-07-17,3,51.0
55079002900,55079004400,-87.98131890013833,43.108341188298006,-87.90608569163814,43.089298213737145,2020-07-17,2,34.0
55079002900,55079012800,-87.98131890013833,43.108341188298006,-88.03145321223326,43.03059221584991,2020-07-17,2,34.0
55079002900,55079016200,-87.98131890013833,43.108341188298006,-87.94745090497267,43.01660575920564,2020-07-17,1,17.0
55079002900,55079100700,-87.98131890013833,43.108341188298006,-88.03788629567484,43.0213025080197,2020-07-17,1,17.0
55079002900,55079000101,-87.98131890013833,43.108341188298006,-88.00922083481396,43.18510784936368,2020-07-17,1,17.0
55079002900,55079000102,-87.98131890013833,43.108341188298006,-88.01167859828367,43.164645145767146,2020-07-17,1,17.0
55079002900,55079000202,-87.98131890013833,43.108341188298006,-88.04132965001602,43.160382512849615,2020-07-17,1,17.0
55079002900,55079011200,-87.98131890013833,43.108341188298006,-87.89756439120579,43.055476240018415,2020-07-17,1,17.0
55079002900,55079110100,-87.98131890013833,43.108341188298006,-87.9710022364233,43.012448953036525,2020-07-17,2,34.0
55079002900,55079000600,-87.98131890013833,43.108341188298006,-88.00190569680801,43.14010292722225,2020-07-17,5,86.0
55079002900,55079050101,-87.98131890013833,43.108341188298006,-87.98494662348081,43.17683059907653,2020-07-17,6,103.0
55079002900,55079090300,-87.98131890013833,43.108341188298006,-88.0515779905257,43.06739040507833,2020-07-17,1,17.0
55079002900,55079186300,-87.98131890013833,43.108341188298006,-87.91799927397663,43.040616743150025,2020-07-17,1,17.0
55079002900,55079090100,-87.98131890013833,43.108341188298006,-88.04837730790923,43.0973204568905,2020-07-17,3,51.0
55079002900,55079090200,-87.98131890013833,43.108341188298006,-88.05200796218348,43.081902180003375,2020-07-17,1,17.0
55079002900,55079120203,-87.98131890013833,43.108341188298006,-88.00776394431053,42.95694649923871,2020-07-17,1,17.0
55079002900,55079160300,-87.98131890013833,43.108341188298006,-87.8893867076047,42.856940087232964,2020-07-17,1,17.0
55079002900,55079000501,-87.98131890013833,43.108341188298006,-88.04340002069712,43.115390222488664,2020-07-17,5,86.0
55079002900,55079001200,-87.98131890013833,43.108341188298006,-87.98620080987179,43.12617611256525,2020-07-17,5,86.0
55079002900,55079003500,-87.98131890013833,43.108341188298006,-87.99830093777771,43.09359369867719,2020-07-17,3,51.0
55079002900,55079004800,-87.98131890013833,43.108341188298006,-87.96231596301399,43.077035360461494,2020-07-17,2,34.0
55079002900,55079185500,-87.98131890013833,43.108341188298006,-87.92624880733425,43.0601763240656,2020-07-17,5,86.0
55079002900,55079000302,-87.98131890013833,43.108341188298006,-88.04649688617519,43.13922972061493,2020-07-17,1,17.0
55079002900,55079090600,-87.98131890013833,43.108341188298006,-88.05435154566402,43.03795832032663,2020-07-17,1,17.0
55079002900,55079185300,-87.98131890013833,43.108341188298006,-88.04265402690729,43.049880154873065,2020-07-17,2,34.0
55079002900,55079000800,-87.98131890013833,43.108341188298006,-87.97372753660457,43.14064967469203,2020-07-17,1,17.0
55079002900,55079004600,-87.98131890013833,43.108341188298006,-87.9321086251029,43.08569057130924,2020-07-17,1,17.0
55079002900,55079005400,-87.98131890013833,43.108341188298006,-88.02259608100492,43.0824437803151,2020-07-17,1,17.0
55079002900,55079000400,-87.98131890013833,43.108341188298006,-88.05554472050937,43.110954423820296,2020-07-17,3,51.0
55079002900,55079000502,-87.98131890013833,43.108341188298006,-88.03128731150349,43.12480634966938,2020-07-17,4,69.0
55079002900,55079021000,-87.98131890013833,43.108341188298006,-87.89993467732904,42.962739149255064,2020-07-17,1,17.0
55079002900,55079006000,-87.98131890013833,43.108341188298006,-87.97554005335066,43.067947929210746,2020-07-17,2,34.0
55079002900,55079001400,-87.98131890013833,43.108341188298006,-88.01656972395298,43.130900969315825,2020-07-17,1,17.0
55079002900,55079002800,-87.98131890013833,43.108341188298006,-87.97141961541004,43.10830621321033,2020-07-17,4,69.0
55079002900,55079007000,-87.98131890013833,43.108341188298006,-87.91122456687498,43.07424564740019,2020-07-17,1,17.0
55079002900,55079013600,-87.98131890013833,43.108341188298006,-87.9527511611333,43.04369545920421,2020-07-17,1,17.0
55079002900,55079003300,-87.98131890013833,43.108341188298006,-88.0173066794685,43.1010408446094,2020-07-17,6,103.0
55079002900,55079001600,-87.98131890013833,43.108341188298006,-88.01599665750028,43.11588641903863,2020-07-17,2,34.0
55079002900,55079120101,-87.98131890013833,43.108341188298006,-88.04814010007517,42.95916305909443,2020-07-17,2,34.0
55079002900,55079003600,-87.98131890013833,43.108341188298006,-87.98321131530031,43.092736225323044,2020-07-17,3,51.0
55079002900,55079003800,-87.98131890013833,43.108341188298006,-87.97215356169055,43.086187842345545,2020-07-17,1,17.0
55079002900,55079021600,-87.98131890013833,43.108341188298006,-87.92488475274558,42.952251222261935,2020-07-17,2,34.0
55079002900,55079001800,-87.98131890013833,43.108341188298006,-87.99853790291819,43.115847306484916,2020-07-17,1,17.0
55079002900,55079003400,-87.98131890013833,43.108341188298006,-88.02444287795417,43.0934576342605,2020-07-17,2,34.0
55079002900,55079016100,-87.98131890013833,43.108341188298006,-87.95946595975387,43.016089910899275,2020-07-17,1,17.0
55079002900,55079002900,-87.98131890013833,43.108341188298006,-87.98131890013833,43.108341188298006,2020-07-17,97,1680.0
55079002900,55079120102,-87.98131890013833,43.108341188298006,-88.04966546230908,42.97409794368699,2020-07-17,1,17.0
55079002900,55079150301,-87.98131890013833,43.108341188298006,-88.05345903025625,42.89781994777656,2020-07-17,2,34.0
55079002900,55079050102,-87.98131890013833,43.108341188298006,-87.96743569232115,43.172443064752215,2020-07-17,1,17.0
55079002900,55079015800,-87.98131890013833,43.108341188298006,-87.93761636287321,43.021659379009066,2020-07-17,1,17.0
55079002900,55079185100,-87.98131890013833,43.108341188298006,-87.86132764015301,42.9760744263621,2020-07-17,1,17.0
55079002900,55079000700,-87.98131890013833,43.108341188298006,-87.99009583376943,43.15588909293765,2020-07-17,5,86.0
55079002900,55079020400,-87.98131890013833,43.108341188298006,-87.9300852632457,42.98834002972675,2020-07-17,1,17.0
55079002900,55079017500,-87.98131890013833,43.108341188298006,-87.92965116916102,43.00287441605045,2020-07-17,1,17.0
55079002900,55079003100,-87.98131890013833,43.108341188298006,-87.98607018194353,43.10091760946077,2020-07-17,3,51.0
55079002900,55079005200,-87.98131890013833,43.108341188298006,-88.0124256780363,43.086227920709504,2020-07-17,2,34.0
55079002900,55079005900,-87.98131890013833,43.108341188298006,-87.98523579862835,43.06821108392844,2020-07-17,6,103.0
55079002900,55079001700,-87.98131890013833,43.108341188298006,-88.01621221830194,43.10855887721336,2020-07-17,6,103.0
55079002900,55079004200,-87.98131890013833,43.108341188298006,-87.94544782159862,43.09516547779425,2020-07-17,2,34.0
55079002900,55079012300,-87.98131890013833,43.108341188298006,-87.96196748080853,43.043599093031496,2020-07-17,3,51.0
55079002900,55079001500,-87.98131890013833,43.108341188298006,-88.01520145334699,43.123754077777434,2020-07-17,1,17.0
55079002900,55079002000,-87.98131890013833,43.108341188298006,-87.96815137233186,43.115621500302275,2020-07-17,3,51.0
55079002900,55079003900,-87.98131890013833,43.108341188298006,-87.96215160813261,43.086172227530916,2020-07-17,3,51.0
55079002900,55079000201,-87.98131890013833,43.108341188298006,-88.0472441211064,43.1799495757708,2020-07-17,3,51.0
55079002900,55079007800,-87.98131890013833,43.108341188298006,-87.88801504624632,43.07075279367613,2020-07-17,1,17.0
55079002900,55079004700,-87.98131890013833,43.108341188298006,-87.94760565609727,43.08576787197636,2020-07-17,1,17.0
55079002900,55079002600,-87.98131890013833,43.108341188298006,-87.96192834607115,43.10067420371696,2020-07-17,1,17.0
55079002900,55079009000,-87.98131890013833,43.108341188298006,-87.9610837883489,43.060355868415826,2020-07-17,1,17.0
55079002900,55079009100,-87.98131890013833,43.108341188298006,-87.96852806703085,43.060675408064526,2020-07-17,1,17.0
55079002900,55079001900,-87.98131890013833,43.108341188298006,-87.98367415791445,43.115686316787006,2020-07-17,3,51.0
55079002900,55079018300,-87.98131890013833,43.108341188298006,-87.89285805580873,42.991354183119796,2020-07-17,1,17.0
55079002900,55079004100,-87.98131890013833,43.108341188298006,-87.95681147526382,43.0940907627305,2020-07-17,2,34.0
55079002900,55079185800,-87.98131890013833,43.108341188298006,-87.94265216254213,43.0538687550207,2020-07-17,1,17.0
55079002900,55079101200,-87.98131890013833,43.108341188298006,-88.02772831407549,42.99180235090393,2020-07-17,2,34.0
55079002900,55079185600,-87.98131890013833,43.108341188298006,-87.91469071944607,43.06026722158336,2020-07-17,1,17.0
55079002900,55079014800,-87.98131890013833,43.108341188298006,-87.9402035907502,43.042125624825495,2020-07-17,1,17.0
55079002900,55079012200,-87.98131890013833,43.108341188298006,-87.95271101560115,43.04866661559741,2020-07-17,1,17.0
55079002900,55079003000,-87.98131890013833,43.108341188298006,-87.99619059962126,43.10851035065769,2020-07-17,5,86.0
55079002900,55079185400,-87.98131890013833,43.108341188298006,-87.93768935592728,43.06023552955454,2020-07-17,1,17.0
55079002900,55079009700,-87.98131890013833,43.108341188298006,-87.95262115062044,43.05393954073114,2020-07-17,2,34.0
55079012700,55079012800,-88.0122777504643,43.029662330242175,-88.03145321223326,43.03059221584991,2020-07-17,1,16.0
55079012700,55079100700,-88.0122777504643,43.029662330242175,-88.03788629567484,43.0213025080197,2020-07-17,1,16.0
55079012700,55079091300,-88.0122777504643,43.029662330242175,-88.0097444924032,43.037871666045895,2020-07-17,1,16.0
55079012700,55079090300,-88.0122777504643,43.029662330242175,-88.0515779905257,43.06739040507833,2020-07-17,5,84.0
55079012700,55079090100,-88.0122777504643,43.029662330242175,-88.04837730790923,43.0973204568905,2020-07-17,2,33.0
55079012700,55079090200,-88.0122777504643,43.029662330242175,-88.05200796218348,43.081902180003375,2020-07-17,4,67.0
55079012700,55079090900,-88.0122777504643,43.029662330242175,-88.00270912368009,43.06124682618238,2020-07-17,1,16.0
55079012700,55079000501,-88.0122777504643,43.029662330242175,-88.04340002069712,43.115390222488664,2020-07-17,1,16.0
55079012700,55079001200,-88.0122777504643,43.029662330242175,-87.98620080987179,43.12617611256525,2020-07-17,1,16.0
55079012700,55079090600,-88.0122777504643,43.029662330242175,-88.05435154566402,43.03795832032663,2020-07-17,2,33.0
55079012700,55079185300,-88.0122777504643,43.029662330242175,-88.04265402690729,43.049880154873065,2020-07-17,1,16.0
55079012700,55079012500,-88.0122777504643,43.029662330242175,-87.97654888060033,43.037091021714275,2020-07-17,1,16.0
55079012700,55079186800,-88.0122777504643,43.029662330242175,-87.9506670108877,43.02815858561159,2020-07-17,1,16.0
55079012700,55079187200,-88.0122777504643,43.029662330242175,-88.00769048889484,42.863813659193866,2020-07-17,1,16.0
55079012700,55079091200,-88.0122777504643,43.029662330242175,-88.00388284004167,43.0467075980639,2020-07-17,2,33.0
55079012700,55079100600,-88.0122777504643,43.029662330242175,-88.02237498004419,43.02035162464835,2020-07-17,1,16.0
55079012700,55079014600,-88.0122777504643,43.029662330242175,-87.93032605572249,43.04237842637439,2020-07-17,1,16.0
55079012700,55079100900,-88.0122777504643,43.029662330242175,-88.05216898532913,43.00959788353506,2020-07-17,1,16.0
55079012700,55079101100,-88.0122777504643,43.029662330242175,-88.04276904850849,42.99420752845147,2020-07-17,1,16.0
55079012700,55079016800,-88.0122777504643,43.029662330242175,-87.92935001478907,43.01036042537408,2020-07-17,1,16.0
55079012700,55079070100,-88.0122777504643,43.029662330242175,-87.9076583493148,43.12063010988105,2020-07-17,1,16.0
55079012700,55079014400,-88.0122777504643,43.029662330242175,-87.90784049253895,43.042413401572134,2020-07-17,1,16.0
55079012700,55079101800,-88.0122777504643,43.029662330242175,-88.00969812606968,42.99373426381014,2020-07-17,1,16.0
55079012700,55079050102,-88.0122777504643,43.029662330242175,-87.96743569232115,43.172443064752215,2020-07-17,3,50.0
55079012700,55079180300,-88.0122777504643,43.029662330242175,-87.87005593266791,42.951885652862586,2020-07-17,1,16.0
55079012700,55079019900,-88.0122777504643,43.029662330242175,-87.98235255712866,42.973172118392476,2020-07-17,1,16.0
55079012700,55079100200,-88.0122777504643,43.029662330242175,-87.99137992566246,43.01460892403096,2020-07-17,2,33.0
55079012700,55079017500,-88.0122777504643,43.029662330242175,-87.92965116916102,43.00287441605045,2020-07-17,1,16.0
55079012700,55079012600,-88.0122777504643,43.029662330242175,-87.99443577770006,43.034032251200934,2020-07-17,2,33.0
55079012700,55079000201,-88.0122777504643,43.029662330242175,-88.0472441211064,43.1799495757708,2020-07-17,2,33.0
55079012700,55079018500,-88.0122777504643,43.029662330242175,-87.91439743752404,42.98441904059949,2020-07-17,1,16.0
55079012700,55079012700,-88.0122777504643,43.029662330242175,-88.0122777504643,43.029662330242175,2020-07-17,59,995.0
55079012700,55079018300,-88.0122777504643,43.029662330242175,-87.89285805580873,42.991354183119796,2020-07-17,1,16.0
55079012700,55079001100,-88.0122777504643,43.029662330242175,-87.96901390366762,43.127689901740844,2020-07-17,1,16.0
55079012700,55079017600,-88.0122777504643,43.029662330242175,-87.92236059293215,43.00280872383964,2020-07-17,1,16.0
55079012700,55079186400,-88.0122777504643,43.029662330242175,-87.93038892981184,43.03695266796131,2020-07-17,1,16.0
55079012700,55079009600,-88.0122777504643,43.029662330242175,-87.96486502955395,43.05277336645368,2020-07-17,1,16.0
55079012700,55079100300,-88.0122777504643,43.029662330242175,-88.00316709835943,43.017354422985534,2020-07-17,2,33.0
55079000201,55079002100,-88.0472441211064,43.1799495757708,-87.95315716160212,43.115529640428136,2020-07-17,1,25.0
55079000201,55079002400,-88.0472441211064,43.1799495757708,-87.95188617843814,43.106404380820805,2020-07-17,1,25.0
55079000201,55079060200,-88.0472441211064,43.1799495757708,-87.9245165328896,43.11556508690733,2020-07-17,3,77.0
55079000201,55079004400,-88.0472441211064,43.1799495757708,-87.90608569163814,43.089298213737145,2020-07-17,2,51.0
55079000201,55079004500,-88.0472441211064,43.1799495757708,-87.92226909278084,43.08550885272536,2020-07-17,2,51.0
55079000201,55079012800,-88.0472441211064,43.1799495757708,-88.03145321223326,43.03059221584991,2020-07-17,1,25.0
55079000201,55079000101,-88.0472441211064,43.1799495757708,-88.00922083481396,43.18510784936368,2020-07-17,16,413.0
55079000201,55079000102,-88.0472441211064,43.1799495757708,-88.01167859828367,43.164645145767146,2020-07-17,7,180.0
55079000201,55079000202,-88.0472441211064,43.1799495757708,-88.04132965001602,43.160382512849615,2020-07-17,13,335.0
55079000201,55079002300,-88.0472441211064,43.1799495757708,-87.93621856893152,43.105985427841645,2020-07-17,1,25.0
55079000201,55079011400,-88.0472441211064,43.1799495757708,-87.9106574898586,43.05269479350376,2020-07-17,1,25.0
55079000201,55079110100,-88.0472441211064,43.1799495757708,-87.9710022364233,43.012448953036525,2020-07-17,2,51.0
55079000201,55079000600,-88.0472441211064,43.1799495757708,-88.00190569680801,43.14010292722225,2020-07-17,5,129.0
55079000201,55079050101,-88.0472441211064,43.1799495757708,-87.98494662348081,43.17683059907653,2020-07-17,11,284.0
55079000201,55079090300,-88.0472441211064,43.1799495757708,-88.0515779905257,43.06739040507833,2020-07-17,3,77.0
55079000201,55079186300,-88.0472441211064,43.1799495757708,-87.91799927397663,43.040616743150025,2020-07-17,2,51.0
55079000201,55079019200,-88.0472441211064,43.1799495757708,-87.9858350139744,42.99282711086924,2020-07-17,1,25.0
55079000201,55079090100,-88.0472441211064,43.1799495757708,-88.04837730790923,43.0973204568905,2020-07-17,2,51.0
55079000201,55079090200,-88.0472441211064,43.1799495757708,-88.05200796218348,43.081902180003375,2020-07-17,3,77.0
55079000201,55079090900,-88.0472441211064,43.1799495757708,-88.00270912368009,43.06124682618238,2020-07-17,1,25.0
55079000201,55079120203,-88.0472441211064,43.1799495757708,-88.00776394431053,42.95694649923871,2020-07-17,2,51.0
55079000201,55079018400,-88.0472441211064,43.1799495757708,-87.90417459790928,42.9917062933768,2020-07-17,1,25.0
55079000201,55079017300,-88.0472441211064,43.1799495757708,-87.94877202549131,43.0036525046766,2020-07-17,1,25.0
55079000201,55079019400,-88.0472441211064,43.1799495757708,-88.02755647500341,42.984577749923744,2020-07-17,1,25.0
55079000201,55079000501,-88.0472441211064,43.1799495757708,-88.04340002069712,43.115390222488664,2020-07-17,4,103.0
55079000201,55079001200,-88.0472441211064,43.1799495757708,-87.98620080987179,43.12617611256525,2020-07-17,2,51.0
55079000201,55079003500,-88.0472441211064,43.1799495757708,-87.99830093777771,43.09359369867719,2020-07-17,2,51.0
55079000201,55079185500,-88.0472441211064,43.1799495757708,-87.92624880733425,43.0601763240656,2020-07-17,1,25.0
55079000201,55079000302,-88.0472441211064,43.1799495757708,-88.04649688617519,43.13922972061493,2020-07-17,4,103.0
55079000201,55079185300,-88.0472441211064,43.1799495757708,-88.04265402690729,43.049880154873065,2020-07-17,2,51.0
55079000201,55079187400,-88.0472441211064,43.1799495757708,-87.90767949876499,43.03217517915639,2020-07-17,3,77.0
55079000201,55079000400,-88.0472441211064,43.1799495757708,-88.05554472050937,43.110954423820296,2020-07-17,1,25.0
55079000201,55079000502,-88.0472441211064,43.1799495757708,-88.03128731150349,43.12480634966938,2020-07-17,4,103.0
55079000201,55079186800,-88.0472441211064,43.1799495757708,-87.9506670108877,43.02815858561159,2020-07-17,1,25.0
55079000201,55079091200,-88.0472441211064,43.1799495757708,-88.00388284004167,43.0467075980639,2020-07-17,1,25.0
55079000201,55079005000,-88.0472441211064,43.1799495757708,-87.98327608357046,43.07665137069942,2020-07-17,2,51.0
55079000201,55079014600,-88.0472441211064,43.1799495757708,-87.93032605572249,43.04237842637439,2020-07-17,1,25.0
55079000201,55079101100,-88.0472441211064,43.1799495757708,-88.04276904850849,42.99420752845147,2020-07-17,1,25.0
55079000201,55079186500,-88.0472441211064,43.1799495757708,-87.9130303085029,43.02319729476483,2020-07-17,1,25.0
55079000201,55079003300,-88.0472441211064,43.1799495757708,-88.0173066794685,43.1010408446094,2020-07-17,1,25.0
55079000201,55079003600,-88.0472441211064,43.1799495757708,-87.98321131530031,43.092736225323044,2020-07-17,2,51.0
55079000201,55079100400,-88.0472441211064,43.1799495757708,-88.01166560297426,43.0170103539625,2020-07-17,2,51.0
55079000201,55079018000,-88.0472441211064,43.1799495757708,-87.8945288084346,43.01098558683315,2020-07-17,1,25.0
55079000201,55079001800,-88.0472441211064,43.1799495757708,-87.99853790291819,43.115847306484916,2020-07-17,3,77.0
55079000201,55079003400,-88.0472441211064,43.1799495757708,-88.02444287795417,43.0934576342605,2020-07-17,1,25.0
55079000201,55079005800,-88.0472441211064,43.1799495757708,-87.99994620357029,43.072303413103626,2020-07-17,1,25.0
55079000201,55079035200,-88.0472441211064,43.1799495757708,-87.9070718018067,43.16012040860922,2020-07-17,1,25.0
55079000201,55079187000,-88.0472441211064,43.1799495757708,-87.88728455831759,43.05530607398437,2020-07-17,1,25.0
55079000201,55079002900,-88.0472441211064,43.1799495757708,-87.98131890013833,43.108341188298006,2020-07-17,1,25.0
55079000201,55079120102,-88.0472441211064,43.1799495757708,-88.04966546230908,42.97409794368699,2020-07-17,1,25.0
55079000201,55079006300,-88.0472441211064,43.1799495757708,-87.95229119818997,43.07635281761954,2020-07-17,3,77.0
55079000201,55079080200,-88.0472441211064,43.1799495757708,-87.8877423232882,43.0942616397457,2020-07-17,1,25.0
55079000201,55079185700,-88.0472441211064,43.1799495757708,-87.91471207902771,43.06752585199898,2020-07-17,1,25.0
55079000201,55079000700,-88.0472441211064,43.1799495757708,-87.99009583376943,43.15588909293765,2020-07-17,5,129.0
55079000201,55079017500,-88.0472441211064,43.1799495757708,-87.92965116916102,43.00287441605045,2020-07-17,2,51.0
55079000201,55079003100,-88.0472441211064,43.1799495757708,-87.98607018194353,43.10091760946077,2020-07-17,3,77.0
55079000201,55079005900,-88.0472441211064,43.1799495757708,-87.98523579862835,43.06821108392844,2020-07-17,1,25.0
55079000201,55079000900,-88.0472441211064,43.1799495757708,-87.95566887882444,43.14970170326806,2020-07-17,1,25.0
55079000201,55079001700,-88.0472441211064,43.1799495757708,-88.01621221830194,43.10855887721336,2020-07-17,2,51.0
55079000201,55079020300,-88.0472441211064,43.1799495757708,-87.92658964497383,42.979242665655576,2020-07-17,1,25.0
55079000201,55079016700,-88.0472441211064,43.1799495757708,-87.92209519609614,43.010301162214034,2020-07-17,1,25.0
55079000201,55079017400,-88.0472441211064,43.1799495757708,-87.9382983850757,43.00476614107047,2020-07-17,1,25.0
55079000201,55079004200,-88.0472441211064,43.1799495757708,-87.94544782159862,43.09516547779425,2020-07-17,2,51.0
55079000201,55079120202,-88.0472441211064,43.1799495757708,-87.99868084532402,42.965848843600455,2020-07-17,1,25.0
55079000201,55079014900,-88.0472441211064,43.1799495757708,-87.94481830610269,43.03704436935605,2020-07-17,1,25.0
55079000201,55079001500,-88.0472441211064,43.1799495757708,-88.01520145334699,43.123754077777434,2020-07-17,1,25.0
55079000201,55079080400,-88.0472441211064,43.1799495757708,-87.88848724040903,43.08594082590386,2020-07-17,1,25.0
55079000201,55079002000,-88.0472441211064,43.1799495757708,-87.96815137233186,43.115621500302275,2020-07-17,1,25.0
55079000201,55079000201,-88.0472441211064,43.1799495757708,-88.0472441211064,43.1799495757708,2020-07-17,179,4625.0
55079000201,55079004700,-88.0472441211064,43.1799495757708,-87.94760565609727,43.08576787197636,2020-07-17,2,51.0
55079000201,55079021500,-88.0472441211064,43.1799495757708,-87.94398245259515,42.952098604888974,2020-07-17,1,25.0
55079000201,55079016000,-88.0472441211064,43.1799495757708,-87.95725941865898,43.02137414837421,2020-07-17,1,25.0
55079000201,55079009100,-88.0472441211064,43.1799495757708,-87.96852806703085,43.060675408064526,2020-07-17,1,25.0
55079000201,55079013700,-88.0472441211064,43.1799495757708,-87.94529508707278,43.04229912697773,2020-07-17,2,51.0
55079000201,55079000304,-88.0472441211064,43.1799495757708,-88.02644618111368,43.14364069729464,2020-07-17,4,103.0
55079000201,55079001100,-88.0472441211064,43.1799495757708,-87.96901390366762,43.127689901740844,2020-07-17,1,25.0
55079000201,55079008900,-88.0472441211064,43.1799495757708,-87.95337828163817,43.06706338271535,2020-07-17,1,25.0
55079000201,55079004100,-88.0472441211064,43.1799495757708,-87.95681147526382,43.0940907627305,2020-07-17,2,51.0
55079000201,55079185800,-88.0472441211064,43.1799495757708,-87.94265216254213,43.0538687550207,2020-07-17,1,25.0
55079000201,55079186200,-88.0472441211064,43.1799495757708,-87.93244814260824,43.04856605375616,2020-07-17,2,51.0
55079000201,55079186900,-88.0472441211064,43.1799495757708,-87.88804149673794,43.05226526687869,2020-07-17,1,25.0
55079000201,55079185600,-88.0472441211064,43.1799495757708,-87.91469071944607,43.06026722158336,2020-07-17,1,25.0
55079000201,55079005100,-88.0472441211064,43.1799495757708,-87.99757698420609,43.08261869423604,2020-07-17,2,51.0
55079000201,55079014800,-88.0472441211064,43.1799495757708,-87.9402035907502,43.042125624825495,2020-07-17,1,25.0
55079000201,55079185200,-88.0472441211064,43.1799495757708,-87.88193798921913,42.967674094622936,2020-07-17,1,25.0
55079000201,55079004900,-88.0472441211064,43.1799495757708,-87.97231517837423,43.077061406485264,2020-07-17,1,25.0
55079000201,55079006400,-88.0472441211064,43.1799495757708,-87.94234792087695,43.07421796319209,2020-07-17,2,51.0
55079000201,55079013300,-88.0472441211064,43.1799495757708,-87.96206431187025,43.03483590901066,2020-07-17,1,25.0
55079000201,55079000303,-88.0472441211064,43.1799495757708,-88.04588241201564,43.12968529312476,2020-07-17,2,51.0
55079000201,55079001000,-88.0472441211064,43.1799495757708,-87.95348314468296,43.12464896388482,2020-07-17,1,25.0
55079000201,55079017000,-88.0472441211064,43.1799495757708,-87.9475259715867,43.01041841584858,2020-07-17,1,25.0
55079000201,55079003000,-88.0472441211064,43.1799495757708,-87.99619059962126,43.10851035065769,2020-07-17,4,103.0
55079000201,55079008600,-88.0472441211064,43.1799495757708,-87.93517868399437,43.06762170689756,2020-07-17,2,51.0
55079000201,55079006500,-88.0472441211064,43.1799495757708,-87.94229465456391,43.0797331466399,2020-07-17,1,25.0
55079000201,55079185400,-88.0472441211064,43.1799495757708,-87.93768935592728,43.06023552955454,2020-07-17,2,51.0
55079000201,55079008800,-88.0472441211064,43.1799495757708,-87.94617084834631,43.06788862375971,2020-07-17,1,25.0
55079000201,55079006900,-88.0472441211064,43.1799495757708,-87.91078185483303,43.07979537793229,2020-07-17,1,25.0
55079000201,55079009700,-88.0472441211064,43.1799495757708,-87.95262115062044,43.05393954073114,2020-07-17,3,77.0
55079000201,55079006700,-88.0472441211064,43.1799495757708,-87.92040407919447,43.07437828581977,2020-07-17,1,25.0
55079091000,55079020000,-87.99705672432205,43.06433297165757,-87.95273620994368,42.98405311376188,2020-07-17,1,27.0
55079091000,55079012800,-87.99705672432205,43.06433297165757,-88.03145321223326,43.03059221584991,2020-07-17,1,27.0
55079091000,55079015700,-87.99705672432205,43.06433297165757,-87.92777138656925,43.021663598322064,2020-07-17,1,27.0
55079091000,55079091300,-87.99705672432205,43.06433297165757,-88.0097444924032,43.037871666045895,2020-07-17,1,27.0
55079091000,55079000102,-87.99705672432205,43.06433297165757,-88.01167859828367,43.164645145767146,2020-07-17,1,27.0
55079091000,55079110100,-87.99705672432205,43.06433297165757,-87.9710022364233,43.012448953036525,2020-07-17,1,27.0
55079091000,55079101000,-87.99705672432205,43.06433297165757,-88.05764456171738,42.99173938525954,2020-07-17,1,27.0
55079091000,55079021200,-87.99705672432205,43.06433297165757,-87.92101040508955,42.965284697357816,2020-07-17,1,27.0
55079091000,55079160100,-87.99705672432205,43.06433297165757,-87.91471599062149,42.91513941042769,2020-07-17,3,83.0
55079091000,55079090300,-87.99705672432205,43.06433297165757,-88.0515779905257,43.06739040507833,2020-07-17,6,166.0
55079091000,55079090200,-87.99705672432205,43.06433297165757,-88.05200796218348,43.081902180003375,2020-07-17,7,194.0
55079091000,55079090900,-87.99705672432205,43.06433297165757,-88.00270912368009,43.06124682618238,2020-07-17,9,250.0
55079091000,55079005300,-87.99705672432205,43.06433297165757,-88.01242727702714,43.07892288175221,2020-07-17,1,27.0
55079091000,55079090600,-87.99705672432205,43.06433297165757,-88.05435154566402,43.03795832032663,2020-07-17,1,27.0
55079091000,55079185300,-87.99705672432205,43.06433297165757,-88.04265402690729,43.049880154873065,2020-07-17,3,83.0
55079091000,55079020800,-87.99705672432205,43.06433297165757,-87.87636299879055,42.985307292991365,2020-07-17,1,27.0
55079091000,55079187400,-87.99705672432205,43.06433297165757,-87.90767949876499,43.03217517915639,2020-07-17,1,27.0
55079091000,55079130200,-87.99705672432205,43.06433297165757,-88.05891051157585,42.93732261654573,2020-07-17,1,27.0
55079091000,55079006200,-87.99705672432205,43.06433297165757,-87.96097127315564,43.067902782244275,2020-07-17,3,83.0
55079091000,55079186800,-87.99705672432205,43.06433297165757,-87.9506670108877,43.02815858561159,2020-07-17,1,27.0
55079091000,55079187200,-87.99705672432205,43.06433297165757,-88.00769048889484,42.863813659193866,2020-07-17,1,27.0
55079091000,55079006000,-87.99705672432205,43.06433297165757,-87.97554005335066,43.067947929210746,2020-07-17,1,27.0
55079091000,55079091200,-87.99705672432205,43.06433297165757,-88.00388284004167,43.0467075980639,2020-07-17,14,389.0
55079091000,55079160202,-87.99705672432205,43.06433297165757,-87.87217546542965,42.881379330302295,2020-07-17,1,27.0
55079091000,55079180400,-87.99705672432205,43.06433297165757,-87.85633588550823,42.93709205888796,2020-07-17,1,27.0
55079091000,55079005000,-87.99705672432205,43.06433297165757,-87.98327608357046,43.07665137069942,2020-07-17,1,27.0
55079091000,55079100900,-87.99705672432205,43.06433297165757,-88.05216898532913,43.00959788353506,2020-07-17,3,83.0
55079091000,55079013600,-87.99705672432205,43.06433297165757,-87.9527511611333,43.04369545920421,2020-07-17,1,27.0
55079091000,55079091400,-87.99705672432205,43.06433297165757,-87.99383660813824,43.04031315098078,2020-07-17,1,27.0
55079091000,55079091100,-87.99705672432205,43.06433297165757,-88.00381885772617,43.05493775558714,2020-07-17,1,27.0
55079091000,55079101400,-87.99705672432205,43.06433297165757,-88.02735540531337,43.00631524274058,2020-07-17,1,27.0
55079091000,55079011300,-87.99705672432205,43.06433297165757,-87.90713298111844,43.04890661506502,2020-07-17,1,27.0
55079091000,55079014400,-87.99705672432205,43.06433297165757,-87.90784049253895,43.042413401572134,2020-07-17,3,83.0
55079091000,55079018000,-87.99705672432205,43.06433297165757,-87.8945288084346,43.01098558683315,2020-07-17,1,27.0
55079091000,55079150100,-87.99705672432205,43.06433297165757,-87.97759713310646,42.91424119290261,2020-07-17,1,27.0
55079091000,55079005800,-87.99705672432205,43.06433297165757,-87.99994620357029,43.072303413103626,2020-07-17,3,83.0
55079091000,55079187000,-87.99705672432205,43.06433297165757,-87.88728455831759,43.05530607398437,2020-07-17,1,27.0
55079091000,55079002900,-87.99705672432205,43.06433297165757,-87.98131890013833,43.108341188298006,2020-07-17,1,27.0
55079091000,55079100800,-87.99705672432205,43.06433297165757,-88.05710943935104,43.023654444193184,2020-07-17,1,27.0
55079091000,55079015800,-87.99705672432205,43.06433297165757,-87.93761636287321,43.021659379009066,2020-07-17,1,27.0
55079091000,55079019500,-87.99705672432205,43.06433297165757,-88.02769031152603,42.97732706705707,2020-07-17,1,27.0
55079091000,55079020700,-87.99705672432205,43.06433297165757,-87.89282968229121,42.980391637955094,2020-07-17,1,27.0
55079091000,55079006300,-87.99705672432205,43.06433297165757,-87.95229119818997,43.07635281761954,2020-07-17,1,27.0
55079091000,55079080200,-87.99705672432205,43.06433297165757,-87.8877423232882,43.0942616397457,2020-07-17,1,27.0
55079091000,55079005700,-87.99705672432205,43.06433297165757,-88.01309831915184,43.07138814037072,2020-07-17,1,27.0
55079091000,55079005900,-87.99705672432205,43.06433297165757,-87.98523579862835,43.06821108392844,2020-07-17,3,83.0
55079091000,55079014900,-87.99705672432205,43.06433297165757,-87.94481830610269,43.03704436935605,2020-07-17,1,27.0
55079091000,55079009100,-87.99705672432205,43.06433297165757,-87.96852806703085,43.060675408064526,2020-07-17,3,83.0
55079091000,55079186400,-87.99705672432205,43.06433297165757,-87.93038892981184,43.03695266796131,2020-07-17,1,27.0
55079091000,55079014300,-87.99705672432205,43.06433297165757,-87.90101539256612,43.042731429373134,2020-07-17,2,55.0
55079091000,55079090700,-87.99705672432205,43.06433297165757,-88.02545440842808,43.059193901469925,2020-07-17,2,55.0
55079091000,55079170100,-87.99705672432205,43.06433297165757,-87.84892368656588,42.919583500675934,2020-07-17,1,27.0
55079091000,55079091000,-87.99705672432205,43.06433297165757,-87.99705672432205,43.06433297165757,2020-07-17,134,3728.0
55079091000,55079005100,-87.99705672432205,43.06433297165757,-87.99757698420609,43.08261869423604,2020-07-17,2,55.0
55079091000,55079185200,-87.99705672432205,43.06433297165757,-87.88193798921913,42.967674094622936,2020-07-17,2,55.0
55079091000,55079004900,-87.99705672432205,43.06433297165757,-87.97231517837423,43.077061406485264,2020-07-17,1,27.0
55079091000,55079012900,-87.99705672432205,43.06433297165757,-87.99989477924994,43.028140622580246,2020-07-17,1,27.0
55079091000,55079001000,-87.99705672432205,43.06433297165757,-87.95348314468296,43.12464896388482,2020-07-17,1,27.0
55079091000,55079009300,-87.99705672432205,43.06433297165757,-87.98314520393755,43.060746025032145,2020-07-17,2,55.0
55079021400,55079020000,-87.93891709359613,42.96295890378409,-87.95273620994368,42.98405311376188,2020-07-17,4,88.0
55079021400,55079002400,-87.93891709359613,42.96295890378409,-87.95188617843814,43.106404380820805,2020-07-17,1,22.0
55079021400,55079004500,-87.93891709359613,42.96295890378409,-87.92226909278084,43.08550885272536,2020-07-17,1,22.0
55079021400,55079019000,-87.93891709359613,42.96295890378409,-87.967877289968,42.995496154489715,2020-07-17,1,22.0
55079021400,55079002300,-87.93891709359613,42.96295890378409,-87.93621856893152,43.105985427841645,2020-07-17,1,22.0
55079021400,55079110100,-87.93891709359613,42.96295890378409,-87.9710022364233,43.012448953036525,2020-07-17,2,44.0
55079021400,55079101000,-87.93891709359613,42.96295890378409,-88.05764456171738,42.99173938525954,2020-07-17,3,66.0
55079021400,55079021200,-87.93891709359613,42.96295890378409,-87.92101040508955,42.965284697357816,2020-07-17,1,22.0
55079021400,55079018100,-87.93891709359613,42.96295890378409,-87.88469234682039,42.998709042311724,2020-07-17,1,22.0
55079021400,55079160100,-87.93891709359613,42.96295890378409,-87.91471599062149,42.91513941042769,2020-07-17,3,66.0
55079021400,55079050101,-87.93891709359613,42.96295890378409,-87.98494662348081,43.17683059907653,2020-07-17,1,22.0
55079021400,55079090300,-87.93891709359613,42.96295890378409,-88.0515779905257,43.06739040507833,2020-07-17,2,44.0
55079021400,55079101600,-87.93891709359613,42.96295890378409,-87.98881839806968,43.003113634057684,2020-07-17,1,22.0
55079021400,55079021700,-87.93891709359613,42.96295890378409,-87.91312462574102,42.94052513723052,2020-07-17,4,88.0
55079021400,55079120501,-87.93891709359613,42.96295890378409,-87.96680035551529,42.94072396992586,2020-07-17,2,44.0
55079021400,55079019100,-87.93891709359613,42.96295890378409,-87.96549351619066,42.982165146288615,2020-07-17,2,44.0
55079021400,55079120400,-87.93891709359613,42.96295890378409,-87.96548496050795,42.96670427425607,2020-07-17,4,88.0
55079021400,55079120203,-87.93891709359613,42.96295890378409,-88.00776394431053,42.95694649923871,2020-07-17,7,154.0
55079021400,55079018400,-87.93891709359613,42.96295890378409,-87.90417459790928,42.9917062933768,2020-07-17,2,44.0
55079021400,55079160300,-87.93891709359613,42.96295890378409,-87.8893867076047,42.856940087232964,2020-07-17,4,88.0
55079021400,55079004800,-87.93891709359613,42.96295890378409,-87.96231596301399,43.077035360461494,2020-07-17,1,22.0
55079021400,55079186000,-87.93891709359613,42.96295890378409,-87.92039854147795,43.053956957431964,2020-07-17,2,44.0
55079021400,55079021400,-87.93891709359613,42.96295890378409,-87.93891709359613,42.96295890378409,2020-07-17,140,3090.0
55079021400,55079185300,-87.93891709359613,42.96295890378409,-88.04265402690729,43.049880154873065,2020-07-17,6,132.0
55079021400,55079120502,-87.93891709359613,42.96295890378409,-87.96510992081555,42.95304728304586,2020-07-17,1,22.0
55079021400,55079187400,-87.93891709359613,42.96295890378409,-87.90767949876499,43.03217517915639,2020-07-17,1,22.0
55079021400,55079180500,-87.93891709359613,42.96295890378409,-87.87471526249948,42.93725893299447,2020-07-17,1,22.0
55079021400,55079186800,-87.93891709359613,42.96295890378409,-87.9506670108877,43.02815858561159,2020-07-17,1,22.0
55079021400,55079187200,-87.93891709359613,42.96295890378409,-88.00769048889484,42.863813659193866,2020-07-17,1,22.0
55079021400,55079160203,-87.93891709359613,42.96295890378409,-87.91638950191752,42.89402789790319,2020-07-17,3,66.0
55079021400,55079020100,-87.93891709359613,42.96295890378409,-87.94099671150566,42.988482506396224,2020-07-17,1,22.0
55079021400,55079160202,-87.93891709359613,42.96295890378409,-87.87217546542965,42.881379330302295,2020-07-17,1,22.0
55079021400,55079101100,-87.93891709359613,42.96295890378409,-88.04276904850849,42.99420752845147,2020-07-17,2,44.0
55079021400,55079140201,-87.93891709359613,42.96295890378409,-87.99911426080601,42.93902100763907,2020-07-17,1,22.0
55079021400,55079140202,-87.93891709359613,42.96295890378409,-87.981557716435,42.93443757238657,2020-07-17,2,44.0
55079021400,55079017900,-87.93891709359613,42.96295890378409,-87.90503327479618,42.998772533253295,2020-07-17,2,44.0
55079021400,55079186500,-87.93891709359613,42.96295890378409,-87.9130303085029,43.02319729476483,2020-07-17,1,22.0
55079021400,55079016800,-87.93891709359613,42.96295890378409,-87.92935001478907,43.01036042537408,2020-07-17,2,44.0
55079021400,55079120101,-87.93891709359613,42.96295890378409,-88.04814010007517,42.95916305909443,2020-07-17,1,22.0
55079021400,55079011300,-87.93891709359613,42.96295890378409,-87.90713298111844,43.04890661506502,2020-07-17,1,22.0
55079021400,55079014400,-87.93891709359613,42.96295890378409,-87.90784049253895,43.042413401572134,2020-07-17,1,22.0
55079021400,55079018000,-87.93891709359613,42.96295890378409,-87.8945288084346,43.01098558683315,2020-07-17,1,22.0
55079021400,55079150100,-87.93891709359613,42.96295890378409,-87.97759713310646,42.91424119290261,2020-07-17,12,264.0
55079021400,55079021600,-87.93891709359613,42.96295890378409,-87.92488475274558,42.952251222261935,2020-07-17,7,154.0
55079021400,55079021300,-87.93891709359613,42.96295890378409,-87.93877469638159,42.970224160413096,2020-07-17,5,110.0
55079021400,55079130100,-87.93891709359613,42.96295890378409,-88.04407902007586,42.942752065148895,2020-07-17,7,154.0
55079021400,55079019600,-87.93891709359613,42.96295890378409,-88.00769668957767,42.984657216409644,2020-07-17,2,44.0
55079021400,55079150301,-87.93891709359613,42.96295890378409,-88.05345903025625,42.89781994777656,2020-07-17,1,22.0
55079021400,55079180300,-87.93891709359613,42.96295890378409,-87.87005593266791,42.951885652862586,2020-07-17,2,44.0
55079021400,55079020700,-87.93891709359613,42.96295890378409,-87.89282968229121,42.980391637955094,2020-07-17,1,22.0
55079021400,55079016300,-87.93891709359613,42.96295890378409,-87.93764055272034,43.01572710315665,2020-07-17,2,44.0
55079021400,55079019900,-87.93891709359613,42.96295890378409,-87.98235255712866,42.973172118392476,2020-07-17,2,44.0
55079021400,55079000700,-87.93891709359613,42.96295890378409,-87.99009583376943,43.15588909293765,2020-07-17,2,44.0
55079021400,55079020400,-87.93891709359613,42.96295890378409,-87.9300852632457,42.98834002972675,2020-07-17,3,66.0
55079021400,55079100200,-87.93891709359613,42.96295890378409,-87.99137992566246,43.01460892403096,2020-07-17,1,22.0
55079021400,55079017500,-87.93891709359613,42.96295890378409,-87.92965116916102,43.00287441605045,2020-07-17,1,22.0
55079021400,55079005900,-87.93891709359613,42.96295890378409,-87.98523579862835,43.06821108392844,2020-07-17,3,66.0
55079021400,55079007600,-87.93891709359613,42.96295890378409,-87.87859580944733,43.06399812725538,2020-07-17,1,22.0
55079021400,55079000900,-87.93891709359613,42.96295890378409,-87.95566887882444,43.14970170326806,2020-07-17,1,22.0
55079021400,55079020300,-87.93891709359613,42.96295890378409,-87.92658964497383,42.979242665655576,2020-07-17,1,22.0
55079021400,55079018800,-87.93891709359613,42.96295890378409,-87.94058386370827,42.99929639057026,2020-07-17,1,22.0
55079021400,55079002000,-87.93891709359613,42.96295890378409,-87.96815137233186,43.115621500302275,2020-07-17,1,22.0
55079021400,55079018200,-87.93891709359613,42.96295890378409,-87.87369831321716,42.99249911585218,2020-07-17,1,22.0
55079021400,55079018500,-87.93891709359613,42.96295890378409,-87.91439743752404,42.98441904059949,2020-07-17,1,22.0
55079021400,55079021500,-87.93891709359613,42.96295890378409,-87.94398245259515,42.952098604888974,2020-07-17,3,66.0
55079021400,55079020200,-87.93891709359613,42.96295890378409,-87.94112496275925,42.977527635995024,2020-07-17,1,22.0
55079021400,55079016500,-87.93891709359613,42.96295890378409,-87.91153110922029,43.01579142211555,2020-07-17,2,44.0
55079021400,55079009600,-87.93891709359613,42.96295890378409,-87.96486502955395,43.05277336645368,2020-07-17,1,22.0
55079021400,55079186200,-87.93891709359613,42.96295890378409,-87.93244814260824,43.04856605375616,2020-07-17,1,22.0
55079021400,55079101200,-87.93891709359613,42.96295890378409,-88.02772831407549,42.99180235090393,2020-07-17,1,22.0
55079021400,55079170600,-87.93891709359613,42.96295890378409,-87.86320935056827,42.907724102777856,2020-07-17,1,22.0
55079021400,55079185200,-87.93891709359613,42.96295890378409,-87.88193798921913,42.967674094622936,2020-07-17,1,22.0
55079021400,55079009200,-87.93891709359613,42.96295890378409,-87.97560474362125,43.06069020349929,2020-07-17,1,22.0
55079021400,55079012900,-87.93891709359613,42.96295890378409,-87.99989477924994,43.028140622580246,2020-07-17,1,22.0
55079021400,55079016900,-87.93891709359613,42.96295890378409,-87.93770785693083,43.00951913559766,2020-07-17,1,22.0
55079021400,55079017100,-87.93891709359613,42.96295890378409,-87.95808412992528,43.01056521552099,2020-07-17,1,22.0
55079021400,55079001000,-87.93891709359613,42.96295890378409,-87.95348314468296,43.12464896388482,2020-07-17,1,22.0
55079021400,55079017000,-87.93891709359613,42.96295890378409,-87.9475259715867,43.01041841584858,2020-07-17,1,22.0
55079021400,55079013000,-87.93891709359613,42.96295890378409,-87.9876687698922,43.02770173765977,2020-07-17,1,22.0
55079021000,55079060200,-87.89993467732904,42.962739149255064,-87.9245165328896,43.11556508690733,2020-07-17,1,24.0
55079021000,55079019000,-87.89993467732904,42.962739149255064,-87.967877289968,42.995496154489715,2020-07-17,2,48.0
55079021000,55079000102,-87.89993467732904,42.962739149255064,-88.01167859828367,43.164645145767146,2020-07-17,1,24.0
55079021000,55079110100,-87.89993467732904,42.962739149255064,-87.9710022364233,43.012448953036525,2020-07-17,1,24.0
55079021000,55079101000,-87.89993467732904,42.962739149255064,-88.05764456171738,42.99173938525954,2020-07-17,1,24.0
55079021000,55079021200,-87.89993467732904,42.962739149255064,-87.92101040508955,42.965284697357816,2020-07-17,3,72.0
55079021000,55079018100,-87.89993467732904,42.962739149255064,-87.88469234682039,42.998709042311724,2020-07-17,1,24.0
55079021000,55079160100,-87.89993467732904,42.962739149255064,-87.91471599062149,42.91513941042769,2020-07-17,2,48.0
55079021000,55079186300,-87.89993467732904,42.962739149255064,-87.91799927397663,43.040616743150025,2020-07-17,2,48.0
55079021000,55079021700,-87.89993467732904,42.962739149255064,-87.91312462574102,42.94052513723052,2020-07-17,1,24.0
55079021000,55079019100,-87.89993467732904,42.962739149255064,-87.96549351619066,42.982165146288615,2020-07-17,1,24.0
55079021000,55079120400,-87.89993467732904,42.962739149255064,-87.96548496050795,42.96670427425607,2020-07-17,1,24.0
55079021000,55079120203,-87.89993467732904,42.962739149255064,-88.00776394431053,42.95694649923871,2020-07-17,2,48.0
55079021000,55079170500,-87.89993467732904,42.962739149255064,-87.85764758199707,42.897602993060175,2020-07-17,1,24.0
55079021000,55079160300,-87.89993467732904,42.962739149255064,-87.8893867076047,42.856940087232964,2020-07-17,3,72.0
55079021000,55079019400,-87.89993467732904,42.962739149255064,-88.02755647500341,42.984577749923744,2020-07-17,1,24.0
55079021000,55079003500,-87.89993467732904,42.962739149255064,-87.99830093777771,43.09359369867719,2020-07-17,1,24.0
55079021000,55079120502,-87.89993467732904,42.962739149255064,-87.96510992081555,42.95304728304586,2020-07-17,3,72.0
55079021000,55079187400,-87.89993467732904,42.962739149255064,-87.90767949876499,43.03217517915639,2020-07-17,1,24.0
55079021000,55079021000,-87.89993467732904,42.962739149255064,-87.89993467732904,42.962739149255064,2020-07-17,85,2059.0
55079021000,55079187200,-87.89993467732904,42.962739149255064,-88.00769048889484,42.863813659193866,2020-07-17,4,96.0
55079021000,55079160203,-87.89993467732904,42.962739149255064,-87.91638950191752,42.89402789790319,2020-07-17,1,24.0
55079021000,55079170200,-87.89993467732904,42.962739149255064,-87.87263683893734,42.92275381108851,2020-07-17,2,48.0
55079021000,55079160202,-87.89993467732904,42.962739149255064,-87.87217546542965,42.881379330302295,2020-07-17,1,24.0
55079021000,55079180400,-87.89993467732904,42.962739149255064,-87.85633588550823,42.93709205888796,2020-07-17,1,24.0
55079021000,55079101100,-87.89993467732904,42.962739149255064,-88.04276904850849,42.99420752845147,2020-07-17,3,72.0
55079021000,55079140201,-87.89993467732904,42.962739149255064,-87.99911426080601,42.93902100763907,2020-07-17,1,24.0
55079021000,55079186500,-87.89993467732904,42.962739149255064,-87.9130303085029,43.02319729476483,2020-07-17,1,24.0
55079021000,55079150100,-87.89993467732904,42.962739149255064,-87.97759713310646,42.91424119290261,2020-07-17,3,72.0
55079021000,55079021600,-87.89993467732904,42.962739149255064,-87.92488475274558,42.952251222261935,2020-07-17,10,242.0
55079021000,55079130100,-87.89993467732904,42.962739149255064,-88.04407902007586,42.942752065148895,2020-07-17,3,72.0
55079021000,55079101800,-87.89993467732904,42.962739149255064,-88.00969812606968,42.99373426381014,2020-07-17,1,24.0
55079021000,55079120201,-87.89993467732904,42.962739149255064,-88.01868214174351,42.96737507435749,2020-07-17,3,72.0
55079021000,55079180300,-87.89993467732904,42.962739149255064,-87.87005593266791,42.951885652862586,2020-07-17,2,48.0
55079021000,55079000700,-87.89993467732904,42.962739149255064,-87.99009583376943,43.15588909293765,2020-07-17,2,48.0
55079021000,55079101700,-87.89993467732904,42.962739149255064,-88.00697190300957,43.00173437379505,2020-07-17,1,24.0
55079021000,55079000900,-87.89993467732904,42.962739149255064,-87.95566887882444,43.14970170326806,2020-07-17,1,24.0
55079021000,55079020900,-87.89993467732904,42.962739149255064,-87.90186271433869,42.97013349358029,2020-07-17,1,24.0
55079021000,55079017400,-87.89993467732904,42.962739149255064,-87.9382983850757,43.00476614107047,2020-07-17,1,24.0
55079021000,55079186600,-87.89993467732904,42.962739149255064,-87.91355022125023,43.001384465822476,2020-07-17,3,72.0
55079021000,55079003900,-87.89993467732904,42.962739149255064,-87.96215160813261,43.086172227530916,2020-07-17,1,24.0
55079021000,55079018500,-87.89993467732904,42.962739149255064,-87.91439743752404,42.98441904059949,2020-07-17,10,242.0
55079021000,55079021500,-87.89993467732904,42.962739149255064,-87.94398245259515,42.952098604888974,2020-07-17,1,24.0
55079021000,55079020200,-87.89993467732904,42.962739149255064,-87.94112496275925,42.977527635995024,2020-07-17,2,48.0
55079021000,55079018600,-87.89993467732904,42.962739149255064,-87.92255649026754,42.995575414800356,2020-07-17,1,24.0
55079021000,55079180200,-87.89993467732904,42.962739149255064,-87.85506992096182,42.95465467367753,2020-07-17,1,24.0
55079021000,55079186400,-87.89993467732904,42.962739149255064,-87.93038892981184,43.03695266796131,2020-07-17,1,24.0
55079021000,55079020600,-87.89993467732904,42.962739149255064,-87.90444286867323,42.9810337820488,2020-07-17,2,48.0
55079021000,55079101300,-87.89993467732904,42.962739149255064,-88.02770018483265,42.99907770295741,2020-07-17,1,24.0
55079021000,55079100300,-87.89993467732904,42.962739149255064,-88.00316709835943,43.017354422985534,2020-07-17,1,24.0
55079021000,55079186900,-87.89993467732904,42.962739149255064,-87.88804149673794,43.05226526687869,2020-07-17,1,24.0
55079021000,55079170600,-87.89993467732904,42.962739149255064,-87.86320935056827,42.907724102777856,2020-07-17,1,24.0
55079021000,55079185200,-87.89993467732904,42.962739149255064,-87.88193798921913,42.967674094622936,2020-07-17,3,72.0
55079021000,55079170300,-87.89993467732904,42.962739149255064,-87.87538996197884,42.9095536521384,2020-07-17,1,24.0
55079021000,55079000303,-87.89993467732904,42.962739149255064,-88.04588241201564,43.12968529312476,2020-07-17,1,24.0
55079021000,55079021100,-87.89993467732904,42.962739149255064,-87.91444199314573,42.970152010378044,2020-07-17,1,24.0
55079150303,55079016200,-88.02312771344377,42.88960646488504,-87.94745090497267,43.01660575920564,2020-07-17,1,12.0
55079150303,55079000102,-88.02312771344377,42.88960646488504,-88.01167859828367,43.164645145767146,2020-07-17,1,12.0
55079150303,55079110100,-88.02312771344377,42.88960646488504,-87.9710022364233,43.012448953036525,2020-07-17,1,12.0
55079150303,55079101000,-88.02312771344377,42.88960646488504,-88.05764456171738,42.99173938525954,2020-07-17,5,63.0
55079150303,55079021200,-88.02312771344377,42.88960646488504,-87.92101040508955,42.965284697357816,2020-07-17,2,25.0
55079150303,55079160100,-88.02312771344377,42.88960646488504,-87.91471599062149,42.91513941042769,2020-07-17,8,101.0
55079150303,55079090300,-88.02312771344377,42.88960646488504,-88.0515779905257,43.06739040507833,2020-07-17,4,50.0
55079150303,55079186300,-88.02312771344377,42.88960646488504,-87.91799927397663,43.040616743150025,2020-07-17,2,25.0
55079150303,55079021700,-88.02312771344377,42.88960646488504,-87.91312462574102,42.94052513723052,2020-07-17,1,12.0
55079150303,55079120501,-88.02312771344377,42.88960646488504,-87.96680035551529,42.94072396992586,2020-07-17,4,50.0
55079150303,55079019200,-88.02312771344377,42.88960646488504,-87.9858350139744,42.99282711086924,2020-07-17,1,12.0
55079150303,55079120400,-88.02312771344377,42.88960646488504,-87.96548496050795,42.96670427425607,2020-07-17,3,38.0
55079150303,55079120203,-88.02312771344377,42.88960646488504,-88.00776394431053,42.95694649923871,2020-07-17,24,305.0
55079150303,55079160300,-88.02312771344377,42.88960646488504,-87.8893867076047,42.856940087232964,2020-07-17,9,114.0
55079150303,55079187300,-88.02312771344377,42.88960646488504,-87.9656302556773,42.887159701718595,2020-07-17,6,76.0
55079150303,55079000501,-88.02312771344377,42.88960646488504,-88.04340002069712,43.115390222488664,2020-07-17,1,12.0
55079150303,55079004800,-88.02312771344377,42.88960646488504,-87.96231596301399,43.077035360461494,2020-07-17,2,25.0
55079150303,55079021400,-88.02312771344377,42.88960646488504,-87.93891709359613,42.96295890378409,2020-07-17,1,12.0
55079150303,55079120502,-88.02312771344377,42.88960646488504,-87.96510992081555,42.95304728304586,2020-07-17,5,63.0
55079150303,55079187400,-88.02312771344377,42.88960646488504,-87.90767949876499,43.03217517915639,2020-07-17,2,25.0
55079150303,55079150304,-88.02312771344377,42.88960646488504,-88.02760163837803,42.91519132559998,2020-07-17,22,280.0
55079150303,55079180500,-88.02312771344377,42.88960646488504,-87.87471526249948,42.93725893299447,2020-07-17,1,12.0
55079150303,55079130200,-88.02312771344377,42.88960646488504,-88.05891051157585,42.93732261654573,2020-07-17,17,216.0
55079150303,55079160204,-88.02312771344377,42.88960646488504,-87.9317944903397,42.879700165258704,2020-07-17,2,25.0
55079150303,55079187200,-88.02312771344377,42.88960646488504,-88.00769048889484,42.863813659193866,2020-07-17,62,790.0
55079150303,55079160203,-88.02312771344377,42.88960646488504,-87.91638950191752,42.89402789790319,2020-07-17,9,114.0
55079150303,55079160202,-88.02312771344377,42.88960646488504,-87.87217546542965,42.881379330302295,2020-07-17,3,38.0
55079150303,55079180400,-88.02312771344377,42.88960646488504,-87.85633588550823,42.93709205888796,2020-07-17,1,12.0
55079150303,55079100900,-88.02312771344377,42.88960646488504,-88.05216898532913,43.00959788353506,2020-07-17,3,38.0
55079150303,55079101100,-88.02312771344377,42.88960646488504,-88.04276904850849,42.99420752845147,2020-07-17,5,63.0
55079150303,55079140100,-88.02312771344377,42.88960646488504,-88.0188613886232,42.93745223479677,2020-07-17,8,101.0
55079150303,55079140201,-88.02312771344377,42.88960646488504,-87.99911426080601,42.93902100763907,2020-07-17,14,178.0
55079150303,55079140202,-88.02312771344377,42.88960646488504,-87.981557716435,42.93443757238657,2020-07-17,4,50.0
55079150303,55079007500,-88.02312771344377,42.88960646488504,-87.87772470520909,43.071061371506396,2020-07-17,4,50.0
55079150303,55079120101,-88.02312771344377,42.88960646488504,-88.04814010007517,42.95916305909443,2020-07-17,4,50.0
55079150303,55079011300,-88.02312771344377,42.88960646488504,-87.90713298111844,43.04890661506502,2020-07-17,1,12.0
55079150303,55079014400,-88.02312771344377,42.88960646488504,-87.90784049253895,43.042413401572134,2020-07-17,2,25.0
55079150303,55079150100,-88.02312771344377,42.88960646488504,-87.97759713310646,42.91424119290261,2020-07-17,34,433.0
55079150303,55079021600,-88.02312771344377,42.88960646488504,-87.92488475274558,42.952251222261935,2020-07-17,2,25.0
55079150303,55079005800,-88.02312771344377,42.88960646488504,-87.99994620357029,43.072303413103626,2020-07-17,1,12.0
55079150303,55079187000,-88.02312771344377,42.88960646488504,-87.88728455831759,43.05530607398437,2020-07-17,1,12.0
55079150303,55079120102,-88.02312771344377,42.88960646488504,-88.04966546230908,42.97409794368699,2020-07-17,1,12.0
55079150303,55079130100,-88.02312771344377,42.88960646488504,-88.04407902007586,42.942752065148895,2020-07-17,20,254.0
55079150303,55079101800,-88.02312771344377,42.88960646488504,-88.00969812606968,42.99373426381014,2020-07-17,3,38.0
55079150303,55079150301,-88.02312771344377,42.88960646488504,-88.05345903025625,42.89781994777656,2020-07-17,35,446.0
55079150303,55079120201,-88.02312771344377,42.88960646488504,-88.01868214174351,42.96737507435749,2020-07-17,2,25.0
55079150303,55079180300,-88.02312771344377,42.88960646488504,-87.87005593266791,42.951885652862586,2020-07-17,1,12.0
55079150303,55079185100,-88.02312771344377,42.88960646488504,-87.86132764015301,42.9760744263621,2020-07-17,1,12.0
55079150303,55079006300,-88.02312771344377,42.88960646488504,-87.95229119818997,43.07635281761954,2020-07-17,1,12.0
55079150303,55079101500,-88.02312771344377,42.88960646488504,-88.00747595996755,43.007126720391405,2020-07-17,1,12.0
55079150303,55079007600,-88.02312771344377,42.88960646488504,-87.87859580944733,43.06399812725538,2020-07-17,6,76.0
55079150303,55079020900,-88.02312771344377,42.88960646488504,-87.90186271433869,42.97013349358029,2020-07-17,1,12.0
55079150303,55079186600,-88.02312771344377,42.88960646488504,-87.91355022125023,43.001384465822476,2020-07-17,2,25.0
55079150303,55079120202,-88.02312771344377,42.88960646488504,-87.99868084532402,42.965848843600455,2020-07-17,2,25.0
55079150303,55079018500,-88.02312771344377,42.88960646488504,-87.91439743752404,42.98441904059949,2020-07-17,4,50.0
55079150303,55079021500,-88.02312771344377,42.88960646488504,-87.94398245259515,42.952098604888974,2020-07-17,7,89.0
55079150303,55079150303,-88.02312771344377,42.88960646488504,-88.02312771344377,42.88960646488504,2020-07-17,306,3900.0
55079150303,55079019700,-88.02312771344377,42.88960646488504,-88.00741820523533,42.97570820507905,2020-07-17,2,25.0
55079150303,55079019800,-88.02312771344377,42.88960646488504,-87.98973307517815,42.982078809345225,2020-07-17,1,12.0
55079150303,55079020600,-88.02312771344377,42.88960646488504,-87.90444286867323,42.9810337820488,2020-07-17,1,12.0
55079150303,55079101300,-88.02312771344377,42.88960646488504,-88.02770018483265,42.99907770295741,2020-07-17,2,25.0
55079150303,55079170100,-88.02312771344377,42.88960646488504,-87.84892368656588,42.919583500675934,2020-07-17,3,38.0
55079150303,55079100300,-88.02312771344377,42.88960646488504,-88.00316709835943,43.017354422985534,2020-07-17,1,12.0
55079150303,55079186900,-88.02312771344377,42.88960646488504,-87.88804149673794,43.05226526687869,2020-07-17,1,12.0
55079150303,55079170600,-88.02312771344377,42.88960646488504,-87.86320935056827,42.907724102777856,2020-07-17,1,12.0
55079150303,55079185200,-88.02312771344377,42.88960646488504,-87.88193798921913,42.967674094622936,2020-07-17,1,12.0
55079150303,55079016900,-88.02312771344377,42.88960646488504,-87.93770785693083,43.00951913559766,2020-07-17,1,12.0
55079150303,55079017000,-88.02312771344377,42.88960646488504,-87.9475259715867,43.01041841584858,2020-07-17,1,12.0
55079005500,55079020000,-88.03284541742188,43.08237006688624,-87.95273620994368,42.98405311376188,2020-07-17,2,46.0
55079005500,55079060200,-88.03284541742188,43.08237006688624,-87.9245165328896,43.11556508690733,2020-07-17,3,69.0
55079005500,55079004400,-88.03284541742188,43.08237006688624,-87.90608569163814,43.089298213737145,2020-07-17,1,23.0
55079005500,55079100100,-88.03284541742188,43.08237006688624,-87.98598444052216,43.01659648927991,2020-07-17,2,46.0
55079005500,55079091300,-88.03284541742188,43.08237006688624,-88.0097444924032,43.037871666045895,2020-07-17,1,23.0
55079005500,55079000102,-88.03284541742188,43.08237006688624,-88.01167859828367,43.164645145767146,2020-07-17,1,23.0
55079005500,55079000202,-88.03284541742188,43.08237006688624,-88.04132965001602,43.160382512849615,2020-07-17,2,46.0
55079005500,55079002300,-88.03284541742188,43.08237006688624,-87.93621856893152,43.105985427841645,2020-07-17,1,23.0
55079005500,55079110100,-88.03284541742188,43.08237006688624,-87.9710022364233,43.012448953036525,2020-07-17,1,23.0
55079005500,55079090300,-88.03284541742188,43.08237006688624,-88.0515779905257,43.06739040507833,2020-07-17,8,186.0
55079005500,55079186300,-88.03284541742188,43.08237006688624,-87.91799927397663,43.040616743150025,2020-07-17,2,46.0
55079005500,55079021700,-88.03284541742188,43.08237006688624,-87.91312462574102,42.94052513723052,2020-07-17,2,46.0
55079005500,55079090100,-88.03284541742188,43.08237006688624,-88.04837730790923,43.0973204568905,2020-07-17,4,93.0
55079005500,55079090200,-88.03284541742188,43.08237006688624,-88.05200796218348,43.081902180003375,2020-07-17,9,209.0
55079005500,55079000501,-88.03284541742188,43.08237006688624,-88.04340002069712,43.115390222488664,2020-07-17,1,23.0
55079005500,55079005300,-88.03284541742188,43.08237006688624,-88.01242727702714,43.07892288175221,2020-07-17,1,23.0
55079005500,55079090600,-88.03284541742188,43.08237006688624,-88.05435154566402,43.03795832032663,2020-07-17,5,116.0
55079005500,55079185300,-88.03284541742188,43.08237006688624,-88.04265402690729,43.049880154873065,2020-07-17,3,69.0
55079005500,55079187400,-88.03284541742188,43.08237006688624,-87.90767949876499,43.03217517915639,2020-07-17,1,23.0
55079005500,55079000800,-88.03284541742188,43.08237006688624,-87.97372753660457,43.14064967469203,2020-07-17,1,23.0
55079005500,55079012500,-88.03284541742188,43.08237006688624,-87.97654888060033,43.037091021714275,2020-07-17,1,23.0
55079005500,55079000400,-88.03284541742188,43.08237006688624,-88.05554472050937,43.110954423820296,2020-07-17,1,23.0
55079005500,55079091200,-88.03284541742188,43.08237006688624,-88.00388284004167,43.0467075980639,2020-07-17,6,139.0
55079005500,55079018900,-88.03284541742188,43.08237006688624,-87.95323213052187,42.995654122863776,2020-07-17,1,23.0
55079005500,55079020100,-88.03284541742188,43.08237006688624,-87.94099671150566,42.988482506396224,2020-07-17,3,69.0
55079005500,55079180400,-88.03284541742188,43.08237006688624,-87.85633588550823,42.93709205888796,2020-07-17,1,23.0
55079005500,55079005000,-88.03284541742188,43.08237006688624,-87.98327608357046,43.07665137069942,2020-07-17,1,23.0
55079005500,55079091400,-88.03284541742188,43.08237006688624,-87.99383660813824,43.04031315098078,2020-07-17,1,23.0
55079005500,55079180100,-88.03284541742188,43.08237006688624,-87.84722355247969,42.95102171952154,2020-07-17,1,23.0
55079005500,55079030100,-88.03284541742188,43.08237006688624,-87.89837270942148,43.1819862198906,2020-07-17,1,23.0
55079005500,55079003600,-88.03284541742188,43.08237006688624,-87.98321131530031,43.092736225323044,2020-07-17,1,23.0
55079005500,55079035100,-88.03284541742188,43.08237006688624,-87.89285549776399,43.15380150659221,2020-07-17,1,23.0
55079005500,55079003400,-88.03284541742188,43.08237006688624,-88.02444287795417,43.0934576342605,2020-07-17,3,69.0
55079005500,55079005500,-88.03284541742188,43.08237006688624,-88.03284541742188,43.08237006688624,2020-07-17,115,2681.0
55079005500,55079005800,-88.03284541742188,43.08237006688624,-87.99994620357029,43.072303413103626,2020-07-17,1,23.0
55079005500,55079120201,-88.03284541742188,43.08237006688624,-88.01868214174351,42.96737507435749,2020-07-17,1,23.0
55079005500,55079019500,-88.03284541742188,43.08237006688624,-88.02769031152603,42.97732706705707,2020-07-17,1,23.0
55079005500,55079020700,-88.03284541742188,43.08237006688624,-87.89282968229121,42.980391637955094,2020-07-17,1,23.0
55079005500,55079185100,-88.03284541742188,43.08237006688624,-87.86132764015301,42.9760744263621,2020-07-17,1,23.0
55079005500,55079000700,-88.03284541742188,43.08237006688624,-87.99009583376943,43.15588909293765,2020-07-17,1,23.0
55079005500,55079000900,-88.03284541742188,43.08237006688624,-87.95566887882444,43.14970170326806,2020-07-17,1,23.0
55079005500,55079001300,-88.03284541742188,43.08237006688624,-87.99843350448002,43.126783535933505,2020-07-17,1,23.0
55079005500,55079001700,-88.03284541742188,43.08237006688624,-88.01621221830194,43.10855887721336,2020-07-17,1,23.0
55079005500,55079000201,-88.03284541742188,43.08237006688624,-88.0472441211064,43.1799495757708,2020-07-17,1,23.0
55079005500,55079007800,-88.03284541742188,43.08237006688624,-87.88801504624632,43.07075279367613,2020-07-17,1,23.0
55079005500,55079002600,-88.03284541742188,43.08237006688624,-87.96192834607115,43.10067420371696,2020-07-17,1,23.0
55079005500,55079009000,-88.03284541742188,43.08237006688624,-87.9610837883489,43.060355868415826,2020-07-17,1,23.0
55079005500,55079001900,-88.03284541742188,43.08237006688624,-87.98367415791445,43.115686316787006,2020-07-17,2,46.0
55079005500,55079009600,-88.03284541742188,43.08237006688624,-87.96486502955395,43.05277336645368,2020-07-17,1,23.0
55079005500,55079020600,-88.03284541742188,43.08237006688624,-87.90444286867323,42.9810337820488,2020-07-17,1,23.0
55079005500,55079090700,-88.03284541742188,43.08237006688624,-88.02545440842808,43.059193901469925,2020-07-17,1,23.0
55079005500,55079101300,-88.03284541742188,43.08237006688624,-88.02770018483265,42.99907770295741,2020-07-17,1,23.0
55079005500,55079091000,-88.03284541742188,43.08237006688624,-87.99705672432205,43.06433297165757,2020-07-17,1,23.0
55079005500,55079005100,-88.03284541742188,43.08237006688624,-87.99757698420609,43.08261869423604,2020-07-17,1,23.0
55079005500,55079185200,-88.03284541742188,43.08237006688624,-87.88193798921913,42.967674094622936,2020-07-17,1,23.0
55079005500,55079060102,-88.03284541742188,43.08237006688624,-87.93974960524739,43.148654535590595,2020-07-17,1,23.0
55079005500,55079004900,-88.03284541742188,43.08237006688624,-87.97231517837423,43.077061406485264,2020-07-17,1,23.0
55079005500,55079170300,-88.03284541742188,43.08237006688624,-87.87538996197884,42.9095536521384,2020-07-17,1,23.0
55079005500,55079005600,-88.03284541742188,43.08237006688624,-88.02758035548169,43.071050112322006,2020-07-17,4,93.0
55079005500,55079012900,-88.03284541742188,43.08237006688624,-87.99989477924994,43.028140622580246,2020-07-17,1,23.0
55079005500,55079009300,-88.03284541742188,43.08237006688624,-87.98314520393755,43.060746025032145,2020-07-17,2,46.0
55079005500,55079090800,-88.03284541742188,43.08237006688624,-88.01754834659646,43.063072316879136,2020-07-17,2,46.0
55079091300,55079020000,-88.0097444924032,43.037871666045895,-87.95273620994368,42.98405311376188,2020-07-17,3,71.0
55079091300,55079060200,-88.0097444924032,43.037871666045895,-87.9245165328896,43.11556508690733,2020-07-17,2,47.0
55079091300,55079012800,-88.0097444924032,43.037871666045895,-88.03145321223326,43.03059221584991,2020-07-17,1,23.0
55079091300,55079015700,-88.0097444924032,43.037871666045895,-87.92777138656925,43.021663598322064,2020-07-17,1,23.0
55079091300,55079100100,-88.0097444924032,43.037871666045895,-87.98598444052216,43.01659648927991,2020-07-17,1,23.0
55079091300,55079100700,-88.0097444924032,43.037871666045895,-88.03788629567484,43.0213025080197,2020-07-17,1,23.0
55079091300,55079091300,-88.0097444924032,43.037871666045895,-88.0097444924032,43.037871666045895,2020-07-17,134,3182.0
55079091300,55079000102,-88.0097444924032,43.037871666045895,-88.01167859828367,43.164645145767146,2020-07-17,3,71.0
55079091300,55079110100,-88.0097444924032,43.037871666045895,-87.9710022364233,43.012448953036525,2020-07-17,2,47.0
55079091300,55079160100,-88.0097444924032,43.037871666045895,-87.91471599062149,42.91513941042769,2020-07-17,3,71.0
55079091300,55079090300,-88.0097444924032,43.037871666045895,-88.0515779905257,43.06739040507833,2020-07-17,5,118.0
55079091300,55079021700,-88.0097444924032,43.037871666045895,-87.91312462574102,42.94052513723052,2020-07-17,2,47.0
55079091300,55079090100,-88.0097444924032,43.037871666045895,-88.04837730790923,43.0973204568905,2020-07-17,1,23.0
55079091300,55079090200,-88.0097444924032,43.037871666045895,-88.05200796218348,43.081902180003375,2020-07-17,1,23.0
55079091300,55079090900,-88.0097444924032,43.037871666045895,-88.00270912368009,43.06124682618238,2020-07-17,1,23.0
55079091300,55079120203,-88.0097444924032,43.037871666045895,-88.00776394431053,42.95694649923871,2020-07-17,2,47.0
55079091300,55079090600,-88.0097444924032,43.037871666045895,-88.05435154566402,43.03795832032663,2020-07-17,1,23.0
55079091300,55079185300,-88.0097444924032,43.037871666045895,-88.04265402690729,43.049880154873065,2020-07-17,7,166.0
55079091300,55079150304,-88.0097444924032,43.037871666045895,-88.02760163837803,42.91519132559998,2020-07-17,1,23.0
55079091300,55079004000,-88.0097444924032,43.037871666045895,-87.97205846198321,43.09342306765945,2020-07-17,1,23.0
55079091300,55079186800,-88.0097444924032,43.037871666045895,-87.9506670108877,43.02815858561159,2020-07-17,1,23.0
55079091300,55079091200,-88.0097444924032,43.037871666045895,-88.00388284004167,43.0467075980639,2020-07-17,12,285.0
55079091300,55079180400,-88.0097444924032,43.037871666045895,-87.85633588550823,42.93709205888796,2020-07-17,1,23.0
55079091300,55079100900,-88.0097444924032,43.037871666045895,-88.05216898532913,43.00959788353506,2020-07-17,1,23.0
55079091300,55079091400,-88.0097444924032,43.037871666045895,-87.99383660813824,43.04031315098078,2020-07-17,2,47.0
55079091300,55079091100,-88.0097444924032,43.037871666045895,-88.00381885772617,43.05493775558714,2020-07-17,1,23.0
55079091300,55079101400,-88.0097444924032,43.037871666045895,-88.02735540531337,43.00631524274058,2020-07-17,1,23.0
55079091300,55079007700,-88.0097444924032,43.037871666045895,-87.88849935823362,43.06389053422122,2020-07-17,3,71.0
55079091300,55079100400,-88.0097444924032,43.037871666045895,-88.01166560297426,43.0170103539625,2020-07-17,2,47.0
55079091300,55079016600,-88.0097444924032,43.037871666045895,-87.9139279223807,43.010028166006215,2020-07-17,1,23.0
55079091300,55079120102,-88.0097444924032,43.037871666045895,-88.04966546230908,42.97409794368699,2020-07-17,1,23.0
55079091300,55079009400,-88.0097444924032,43.037871666045895,-87.98309572088205,43.053347935581954,2020-07-17,1,23.0
55079091300,55079050102,-88.0097444924032,43.037871666045895,-87.96743569232115,43.172443064752215,2020-07-17,1,23.0
55079091300,55079185700,-88.0097444924032,43.037871666045895,-87.91471207902771,43.06752585199898,2020-07-17,1,23.0
55079091300,55079012600,-88.0097444924032,43.037871666045895,-87.99443577770006,43.034032251200934,2020-07-17,5,118.0
55079091300,55079000201,-88.0097444924032,43.037871666045895,-88.0472441211064,43.1799495757708,2020-07-17,1,23.0
55079091300,55079012700,-88.0097444924032,43.037871666045895,-88.0122777504643,43.029662330242175,2020-07-17,2,47.0
55079091300,55079019800,-88.0097444924032,43.037871666045895,-87.98973307517815,42.982078809345225,2020-07-17,1,23.0
55079091300,55079009100,-88.0097444924032,43.037871666045895,-87.96852806703085,43.060675408064526,2020-07-17,1,23.0
55079091300,55079001100,-88.0097444924032,43.037871666045895,-87.96901390366762,43.127689901740844,2020-07-17,1,23.0
55079091300,55079090700,-88.0097444924032,43.037871666045895,-88.02545440842808,43.059193901469925,2020-07-17,1,23.0
55079091300,55079185800,-88.0097444924032,43.037871666045895,-87.94265216254213,43.0538687550207,2020-07-17,1,23.0
55079091300,55079012900,-88.0097444924032,43.037871666045895,-87.99989477924994,43.028140622580246,2020-07-17,1,23.0
55079091300,55079001000,-88.0097444924032,43.037871666045895,-87.95348314468296,43.12464896388482,2020-07-17,1,23.0
55079091300,55079170400,-88.0097444924032,43.037871666045895,-87.8734267877277,42.89848248246609,2020-07-17,1,23.0
55079091300,55079090800,-88.0097444924032,43.037871666045895,-88.01754834659646,43.063072316879136,2020-07-17,1,23.0
55079186600,55079020000,-87.91355022125023,43.001384465822476,-87.95273620994368,42.98405311376188,2020-07-17,2,47.0
55079186600,55079060200,-87.91355022125023,43.001384465822476,-87.9245165328896,43.11556508690733,2020-07-17,1,23.0
55079186600,55079012800,-87.91355022125023,43.001384465822476,-88.03145321223326,43.03059221584991,2020-07-17,1,23.0
55079186600,55079015700,-87.91355022125023,43.001384465822476,-87.92777138656925,43.021663598322064,2020-07-17,4,95.0
55079186600,55079019000,-87.91355022125023,43.001384465822476,-87.967877289968,42.995496154489715,2020-07-17,1,23.0
55079186600,55079100100,-87.91355022125023,43.001384465822476,-87.98598444052216,43.01659648927991,2020-07-17,1,23.0
55079186600,55079000102,-87.91355022125023,43.001384465822476,-88.01167859828367,43.164645145767146,2020-07-17,2,47.0
55079186600,55079101000,-87.91355022125023,43.001384465822476,-88.05764456171738,42.99173938525954,2020-07-17,2,47.0
55079186600,55079021200,-87.91355022125023,43.001384465822476,-87.92101040508955,42.965284697357816,2020-07-17,1,23.0
55079186600,55079160100,-87.91355022125023,43.001384465822476,-87.91471599062149,42.91513941042769,2020-07-17,3,71.0
55079186600,55079090300,-87.91355022125023,43.001384465822476,-88.0515779905257,43.06739040507833,2020-07-17,2,47.0
55079186600,55079186300,-87.91355022125023,43.001384465822476,-87.91799927397663,43.040616743150025,2020-07-17,1,23.0
55079186600,55079120501,-87.91355022125023,43.001384465822476,-87.96680035551529,42.94072396992586,2020-07-17,1,23.0
55079186600,55079120203,-87.91355022125023,43.001384465822476,-88.00776394431053,42.95694649923871,2020-07-17,1,23.0
55079186600,55079160300,-87.91355022125023,43.001384465822476,-87.8893867076047,42.856940087232964,2020-07-17,1,23.0
55079186600,55079000501,-87.91355022125023,43.001384465822476,-88.04340002069712,43.115390222488664,2020-07-17,1,23.0
55079186600,55079001200,-87.91355022125023,43.001384465822476,-87.98620080987179,43.12617611256525,2020-07-17,1,23.0
55079186600,55079004800,-87.91355022125023,43.001384465822476,-87.96231596301399,43.077035360461494,2020-07-17,1,23.0
55079186600,55079060101,-87.91355022125023,43.001384465822476,-87.92535691568614,43.13950788268824,2020-07-17,1,23.0
55079186600,55079187400,-87.91355022125023,43.001384465822476,-87.90767949876499,43.03217517915639,2020-07-17,3,71.0
55079186600,55079000502,-87.91355022125023,43.001384465822476,-88.03128731150349,43.12480634966938,2020-07-17,1,23.0
55079186600,55079160204,-87.91355022125023,43.001384465822476,-87.9317944903397,42.879700165258704,2020-07-17,1,23.0
55079186600,55079018900,-87.91355022125023,43.001384465822476,-87.95323213052187,42.995654122863776,2020-07-17,2,47.0
55079186600,55079186500,-87.91355022125023,43.001384465822476,-87.9130303085029,43.02319729476483,2020-07-17,2,47.0
55079186600,55079016800,-87.91355022125023,43.001384465822476,-87.92935001478907,43.01036042537408,2020-07-17,1,23.0
55079186600,55079091100,-87.91355022125023,43.001384465822476,-88.00381885772617,43.05493775558714,2020-07-17,1,23.0
55079186600,55079011300,-87.91355022125023,43.001384465822476,-87.90713298111844,43.04890661506502,2020-07-17,1,23.0
55079186600,55079018000,-87.91355022125023,43.001384465822476,-87.8945288084346,43.01098558683315,2020-07-17,3,71.0
55079186600,55079070200,-87.91355022125023,43.001384465822476,-87.8919112738197,43.1133970416122,2020-07-17,4,95.0
55079186600,55079150100,-87.91355022125023,43.001384465822476,-87.97759713310646,42.91424119290261,2020-07-17,2,47.0
55079186600,55079021600,-87.91355022125023,43.001384465822476,-87.92488475274558,42.952251222261935,2020-07-17,1,23.0
55079186600,55079003400,-87.91355022125023,43.001384465822476,-88.02444287795417,43.0934576342605,2020-07-17,2,47.0
55079186600,55079016600,-87.91355022125023,43.001384465822476,-87.9139279223807,43.010028166006215,2020-07-17,3,71.0
55079186600,55079006300,-87.91355022125023,43.001384465822476,-87.95229119818997,43.07635281761954,2020-07-17,1,23.0
55079186600,55079016300,-87.91355022125023,43.001384465822476,-87.93764055272034,43.01572710315665,2020-07-17,1,23.0
55079186600,55079020400,-87.91355022125023,43.001384465822476,-87.9300852632457,42.98834002972675,2020-07-17,2,47.0
55079186600,55079007600,-87.91355022125023,43.001384465822476,-87.87859580944733,43.06399812725538,2020-07-17,1,23.0
55079186600,55079001300,-87.91355022125023,43.001384465822476,-87.99843350448002,43.126783535933505,2020-07-17,2,47.0
55079186600,55079020300,-87.91355022125023,43.001384465822476,-87.92658964497383,42.979242665655576,2020-07-17,1,23.0
55079186600,55079016700,-87.91355022125023,43.001384465822476,-87.92209519609614,43.010301162214034,2020-07-17,1,23.0
55079186600,55079004200,-87.91355022125023,43.001384465822476,-87.94544782159862,43.09516547779425,2020-07-17,1,23.0
55079186600,55079186600,-87.91355022125023,43.001384465822476,-87.91355022125023,43.001384465822476,2020-07-17,82,1959.0
55079186600,55079120202,-87.91355022125023,43.001384465822476,-87.99868084532402,42.965848843600455,2020-07-17,1,23.0
55079186600,55079001500,-87.91355022125023,43.001384465822476,-88.01520145334699,43.123754077777434,2020-07-17,1,23.0
55079186600,55079018500,-87.91355022125023,43.001384465822476,-87.91439743752404,42.98441904059949,2020-07-17,5,119.0
55079186600,55079020500,-87.91355022125023,43.001384465822476,-87.92272370744391,42.988321496925906,2020-07-17,1,23.0
55079186600,55079018600,-87.91355022125023,43.001384465822476,-87.92255649026754,42.995575414800356,2020-07-17,1,23.0
55079186600,55079016400,-87.91355022125023,43.001384465822476,-87.92777599229481,43.01665943799343,2020-07-17,2,47.0
55079186600,55079002600,-87.91355022125023,43.001384465822476,-87.96192834607115,43.10067420371696,2020-07-17,1,23.0
55079186600,55079009100,-87.91355022125023,43.001384465822476,-87.96852806703085,43.060675408064526,2020-07-17,1,23.0
55079186600,55079010600,-87.91355022125023,43.001384465822476,-87.90749884397533,43.060136167504425,2020-07-17,1,23.0
55079186600,55079018300,-87.91355022125023,43.001384465822476,-87.89285805580873,42.991354183119796,2020-07-17,1,23.0
55079186600,55079016500,-87.91355022125023,43.001384465822476,-87.91153110922029,43.01579142211555,2020-07-17,2,47.0
55079186600,55079017600,-87.91355022125023,43.001384465822476,-87.92236059293215,43.00280872383964,2020-07-17,2,47.0
55079186600,55079180200,-87.91355022125023,43.001384465822476,-87.85506992096182,42.95465467367753,2020-07-17,1,23.0
55079186600,55079101300,-87.91355022125023,43.001384465822476,-88.02770018483265,42.99907770295741,2020-07-17,1,23.0
55079186600,55079011100,-87.91355022125023,43.001384465822476,-87.90155963599153,43.04933924860895,2020-07-17,1,23.0
55079186600,55079185200,-87.91355022125023,43.001384465822476,-87.88193798921913,42.967674094622936,2020-07-17,1,23.0
55079186600,55079016900,-87.91355022125023,43.001384465822476,-87.93770785693083,43.00951913559766,2020-07-17,1,23.0
55079186600,55079013300,-87.91355022125023,43.001384465822476,-87.96206431187025,43.03483590901066,2020-07-17,1,23.0
55079186600,55079017000,-87.91355022125023,43.001384465822476,-87.9475259715867,43.01041841584858,2020-07-17,2,47.0
55079186600,55079017200,-87.91355022125023,43.001384465822476,-87.95621680562614,43.002904101727246,2020-07-17,1,23.0
55079186600,55079015900,-87.91355022125023,43.001384465822476,-87.9473669417017,43.02159668337006,2020-07-17,1,23.0
55079005800,55079004300,-87.99994620357029,43.072303413103626,-87.93220867621264,43.094799127568905,2020-07-17,1,24.0
55079005800,55079060200,-87.99994620357029,43.072303413103626,-87.9245165328896,43.11556508690733,2020-07-17,1,24.0
55079005800,55079004400,-87.99994620357029,43.072303413103626,-87.90608569163814,43.089298213737145,2020-07-17,1,24.0
55079005800,55079004500,-87.99994620357029,43.072303413103626,-87.92226909278084,43.08550885272536,2020-07-17,1,24.0
55079005800,55079100700,-87.99994620357029,43.072303413103626,-88.03788629567484,43.0213025080197,2020-07-17,1,24.0
55079005800,55079000202,-87.99994620357029,43.072303413103626,-88.04132965001602,43.160382512849615,2020-07-17,1,24.0
55079005800,55079010800,-87.99994620357029,43.072303413103626,-87.88986181293924,43.05733829509928,2020-07-17,2,49.0
55079005800,55079110100,-87.99994620357029,43.072303413103626,-87.9710022364233,43.012448953036525,2020-07-17,3,74.0
55079005800,55079101000,-87.99994620357029,43.072303413103626,-88.05764456171738,42.99173938525954,2020-07-17,2,49.0
55079005800,55079000600,-87.99994620357029,43.072303413103626,-88.00190569680801,43.14010292722225,2020-07-17,1,24.0
55079005800,55079050101,-87.99994620357029,43.072303413103626,-87.98494662348081,43.17683059907653,2020-07-17,1,24.0
55079005800,55079090300,-87.99994620357029,43.072303413103626,-88.0515779905257,43.06739040507833,2020-07-17,8,198.0
55079005800,55079101600,-87.99994620357029,43.072303413103626,-87.98881839806968,43.003113634057684,2020-07-17,1,24.0
55079005800,55079186300,-87.99994620357029,43.072303413103626,-87.91799927397663,43.040616743150025,2020-07-17,1,24.0
55079005800,55079090200,-87.99994620357029,43.072303413103626,-88.05200796218348,43.081902180003375,2020-07-17,3,74.0
55079005800,55079090900,-87.99994620357029,43.072303413103626,-88.00270912368009,43.06124682618238,2020-07-17,6,148.0
55079005800,55079120203,-87.99994620357029,43.072303413103626,-88.00776394431053,42.95694649923871,2020-07-17,1,24.0
55079005800,55079000501,-87.99994620357029,43.072303413103626,-88.04340002069712,43.115390222488664,2020-07-17,1,24.0
55079005800,55079003500,-87.99994620357029,43.072303413103626,-87.99830093777771,43.09359369867719,2020-07-17,1,24.0
55079005800,55079004800,-87.99994620357029,43.072303413103626,-87.96231596301399,43.077035360461494,2020-07-17,3,74.0
55079005800,55079005300,-87.99994620357029,43.072303413103626,-88.01242727702714,43.07892288175221,2020-07-17,1,24.0
55079005800,55079060101,-87.99994620357029,43.072303413103626,-87.92535691568614,43.13950788268824,2020-07-17,1,24.0
55079005800,55079000302,-87.99994620357029,43.072303413103626,-88.04649688617519,43.13922972061493,2020-07-17,1,24.0
55079005800,55079185300,-87.99994620357029,43.072303413103626,-88.04265402690729,43.049880154873065,2020-07-17,6,148.0
55079005800,55079187400,-87.99994620357029,43.072303413103626,-87.90767949876499,43.03217517915639,2020-07-17,3,74.0
55079005800,55079012500,-87.99994620357029,43.072303413103626,-87.97654888060033,43.037091021714275,2020-07-17,4,99.0
55079005800,55079005400,-87.99994620357029,43.072303413103626,-88.02259608100492,43.0824437803151,2020-07-17,1,24.0
55079005800,55079006000,-87.99994620357029,43.072303413103626,-87.97554005335066,43.067947929210746,2020-07-17,1,24.0
55079005800,55079160203,-87.99994620357029,43.072303413103626,-87.91638950191752,42.89402789790319,2020-07-17,1,24.0
55079005800,55079091200,-87.99994620357029,43.072303413103626,-88.00388284004167,43.0467075980639,2020-07-17,6,148.0
55079005800,55079100500,-87.99994620357029,43.072303413103626,-88.02674691869541,43.01326660162138,2020-07-17,1,24.0
55079005800,55079020100,-87.99994620357029,43.072303413103626,-87.94099671150566,42.988482506396224,2020-07-17,1,24.0
55079005800,55079100900,-87.99994620357029,43.072303413103626,-88.05216898532913,43.00959788353506,2020-07-17,1,24.0
55079005800,55079007000,-87.99994620357029,43.072303413103626,-87.91122456687498,43.07424564740019,2020-07-17,1,24.0
55079005800,55079070100,-87.99994620357029,43.072303413103626,-87.9076583493148,43.12063010988105,2020-07-17,1,24.0
55079005800,55079091100,-87.99994620357029,43.072303413103626,-88.00381885772617,43.05493775558714,2020-07-17,1,24.0
55079005800,55079003600,-87.99994620357029,43.072303413103626,-87.98321131530031,43.092736225323044,2020-07-17,1,24.0
55079005800,55079003800,-87.99994620357029,43.072303413103626,-87.97215356169055,43.086187842345545,2020-07-17,1,24.0
55079005800,55079011300,-87.99994620357029,43.072303413103626,-87.90713298111844,43.04890661506502,2020-07-17,1,24.0
55079005800,55079014400,-87.99994620357029,43.072303413103626,-87.90784049253895,43.042413401572134,2020-07-17,1,24.0
55079005800,55079100400,-87.99994620357029,43.072303413103626,-88.01166560297426,43.0170103539625,2020-07-17,1,24.0
55079005800,55079003400,-87.99994620357029,43.072303413103626,-88.02444287795417,43.0934576342605,2020-07-17,1,24.0
55079005800,55079005800,-87.99994620357029,43.072303413103626,-87.99994620357029,43.072303413103626,2020-07-17,112,2775.0
55079005800,55079080200,-87.99994620357029,43.072303413103626,-87.8877423232882,43.0942616397457,2020-07-17,1,24.0
55079005800,55079010700,-87.99994620357029,43.072303413103626,-87.90095083433016,43.0597678010215,2020-07-17,1,24.0
55079005800,55079100200,-87.99994620357029,43.072303413103626,-87.99137992566246,43.01460892403096,2020-07-17,1,24.0
55079005800,55079012600,-87.99994620357029,43.072303413103626,-87.99443577770006,43.034032251200934,2020-07-17,1,24.0
55079005800,55079005900,-87.99994620357029,43.072303413103626,-87.98523579862835,43.06821108392844,2020-07-17,6,148.0
55079005800,55079001300,-87.99994620357029,43.072303413103626,-87.99843350448002,43.126783535933505,2020-07-17,1,24.0
55079005800,55079020200,-87.99994620357029,43.072303413103626,-87.94112496275925,42.977527635995024,2020-07-17,1,24.0
55079005800,55079002600,-87.99994620357029,43.072303413103626,-87.96192834607115,43.10067420371696,2020-07-17,1,24.0
55079005800,55079009000,-87.99994620357029,43.072303413103626,-87.9610837883489,43.060355868415826,2020-07-17,1,24.0
55079005800,55079001900,-87.99994620357029,43.072303413103626,-87.98367415791445,43.115686316787006,2020-07-17,1,24.0
55079005800,55079018300,-87.99994620357029,43.072303413103626,-87.89285805580873,42.991354183119796,2020-07-17,1,24.0
55079005800,55079001100,-87.99994620357029,43.072303413103626,-87.96901390366762,43.127689901740844,2020-07-17,1,24.0
55079005800,55079186400,-87.99994620357029,43.072303413103626,-87.93038892981184,43.03695266796131,2020-07-17,2,49.0
55079005800,55079014300,-87.99994620357029,43.072303413103626,-87.90101539256612,43.042731429373134,2020-07-17,1,24.0
55079005800,55079090700,-87.99994620357029,43.072303413103626,-88.02545440842808,43.059193901469925,2020-07-17,3,74.0
55079005800,55079008900,-87.99994620357029,43.072303413103626,-87.95337828163817,43.06706338271535,2020-07-17,3,74.0
55079005800,55079091000,-87.99994620357029,43.072303413103626,-87.99705672432205,43.06433297165757,2020-07-17,1,24.0
55079005800,55079005100,-87.99994620357029,43.072303413103626,-87.99757698420609,43.08261869423604,2020-07-17,1,24.0
55079005800,55079060102,-87.99994620357029,43.072303413103626,-87.93974960524739,43.148654535590595,2020-07-17,1,24.0
55079005800,55079004900,-87.99994620357029,43.072303413103626,-87.97231517837423,43.077061406485264,2020-07-17,3,74.0
55079005800,55079009200,-87.99994620357029,43.072303413103626,-87.97560474362125,43.06069020349929,2020-07-17,1,24.0
55079005800,55079012900,-87.99994620357029,43.072303413103626,-87.99989477924994,43.028140622580246,2020-07-17,1,24.0
55079005800,55079013300,-87.99994620357029,43.072303413103626,-87.96206431187025,43.03483590901066,2020-07-17,1,24.0
55079005800,55079009300,-87.99994620357029,43.072303413103626,-87.98314520393755,43.060746025032145,2020-07-17,3,74.0
55079005800,55079003000,-87.99994620357029,43.072303413103626,-87.99619059962126,43.10851035065769,2020-07-17,1,24.0
55079000502,55079020000,-88.03128731150349,43.12480634966938,-87.95273620994368,42.98405311376188,2020-07-17,2,49.0
55079000502,55079004300,-88.03128731150349,43.12480634966938,-87.93220867621264,43.094799127568905,2020-07-17,3,74.0
55079000502,55079060200,-88.03128731150349,43.12480634966938,-87.9245165328896,43.11556508690733,2020-07-17,1,24.0
55079000502,55079004500,-88.03128731150349,43.12480634966938,-87.92226909278084,43.08550885272536,2020-07-17,1,24.0
55079000502,55079015700,-88.03128731150349,43.12480634966938,-87.92777138656925,43.021663598322064,2020-07-17,1,24.0
55079000502,55079000101,-88.03128731150349,43.12480634966938,-88.00922083481396,43.18510784936368,2020-07-17,3,74.0
55079000502,55079000102,-88.03128731150349,43.12480634966938,-88.01167859828367,43.164645145767146,2020-07-17,5,123.0
55079000502,55079000202,-88.03128731150349,43.12480634966938,-88.04132965001602,43.160382512849615,2020-07-17,3,74.0
55079000502,55079002300,-88.03128731150349,43.12480634966938,-87.93621856893152,43.105985427841645,2020-07-17,3,74.0
55079000502,55079110100,-88.03128731150349,43.12480634966938,-87.9710022364233,43.012448953036525,2020-07-17,1,24.0
55079000502,55079000600,-88.03128731150349,43.12480634966938,-88.00190569680801,43.14010292722225,2020-07-17,13,321.0
55079000502,55079050101,-88.03128731150349,43.12480634966938,-87.98494662348081,43.17683059907653,2020-07-17,3,74.0
55079000502,55079090300,-88.03128731150349,43.12480634966938,-88.0515779905257,43.06739040507833,2020-07-17,4,98.0
55079000502,55079090100,-88.03128731150349,43.12480634966938,-88.04837730790923,43.0973204568905,2020-07-17,1,24.0
55079000502,55079090200,-88.03128731150349,43.12480634966938,-88.05200796218348,43.081902180003375,2020-07-17,3,74.0
55079000502,55079090900,-88.03128731150349,43.12480634966938,-88.00270912368009,43.06124682618238,2020-07-17,1,24.0
55079000502,55079120203,-88.03128731150349,43.12480634966938,-88.00776394431053,42.95694649923871,2020-07-17,2,49.0
55079000502,55079017300,-88.03128731150349,43.12480634966938,-87.94877202549131,43.0036525046766,2020-07-17,1,24.0
55079000502,55079000501,-88.03128731150349,43.12480634966938,-88.04340002069712,43.115390222488664,2020-07-17,13,321.0
55079000502,55079001200,-88.03128731150349,43.12480634966938,-87.98620080987179,43.12617611256525,2020-07-17,5,123.0
55079000502,55079003500,-88.03128731150349,43.12480634966938,-87.99830093777771,43.09359369867719,2020-07-17,2,49.0
55079000502,55079186000,-88.03128731150349,43.12480634966938,-87.92039854147795,43.053956957431964,2020-07-17,2,49.0
55079000502,55079003200,-88.03128731150349,43.12480634966938,-88.00111189801154,43.10115852758208,2020-07-17,2,49.0
55079000502,55079185500,-88.03128731150349,43.12480634966938,-87.92624880733425,43.0601763240656,2020-07-17,3,74.0
55079000502,55079000302,-88.03128731150349,43.12480634966938,-88.04649688617519,43.13922972061493,2020-07-17,2,49.0
55079000502,55079090600,-88.03128731150349,43.12480634966938,-88.05435154566402,43.03795832032663,2020-07-17,1,24.0
55079000502,55079185300,-88.03128731150349,43.12480634966938,-88.04265402690729,43.049880154873065,2020-07-17,2,49.0
55079000502,55079000800,-88.03128731150349,43.12480634966938,-87.97372753660457,43.14064967469203,2020-07-17,3,74.0
55079000502,55079004600,-88.03128731150349,43.12480634966938,-87.9321086251029,43.08569057130924,2020-07-17,1,24.0
55079000502,55079000400,-88.03128731150349,43.12480634966938,-88.05554472050937,43.110954423820296,2020-07-17,5,123.0
55079000502,55079000502,-88.03128731150349,43.12480634966938,-88.03128731150349,43.12480634966938,2020-07-17,163,4030.0
55079000502,55079006200,-88.03128731150349,43.12480634966938,-87.96097127315564,43.067902782244275,2020-07-17,1,24.0
55079000502,55079186800,-88.03128731150349,43.12480634966938,-87.9506670108877,43.02815858561159,2020-07-17,2,49.0
55079000502,55079080100,-88.03128731150349,43.12480634966938,-87.89773689723896,43.0955518884228,2020-07-17,1,24.0
55079000502,55079006000,-88.03128731150349,43.12480634966938,-87.97554005335066,43.067947929210746,2020-07-17,1,24.0
55079000502,55079091200,-88.03128731150349,43.12480634966938,-88.00388284004167,43.0467075980639,2020-07-17,1,24.0
55079000502,55079020100,-88.03128731150349,43.12480634966938,-87.94099671150566,42.988482506396224,2020-07-17,3,74.0
55079000502,55079160202,-88.03128731150349,43.12480634966938,-87.87217546542965,42.881379330302295,2020-07-17,1,24.0
55079000502,55079001400,-88.03128731150349,43.12480634966938,-88.01656972395298,43.130900969315825,2020-07-17,1,24.0
55079000502,55079006800,-88.03128731150349,43.12480634966938,-87.92500216567623,43.079683301494654,2020-07-17,1,24.0
55079000502,55079014600,-88.03128731150349,43.12480634966938,-87.93032605572249,43.04237842637439,2020-07-17,1,24.0
55079000502,55079186500,-88.03128731150349,43.12480634966938,-87.9130303085029,43.02319729476483,2020-07-17,1,24.0
55079000502,55079003300,-88.03128731150349,43.12480634966938,-88.0173066794685,43.1010408446094,2020-07-17,4,98.0
55079000502,55079001600,-88.03128731150349,43.12480634966938,-88.01599665750028,43.11588641903863,2020-07-17,3,74.0
55079000502,55079120101,-88.03128731150349,43.12480634966938,-88.04814010007517,42.95916305909443,2020-07-17,2,49.0
55079000502,55079008500,-88.03128731150349,43.12480634966938,-87.9298714910033,43.06776123229879,2020-07-17,1,24.0
55079000502,55079003600,-88.03128731150349,43.12480634966938,-87.98321131530031,43.092736225323044,2020-07-17,3,74.0
55079000502,55079003800,-88.03128731150349,43.12480634966938,-87.97215356169055,43.086187842345545,2020-07-17,2,49.0
55079000502,55079014400,-88.03128731150349,43.12480634966938,-87.90784049253895,43.042413401572134,2020-07-17,1,24.0
55079000502,55079070200,-88.03128731150349,43.12480634966938,-87.8919112738197,43.1133970416122,2020-07-17,1,24.0
55079000502,55079150100,-88.03128731150349,43.12480634966938,-87.97759713310646,42.91424119290261,2020-07-17,1,24.0
55079000502,55079021600,-88.03128731150349,43.12480634966938,-87.92488475274558,42.952251222261935,2020-07-17,1,24.0
55079000502,55079001800,-88.03128731150349,43.12480634966938,-87.99853790291819,43.115847306484916,2020-07-17,2,49.0
55079000502,55079003400,-88.03128731150349,43.12480634966938,-88.02444287795417,43.0934576342605,2020-07-17,3,74.0
55079000502,55079005500,-88.03128731150349,43.12480634966938,-88.03284541742188,43.08237006688624,2020-07-17,3,74.0
55079000502,55079005800,-88.03128731150349,43.12480634966938,-87.99994620357029,43.072303413103626,2020-07-17,1,24.0
55079000502,55079002900,-88.03128731150349,43.12480634966938,-87.98131890013833,43.108341188298006,2020-07-17,1,24.0
55079000502,55079014100,-88.03128731150349,43.12480634966938,-87.92097269793881,43.04863570292668,2020-07-17,1,24.0
55079000502,55079050102,-88.03128731150349,43.12480634966938,-87.96743569232115,43.172443064752215,2020-07-17,6,148.0
55079000502,55079006300,-88.03128731150349,43.12480634966938,-87.95229119818997,43.07635281761954,2020-07-17,1,24.0
55079000502,55079185700,-88.03128731150349,43.12480634966938,-87.91471207902771,43.06752585199898,2020-07-17,1,24.0
55079000502,55079100200,-88.03128731150349,43.12480634966938,-87.99137992566246,43.01460892403096,2020-07-17,1,24.0
55079000502,55079003100,-88.03128731150349,43.12480634966938,-87.98607018194353,43.10091760946077,2020-07-17,2,49.0
55079000502,55079012600,-88.03128731150349,43.12480634966938,-87.99443577770006,43.034032251200934,2020-07-17,1,24.0
55079000502,55079005900,-88.03128731150349,43.12480634966938,-87.98523579862835,43.06821108392844,2020-07-17,1,24.0
55079000502,55079009800,-88.03128731150349,43.12480634966938,-87.95409571434068,43.059778012269526,2020-07-17,1,24.0
55079000502,55079000900,-88.03128731150349,43.12480634966938,-87.95566887882444,43.14970170326806,2020-07-17,1,24.0
55079000502,55079001300,-88.03128731150349,43.12480634966938,-87.99843350448002,43.126783535933505,2020-07-17,3,74.0
55079000502,55079001700,-88.03128731150349,43.12480634966938,-88.01621221830194,43.10855887721336,2020-07-17,11,272.0
55079000502,55079186600,-88.03128731150349,43.12480634966938,-87.91355022125023,43.001384465822476,2020-07-17,1,24.0
55079000502,55079014900,-88.03128731150349,43.12480634966938,-87.94481830610269,43.03704436935605,2020-07-17,1,24.0
55079000502,55079001500,-88.03128731150349,43.12480634966938,-88.01520145334699,43.123754077777434,2020-07-17,7,173.0
55079000502,55079002000,-88.03128731150349,43.12480634966938,-87.96815137233186,43.115621500302275,2020-07-17,1,24.0
55079000502,55079003900,-88.03128731150349,43.12480634966938,-87.96215160813261,43.086172227530916,2020-07-17,1,24.0
55079000502,55079000201,-88.03128731150349,43.12480634966938,-88.0472441211064,43.1799495757708,2020-07-17,3,74.0
55079000502,55079004700,-88.03128731150349,43.12480634966938,-87.94760565609727,43.08576787197636,2020-07-17,2,49.0
55079000502,55079018500,-88.03128731150349,43.12480634966938,-87.91439743752404,42.98441904059949,2020-07-17,1,24.0
55079000502,55079019700,-88.03128731150349,43.12480634966938,-88.00741820523533,42.97570820507905,2020-07-17,1,24.0
55079000502,55079002600,-88.03128731150349,43.12480634966938,-87.96192834607115,43.10067420371696,2020-07-17,2,49.0
55079000502,55079009000,-88.03128731150349,43.12480634966938,-87.9610837883489,43.060355868415826,2020-07-17,1,24.0
55079000502,55079009100,-88.03128731150349,43.12480634966938,-87.96852806703085,43.060675408064526,2020-07-17,1,24.0
55079000502,55079010600,-88.03128731150349,43.12480634966938,-87.90749884397533,43.060136167504425,2020-07-17,1,24.0
55079000502,55079000304,-88.03128731150349,43.12480634966938,-88.02644618111368,43.14364069729464,2020-07-17,2,49.0
55079000502,55079001100,-88.03128731150349,43.12480634966938,-87.96901390366762,43.127689901740844,2020-07-17,1,24.0
55079000502,55079017600,-88.03128731150349,43.12480634966938,-87.92236059293215,43.00280872383964,2020-07-17,2,49.0
55079000502,55079004100,-88.03128731150349,43.12480634966938,-87.95681147526382,43.0940907627305,2020-07-17,1,24.0
55079000502,55079005100,-88.03128731150349,43.12480634966938,-87.99757698420609,43.08261869423604,2020-07-17,2,49.0
55079000502,55079014800,-88.03128731150349,43.12480634966938,-87.9402035907502,43.042125624825495,2020-07-17,1,24.0
55079000502,55079060102,-88.03128731150349,43.12480634966938,-87.93974960524739,43.148654535590595,2020-07-17,1,24.0
55079000502,55079004900,-88.03128731150349,43.12480634966938,-87.97231517837423,43.077061406485264,2020-07-17,2,49.0
55079000502,55079007400,-88.03128731150349,43.12480634966938,-87.87216855868374,43.078043126250115,2020-07-17,1,24.0
55079000502,55079009200,-88.03128731150349,43.12480634966938,-87.97560474362125,43.06069020349929,2020-07-17,1,24.0
55079000502,55079017100,-88.03128731150349,43.12480634966938,-87.95808412992528,43.01056521552099,2020-07-17,1,24.0
55079000502,55079000303,-88.03128731150349,43.12480634966938,-88.04588241201564,43.12968529312476,2020-07-17,1,24.0
55079000502,55079008400,-88.03128731150349,43.12480634966938,-87.92332577697063,43.067583013115005,2020-07-17,1,24.0
55079000502,55079009900,-88.03128731150349,43.12480634966938,-87.94630275235495,43.060274421469344,2020-07-17,4,98.0
55079000502,55079003000,-88.03128731150349,43.12480634966938,-87.99619059962126,43.10851035065769,2020-07-17,3,74.0
55079000502,55079008600,-88.03128731150349,43.12480634966938,-87.93517868399437,43.06762170689756,2020-07-17,1,24.0
55079000502,55079008800,-88.03128731150349,43.12480634966938,-87.94617084834631,43.06788862375971,2020-07-17,2,49.0
55079000502,55079006900,-88.03128731150349,43.12480634966938,-87.91078185483303,43.07979537793229,2020-07-17,1,24.0
55079001500,55079020000,-88.01520145334699,43.123754077777434,-87.95273620994368,42.98405311376188,2020-07-17,2,40.0
55079001500,55079002100,-88.01520145334699,43.123754077777434,-87.95315716160212,43.115529640428136,2020-07-17,3,60.0
55079001500,55079002400,-88.01520145334699,43.123754077777434,-87.95188617843814,43.106404380820805,2020-07-17,1,20.0
55079001500,55079004300,-88.01520145334699,43.123754077777434,-87.93220867621264,43.094799127568905,2020-07-17,2,40.0
55079001500,55079060200,-88.01520145334699,43.123754077777434,-87.9245165328896,43.11556508690733,2020-07-17,4,80.0
55079001500,55079004400,-88.01520145334699,43.123754077777434,-87.90608569163814,43.089298213737145,2020-07-17,3,60.0
55079001500,55079012800,-88.01520145334699,43.123754077777434,-88.03145321223326,43.03059221584991,2020-07-17,1,20.0
55079001500,55079000101,-88.01520145334699,43.123754077777434,-88.00922083481396,43.18510784936368,2020-07-17,2,40.0
55079001500,55079000102,-88.01520145334699,43.123754077777434,-88.01167859828367,43.164645145767146,2020-07-17,6,120.0
55079001500,55079000202,-88.01520145334699,43.123754077777434,-88.04132965001602,43.160382512849615,2020-07-17,7,140.0
55079001500,55079002300,-88.01520145334699,43.123754077777434,-87.93621856893152,43.105985427841645,2020-07-17,1,20.0
55079001500,55079110100,-88.01520145334699,43.123754077777434,-87.9710022364233,43.012448953036525,2020-07-17,5,100.0
55079001500,55079101000,-88.01520145334699,43.123754077777434,-88.05764456171738,42.99173938525954,2020-07-17,2,40.0
55079001500,55079021200,-88.01520145334699,43.123754077777434,-87.92101040508955,42.965284697357816,2020-07-17,1,20.0
55079001500,55079018100,-88.01520145334699,43.123754077777434,-87.88469234682039,42.998709042311724,2020-07-17,1,20.0
55079001500,55079160100,-88.01520145334699,43.123754077777434,-87.91471599062149,42.91513941042769,2020-07-17,2,40.0
55079001500,55079000600,-88.01520145334699,43.123754077777434,-88.00190569680801,43.14010292722225,2020-07-17,14,281.0
55079001500,55079050101,-88.01520145334699,43.123754077777434,-87.98494662348081,43.17683059907653,2020-07-17,4,80.0
55079001500,55079090300,-88.01520145334699,43.123754077777434,-88.0515779905257,43.06739040507833,2020-07-17,3,60.0
55079001500,55079186300,-88.01520145334699,43.123754077777434,-87.91799927397663,43.040616743150025,2020-07-17,1,20.0
55079001500,55079012400,-88.01520145334699,43.123754077777434,-87.97680856828566,43.04580144948212,2020-07-17,1,20.0
55079001500,55079021700,-88.01520145334699,43.123754077777434,-87.91312462574102,42.94052513723052,2020-07-17,1,20.0
55079001500,55079019100,-88.01520145334699,43.123754077777434,-87.96549351619066,42.982165146288615,2020-07-17,1,20.0
55079001500,55079090200,-88.01520145334699,43.123754077777434,-88.05200796218348,43.081902180003375,2020-07-17,3,60.0
55079001500,55079120400,-88.01520145334699,43.123754077777434,-87.96548496050795,42.96670427425607,2020-07-17,1,20.0
55079001500,55079120203,-88.01520145334699,43.123754077777434,-88.00776394431053,42.95694649923871,2020-07-17,1,20.0
55079001500,55079019400,-88.01520145334699,43.123754077777434,-88.02755647500341,42.984577749923744,2020-07-17,1,20.0
55079001500,55079000501,-88.01520145334699,43.123754077777434,-88.04340002069712,43.115390222488664,2020-07-17,13,261.0
55079001500,55079001200,-88.01520145334699,43.123754077777434,-87.98620080987179,43.12617611256525,2020-07-17,8,160.0
55079001500,55079003500,-88.01520145334699,43.123754077777434,-87.99830093777771,43.09359369867719,2020-07-17,3,60.0
55079001500,55079009500,-88.01520145334699,43.123754077777434,-87.97530476217976,43.0530114064315,2020-07-17,1,20.0
55079001500,55079186000,-88.01520145334699,43.123754077777434,-87.92039854147795,43.053956957431964,2020-07-17,2,40.0
55079001500,55079005300,-88.01520145334699,43.123754077777434,-88.01242727702714,43.07892288175221,2020-07-17,1,20.0
55079001500,55079021400,-88.01520145334699,43.123754077777434,-87.93891709359613,42.96295890378409,2020-07-17,1,20.0
55079001500,55079000302,-88.01520145334699,43.123754077777434,-88.04649688617519,43.13922972061493,2020-07-17,2,40.0
55079001500,55079185300,-88.01520145334699,43.123754077777434,-88.04265402690729,43.049880154873065,2020-07-17,2,40.0
55079001500,55079020800,-88.01520145334699,43.123754077777434,-87.87636299879055,42.985307292991365,2020-07-17,1,20.0
55079001500,55079187400,-88.01520145334699,43.123754077777434,-87.90767949876499,43.03217517915639,2020-07-17,1,20.0
55079001500,55079000800,-88.01520145334699,43.123754077777434,-87.97372753660457,43.14064967469203,2020-07-17,2,40.0
55079001500,55079005400,-88.01520145334699,43.123754077777434,-88.02259608100492,43.0824437803151,2020-07-17,1,20.0
55079001500,55079000400,-88.01520145334699,43.123754077777434,-88.05554472050937,43.110954423820296,2020-07-17,3,60.0
55079001500,55079000502,-88.01520145334699,43.123754077777434,-88.03128731150349,43.12480634966938,2020-07-17,4,80.0
55079001500,55079091200,-88.01520145334699,43.123754077777434,-88.00388284004167,43.0467075980639,2020-07-17,1,20.0
55079001500,55079020100,-88.01520145334699,43.123754077777434,-87.94099671150566,42.988482506396224,2020-07-17,2,40.0
55079001500,55079005000,-88.01520145334699,43.123754077777434,-87.98327608357046,43.07665137069942,2020-07-17,1,20.0
55079001500,55079001400,-88.01520145334699,43.123754077777434,-88.01656972395298,43.130900969315825,2020-07-17,3,60.0
55079001500,55079101100,-88.01520145334699,43.123754077777434,-88.04276904850849,42.99420752845147,2020-07-17,1,20.0
55079001500,55079140201,-88.01520145334699,43.123754077777434,-87.99911426080601,42.93902100763907,2020-07-17,1,20.0
55079001500,55079003300,-88.01520145334699,43.123754077777434,-88.0173066794685,43.1010408446094,2020-07-17,2,40.0
55079001500,55079001600,-88.01520145334699,43.123754077777434,-88.01599665750028,43.11588641903863,2020-07-17,5,100.0
55079001500,55079003600,-88.01520145334699,43.123754077777434,-87.98321131530031,43.092736225323044,2020-07-17,2,40.0
55079001500,55079100400,-88.01520145334699,43.123754077777434,-88.01166560297426,43.0170103539625,2020-07-17,1,20.0
55079001500,55079021600,-88.01520145334699,43.123754077777434,-87.92488475274558,42.952251222261935,2020-07-17,2,40.0
55079001500,55079001800,-88.01520145334699,43.123754077777434,-87.99853790291819,43.115847306484916,2020-07-17,1,20.0
55079001500,55079003400,-88.01520145334699,43.123754077777434,-88.02444287795417,43.0934576342605,2020-07-17,3,60.0
55079001500,55079019600,-88.01520145334699,43.123754077777434,-88.00769668957767,42.984657216409644,2020-07-17,2,40.0
55079001500,55079150301,-88.01520145334699,43.123754077777434,-88.05345903025625,42.89781994777656,2020-07-17,1,20.0
55079001500,55079100800,-88.01520145334699,43.123754077777434,-88.05710943935104,43.023654444193184,2020-07-17,1,20.0
55079001500,55079120201,-88.01520145334699,43.123754077777434,-88.01868214174351,42.96737507435749,2020-07-17,1,20.0
55079001500,55079050102,-88.01520145334699,43.123754077777434,-87.96743569232115,43.172443064752215,2020-07-17,3,60.0
55079001500,55079007900,-88.01520145334699,43.123754077777434,-87.89683936352995,43.06599950452746,2020-07-17,1,20.0
55079001500,55079006300,-88.01520145334699,43.123754077777434,-87.95229119818997,43.07635281761954,2020-07-17,2,40.0
55079001500,55079007300,-88.01520145334699,43.123754077777434,-87.88807891595606,43.0779148594549,2020-07-17,1,20.0
55079001500,55079000700,-88.01520145334699,43.123754077777434,-87.99009583376943,43.15588909293765,2020-07-17,2,40.0
55079001500,55079020400,-88.01520145334699,43.123754077777434,-87.9300852632457,42.98834002972675,2020-07-17,1,20.0
55079001500,55079100200,-88.01520145334699,43.123754077777434,-87.99137992566246,43.01460892403096,2020-07-17,1,20.0
55079001500,55079003100,-88.01520145334699,43.123754077777434,-87.98607018194353,43.10091760946077,2020-07-17,3,60.0
55079001500,55079012600,-88.01520145334699,43.123754077777434,-87.99443577770006,43.034032251200934,2020-07-17,1,20.0
55079001500,55079005200,-88.01520145334699,43.123754077777434,-88.0124256780363,43.086227920709504,2020-07-17,2,40.0
55079001500,55079007600,-88.01520145334699,43.123754077777434,-87.87859580944733,43.06399812725538,2020-07-17,1,20.0
55079001500,55079001300,-88.01520145334699,43.123754077777434,-87.99843350448002,43.126783535933505,2020-07-17,10,201.0
55079001500,55079001700,-88.01520145334699,43.123754077777434,-88.01621221830194,43.10855887721336,2020-07-17,7,140.0
55079001500,55079020300,-88.01520145334699,43.123754077777434,-87.92658964497383,42.979242665655576,2020-07-17,2,40.0
55079001500,55079004200,-88.01520145334699,43.123754077777434,-87.94544782159862,43.09516547779425,2020-07-17,1,20.0
55079001500,55079001500,-88.01520145334699,43.123754077777434,-88.01520145334699,43.123754077777434,2020-07-17,149,2996.0
55079001500,55079000201,-88.01520145334699,43.123754077777434,-88.0472441211064,43.1799495757708,2020-07-17,2,40.0
55079001500,55079000304,-88.01520145334699,43.123754077777434,-88.02644618111368,43.14364069729464,2020-07-17,3,60.0
55079001500,55079001900,-88.01520145334699,43.123754077777434,-87.98367415791445,43.115686316787006,2020-07-17,2,40.0
55079001500,55079001100,-88.01520145334699,43.123754077777434,-87.96901390366762,43.127689901740844,2020-07-17,1,20.0
55079001500,55079016500,-88.01520145334699,43.123754077777434,-87.91153110922029,43.01579142211555,2020-07-17,2,40.0
55079001500,55079017600,-88.01520145334699,43.123754077777434,-87.92236059293215,43.00280872383964,2020-07-17,1,20.0
55079001500,55079018700,-88.01520145334699,43.123754077777434,-87.92991431934564,42.995583237143,2020-07-17,1,20.0
55079001500,55079005100,-88.01520145334699,43.123754077777434,-87.99757698420609,43.08261869423604,2020-07-17,2,40.0
55079001500,55079004900,-88.01520145334699,43.123754077777434,-87.97231517837423,43.077061406485264,2020-07-17,1,20.0
55079001500,55079009200,-88.01520145334699,43.123754077777434,-87.97560474362125,43.06069020349929,2020-07-17,1,20.0
55079001500,55079017100,-88.01520145334699,43.123754077777434,-87.95808412992528,43.01056521552099,2020-07-17,1,20.0
55079001500,55079012200,-88.01520145334699,43.123754077777434,-87.95271101560115,43.04866661559741,2020-07-17,1,20.0
55079001500,55079001000,-88.01520145334699,43.123754077777434,-87.95348314468296,43.12464896388482,2020-07-17,2,40.0
55079001500,55079009900,-88.01520145334699,43.123754077777434,-87.94630275235495,43.060274421469344,2020-07-17,1,20.0
55079001500,55079003000,-88.01520145334699,43.123754077777434,-87.99619059962126,43.10851035065769,2020-07-17,1,20.0
55079001500,55079008600,-88.01520145334699,43.123754077777434,-87.93517868399437,43.06762170689756,2020-07-17,1,20.0
55079001500,55079008800,-88.01520145334699,43.123754077777434,-87.94617084834631,43.06788862375971,2020-07-17,2,40.0
55079001500,55079009700,-88.01520145334699,43.123754077777434,-87.95262115062044,43.05393954073114,2020-07-17,1,20.0
55079018500,55079020000,-87.91439743752404,42.98441904059949,-87.95273620994368,42.98405311376188,2020-07-17,3,92.0
55079018500,55079100100,-87.91439743752404,42.98441904059949,-87.98598444052216,43.01659648927991,2020-07-17,1,30.0
55079018500,55079011200,-87.91439743752404,42.98441904059949,-87.89756439120579,43.055476240018415,2020-07-17,1,30.0
55079018500,55079018100,-87.91439743752404,42.98441904059949,-87.88469234682039,42.998709042311724,2020-07-17,2,61.0
55079018500,55079018400,-87.91439743752404,42.98441904059949,-87.90417459790928,42.9917062933768,2020-07-17,2,61.0
55079018500,55079160300,-87.91439743752404,42.98441904059949,-87.8893867076047,42.856940087232964,2020-07-17,1,30.0
55079018500,55079004800,-87.91439743752404,42.98441904059949,-87.96231596301399,43.077035360461494,2020-07-17,1,30.0
55079018500,55079021400,-87.91439743752404,42.98441904059949,-87.93891709359613,42.96295890378409,2020-07-17,1,30.0
55079018500,55079120502,-87.91439743752404,42.98441904059949,-87.96510992081555,42.95304728304586,2020-07-17,1,30.0
55079018500,55079180500,-87.91439743752404,42.98441904059949,-87.87471526249948,42.93725893299447,2020-07-17,1,30.0
55079018500,55079000502,-87.91439743752404,42.98441904059949,-88.03128731150349,43.12480634966938,2020-07-17,1,30.0
55079018500,55079160204,-87.91439743752404,42.98441904059949,-87.9317944903397,42.879700165258704,2020-07-17,1,30.0
55079018500,55079160203,-87.91439743752404,42.98441904059949,-87.91638950191752,42.89402789790319,2020-07-17,1,30.0
55079018500,55079020100,-87.91439743752404,42.98441904059949,-87.94099671150566,42.988482506396224,2020-07-17,1,30.0
55079018500,55079018000,-87.91439743752404,42.98441904059949,-87.8945288084346,43.01098558683315,2020-07-17,1,30.0
55079018500,55079150100,-87.91439743752404,42.98441904059949,-87.97759713310646,42.91424119290261,2020-07-17,4,123.0
55079018500,55079021600,-87.91439743752404,42.98441904059949,-87.92488475274558,42.952251222261935,2020-07-17,3,92.0
55079018500,55079016100,-87.91439743752404,42.98441904059949,-87.95946595975387,43.016089910899275,2020-07-17,1,30.0
55079018500,55079020700,-87.91439743752404,42.98441904059949,-87.89282968229121,42.980391637955094,2020-07-17,4,123.0
55079018500,55079020900,-87.91439743752404,42.98441904059949,-87.90186271433869,42.97013349358029,2020-07-17,1,30.0
55079018500,55079018500,-87.91439743752404,42.98441904059949,-87.91439743752404,42.98441904059949,2020-07-17,52,1600.0
55079018500,55079016000,-87.91439743752404,42.98441904059949,-87.95725941865898,43.02137414837421,2020-07-17,3,92.0
55079018500,55079017600,-87.91439743752404,42.98441904059949,-87.92236059293215,43.00280872383964,2020-07-17,1,30.0
55079018500,55079020600,-87.91439743752404,42.98441904059949,-87.90444286867323,42.9810337820488,2020-07-17,2,61.0
55079018500,55079170600,-87.91439743752404,42.98441904059949,-87.86320935056827,42.907724102777856,2020-07-17,1,30.0
55079018500,55079185200,-87.91439743752404,42.98441904059949,-87.88193798921913,42.967674094622936,2020-07-17,1,30.0
55079019000,55079020000,-87.967877289968,42.995496154489715,-87.95273620994368,42.98405311376188,2020-07-17,11,233.0
55079019000,55079060200,-87.967877289968,42.995496154489715,-87.9245165328896,43.11556508690733,2020-07-17,2,42.0
55079019000,55079004400,-87.967877289968,42.995496154489715,-87.90608569163814,43.089298213737145,2020-07-17,1,21.0
55079019000,55079012800,-87.967877289968,42.995496154489715,-88.03145321223326,43.03059221584991,2020-07-17,2,42.0
55079019000,55079016200,-87.967877289968,42.995496154489715,-87.94745090497267,43.01660575920564,2020-07-17,1,21.0
55079019000,55079019000,-87.967877289968,42.995496154489715,-87.967877289968,42.995496154489715,2020-07-17,196,4165.0
55079019000,55079100100,-87.967877289968,42.995496154489715,-87.98598444052216,43.01659648927991,2020-07-17,1,21.0
55079019000,55079100700,-87.967877289968,42.995496154489715,-88.03788629567484,43.0213025080197,2020-07-17,1,21.0
55079019000,55079000102,-87.967877289968,42.995496154489715,-88.01167859828367,43.164645145767146,2020-07-17,1,21.0
55079019000,55079110100,-87.967877289968,42.995496154489715,-87.9710022364233,43.012448953036525,2020-07-17,19,403.0
55079019000,55079160100,-87.967877289968,42.995496154489715,-87.91471599062149,42.91513941042769,2020-07-17,2,42.0
55079019000,55079090300,-87.967877289968,42.995496154489715,-88.0515779905257,43.06739040507833,2020-07-17,4,85.0
55079019000,55079101600,-87.967877289968,42.995496154489715,-87.98881839806968,43.003113634057684,2020-07-17,1,21.0
55079019000,55079186300,-87.967877289968,42.995496154489715,-87.91799927397663,43.040616743150025,2020-07-17,3,63.0
55079019000,55079021700,-87.967877289968,42.995496154489715,-87.91312462574102,42.94052513723052,2020-07-17,4,85.0
55079019000,55079019100,-87.967877289968,42.995496154489715,-87.96549351619066,42.982165146288615,2020-07-17,4,85.0
55079019000,55079019200,-87.967877289968,42.995496154489715,-87.9858350139744,42.99282711086924,2020-07-17,9,191.0
55079019000,55079120400,-87.967877289968,42.995496154489715,-87.96548496050795,42.96670427425607,2020-07-17,5,106.0
55079019000,55079120203,-87.967877289968,42.995496154489715,-88.00776394431053,42.95694649923871,2020-07-17,8,170.0
55079019000,55079018400,-87.967877289968,42.995496154489715,-87.90417459790928,42.9917062933768,2020-07-17,1,21.0
55079019000,55079160300,-87.967877289968,42.995496154489715,-87.8893867076047,42.856940087232964,2020-07-17,2,42.0
55079019000,55079017300,-87.967877289968,42.995496154489715,-87.94877202549131,43.0036525046766,2020-07-17,1,21.0
55079019000,55079004800,-87.967877289968,42.995496154489715,-87.96231596301399,43.077035360461494,2020-07-17,1,21.0
55079019000,55079185900,-87.967877289968,42.995496154489715,-87.93229166080955,43.05383765471328,2020-07-17,1,21.0
55079019000,55079090600,-87.967877289968,42.995496154489715,-88.05435154566402,43.03795832032663,2020-07-17,1,21.0
55079019000,55079080300,-87.967877289968,42.995496154489715,-87.87475616434764,43.089996653126924,2020-07-17,2,42.0
55079019000,55079185300,-87.967877289968,42.995496154489715,-88.04265402690729,43.049880154873065,2020-07-17,1,21.0
55079019000,55079120502,-87.967877289968,42.995496154489715,-87.96510992081555,42.95304728304586,2020-07-17,2,42.0
55079019000,55079187400,-87.967877289968,42.995496154489715,-87.90767949876499,43.03217517915639,2020-07-17,3,63.0
55079019000,55079000502,-87.967877289968,42.995496154489715,-88.03128731150349,43.12480634966938,2020-07-17,1,21.0
55079019000,55079021000,-87.967877289968,42.995496154489715,-87.89993467732904,42.962739149255064,2020-07-17,1,21.0
55079019000,55079160204,-87.967877289968,42.995496154489715,-87.9317944903397,42.879700165258704,2020-07-17,3,63.0
55079019000,55079186800,-87.967877289968,42.995496154489715,-87.9506670108877,43.02815858561159,2020-07-17,6,127.0
55079019000,55079187200,-87.967877289968,42.995496154489715,-88.00769048889484,42.863813659193866,2020-07-17,4,85.0
55079019000,55079160203,-87.967877289968,42.995496154489715,-87.91638950191752,42.89402789790319,2020-07-17,2,42.0
55079019000,55079091200,-87.967877289968,42.995496154489715,-88.00388284004167,43.0467075980639,2020-07-17,2,42.0
55079019000,55079018900,-87.967877289968,42.995496154489715,-87.95323213052187,42.995654122863776,2020-07-17,1,21.0
55079019000,55079020100,-87.967877289968,42.995496154489715,-87.94099671150566,42.988482506396224,2020-07-17,6,127.0
55079019000,55079180400,-87.967877289968,42.995496154489715,-87.85633588550823,42.93709205888796,2020-07-17,1,21.0
55079019000,55079005000,-87.967877289968,42.995496154489715,-87.98327608357046,43.07665137069942,2020-07-17,1,21.0
55079019000,55079100900,-87.967877289968,42.995496154489715,-88.05216898532913,43.00959788353506,2020-07-17,2,42.0
55079019000,55079101100,-87.967877289968,42.995496154489715,-88.04276904850849,42.99420752845147,2020-07-17,2,42.0
55079019000,55079140100,-87.967877289968,42.995496154489715,-88.0188613886232,42.93745223479677,2020-07-17,2,42.0
55079019000,55079140201,-87.967877289968,42.995496154489715,-87.99911426080601,42.93902100763907,2020-07-17,1,21.0
55079019000,55079001600,-87.967877289968,42.995496154489715,-88.01599665750028,43.11588641903863,2020-07-17,1,21.0
55079019000,55079016800,-87.967877289968,42.995496154489715,-87.92935001478907,43.01036042537408,2020-07-17,2,42.0
55079019000,55079120101,-87.967877289968,42.995496154489715,-88.04814010007517,42.95916305909443,2020-07-17,6,127.0
55079019000,55079100400,-87.967877289968,42.995496154489715,-88.01166560297426,43.0170103539625,2020-07-17,5,106.0
55079019000,55079018000,-87.967877289968,42.995496154489715,-87.8945288084346,43.01098558683315,2020-07-17,1,21.0
55079019000,55079150100,-87.967877289968,42.995496154489715,-87.97759713310646,42.91424119290261,2020-07-17,4,85.0
55079019000,55079021600,-87.967877289968,42.995496154489715,-87.92488475274558,42.952251222261935,2020-07-17,6,127.0
55079019000,55079016100,-87.967877289968,42.995496154489715,-87.95946595975387,43.016089910899275,2020-07-17,1,21.0
55079019000,55079021300,-87.967877289968,42.995496154489715,-87.93877469638159,42.970224160413096,2020-07-17,1,21.0
55079019000,55079016600,-87.967877289968,42.995496154489715,-87.9139279223807,43.010028166006215,2020-07-17,1,21.0
55079019000,55079120102,-87.967877289968,42.995496154489715,-88.04966546230908,42.97409794368699,2020-07-17,3,63.0
55079019000,55079130100,-87.967877289968,42.995496154489715,-88.04407902007586,42.942752065148895,2020-07-17,2,42.0
55079019000,55079019600,-87.967877289968,42.995496154489715,-88.00769668957767,42.984657216409644,2020-07-17,2,42.0
55079019000,55079101800,-87.967877289968,42.995496154489715,-88.00969812606968,42.99373426381014,2020-07-17,1,21.0
55079019000,55079150301,-87.967877289968,42.995496154489715,-88.05345903025625,42.89781994777656,2020-07-17,5,106.0
55079019000,55079120201,-87.967877289968,42.995496154489715,-88.01868214174351,42.96737507435749,2020-07-17,3,63.0
55079019000,55079050102,-87.967877289968,42.995496154489715,-87.96743569232115,43.172443064752215,2020-07-17,1,21.0
55079019000,55079180300,-87.967877289968,42.995496154489715,-87.87005593266791,42.951885652862586,2020-07-17,2,42.0
55079019000,55079015800,-87.967877289968,42.995496154489715,-87.93761636287321,43.021659379009066,2020-07-17,1,21.0
55079019000,55079019500,-87.967877289968,42.995496154489715,-88.02769031152603,42.97732706705707,2020-07-17,2,42.0
55079019000,55079185100,-87.967877289968,42.995496154489715,-87.86132764015301,42.9760744263621,2020-07-17,2,42.0
55079019000,55079006300,-87.967877289968,42.995496154489715,-87.95229119818997,43.07635281761954,2020-07-17,1,21.0
55079019000,55079080200,-87.967877289968,42.995496154489715,-87.8877423232882,43.0942616397457,2020-07-17,2,42.0
55079019000,55079019900,-87.967877289968,42.995496154489715,-87.98235255712866,42.973172118392476,2020-07-17,1,21.0
55079019000,55079101700,-87.967877289968,42.995496154489715,-88.00697190300957,43.00173437379505,2020-07-17,1,21.0
55079019000,55079020400,-87.967877289968,42.995496154489715,-87.9300852632457,42.98834002972675,2020-07-17,1,21.0
55079019000,55079100200,-87.967877289968,42.995496154489715,-87.99137992566246,43.01460892403096,2020-07-17,2,42.0
55079019000,55079012600,-87.967877289968,42.995496154489715,-87.99443577770006,43.034032251200934,2020-07-17,1,21.0
55079019000,55079006600,-87.967877289968,42.995496154489715,-87.93135214789555,43.075399167305534,2020-07-17,1,21.0
55079019000,55079007600,-87.967877289968,42.995496154489715,-87.87859580944733,43.06399812725538,2020-07-17,1,21.0
55079019000,55079000900,-87.967877289968,42.995496154489715,-87.95566887882444,43.14970170326806,2020-07-17,1,21.0
55079019000,55079001700,-87.967877289968,42.995496154489715,-88.01621221830194,43.10855887721336,2020-07-17,1,21.0
55079019000,55079020300,-87.967877289968,42.995496154489715,-87.92658964497383,42.979242665655576,2020-07-17,1,21.0
55079019000,55079016700,-87.967877289968,42.995496154489715,-87.92209519609614,43.010301162214034,2020-07-17,2,42.0
55079019000,55079017400,-87.967877289968,42.995496154489715,-87.9382983850757,43.00476614107047,2020-07-17,1,21.0
55079019000,55079018800,-87.967877289968,42.995496154489715,-87.94058386370827,42.99929639057026,2020-07-17,1,21.0
55079019000,55079004200,-87.967877289968,42.995496154489715,-87.94544782159862,43.09516547779425,2020-07-17,1,21.0
55079019000,55079186600,-87.967877289968,42.995496154489715,-87.91355022125023,43.001384465822476,2020-07-17,1,21.0
55079019000,55079120202,-87.967877289968,42.995496154489715,-87.99868084532402,42.965848843600455,2020-07-17,3,63.0
55079019000,55079011000,-87.967877289968,42.995496154489715,-87.89727240641399,43.050053518943756,2020-07-17,1,21.0
55079019000,55079080400,-87.967877289968,42.995496154489715,-87.88848724040903,43.08594082590386,2020-07-17,1,21.0
55079019000,55079018200,-87.967877289968,42.995496154489715,-87.87369831321716,42.99249911585218,2020-07-17,3,63.0
55079019000,55079018500,-87.967877289968,42.995496154489715,-87.91439743752404,42.98441904059949,2020-07-17,2,42.0
55079019000,55079020500,-87.967877289968,42.995496154489715,-87.92272370744391,42.988321496925906,2020-07-17,2,42.0
55079019000,55079020200,-87.967877289968,42.995496154489715,-87.94112496275925,42.977527635995024,2020-07-17,3,63.0
55079019000,55079019700,-87.967877289968,42.995496154489715,-88.00741820523533,42.97570820507905,2020-07-17,2,42.0
55079019000,55079019800,-87.967877289968,42.995496154489715,-87.98973307517815,42.982078809345225,2020-07-17,2,42.0
55079019000,55079016500,-87.967877289968,42.995496154489715,-87.91153110922029,43.01579142211555,2020-07-17,2,42.0
55079019000,55079014300,-87.967877289968,42.995496154489715,-87.90101539256612,43.042731429373134,2020-07-17,1,21.0
55079019000,55079019300,-87.967877289968,42.995496154489715,-87.99612754588766,42.99498021323571,2020-07-17,4,85.0
55079019000,55079020600,-87.967877289968,42.995496154489715,-87.90444286867323,42.9810337820488,2020-07-17,1,21.0
55079019000,55079101300,-87.967877289968,42.995496154489715,-88.02770018483265,42.99907770295741,2020-07-17,1,21.0
55079019000,55079011100,-87.967877289968,42.995496154489715,-87.90155963599153,43.04933924860895,2020-07-17,2,42.0
55079019000,55079170100,-87.967877289968,42.995496154489715,-87.84892368656588,42.919583500675934,2020-07-17,2,42.0
55079019000,55079013400,-87.967877289968,42.995496154489715,-87.95356038604784,43.03496530197635,2020-07-17,3,63.0
55079019000,55079100300,-87.967877289968,42.995496154489715,-88.00316709835943,43.017354422985534,2020-07-17,1,21.0
55079019000,55079021800,-87.967877289968,42.995496154489715,-87.95694377227925,42.94079756603018,2020-07-17,2,42.0
55079019000,55079007400,-87.967877289968,42.995496154489715,-87.87216855868374,43.078043126250115,2020-07-17,1,21.0
55079019000,55079000301,-87.967877289968,42.995496154489715,-88.06021668804352,43.1363311013577,2020-07-17,1,21.0
55079019000,55079017100,-87.967877289968,42.995496154489715,-87.95808412992528,43.01056521552099,2020-07-17,3,63.0
55079019000,55079120300,-87.967877289968,42.995496154489715,-87.97376432533524,42.98091406493879,2020-07-17,3,63.0
55079019000,55079009900,-87.967877289968,42.995496154489715,-87.94630275235495,43.060274421469344,2020-07-17,1,21.0
55079019000,55079170400,-87.967877289968,42.995496154489715,-87.8734267877277,42.89848248246609,2020-07-17,3,63.0
55079019000,55079090800,-87.967877289968,42.995496154489715,-88.01754834659646,43.063072316879136,2020-07-17,1,21.0
55079019000,55079013000,-87.967877289968,42.995496154489715,-87.9876687698922,43.02770173765977,2020-07-17,2,42.0
55079019000,55079015900,-87.967877289968,42.995496154489715,-87.9473669417017,43.02159668337006,2020-07-17,1,21.0
55079019200,55079020000,-87.9858350139744,42.99282711086924,-87.95273620994368,42.98405311376188,2020-07-17,3,54.0
55079019200,55079060200,-87.9858350139744,42.99282711086924,-87.9245165328896,43.11556508690733,2020-07-17,5,91.0
55079019200,55079004400,-87.9858350139744,42.99282711086924,-87.90608569163814,43.089298213737145,2020-07-17,2,36.0
55079019200,55079019000,-87.9858350139744,42.99282711086924,-87.967877289968,42.995496154489715,2020-07-17,4,73.0
55079019200,55079011400,-87.9858350139744,42.99282711086924,-87.9106574898586,43.05269479350376,2020-07-17,1,18.0
55079019200,55079110100,-87.9858350139744,42.99282711086924,-87.9710022364233,43.012448953036525,2020-07-17,12,219.0
55079019200,55079101000,-87.9858350139744,42.99282711086924,-88.05764456171738,42.99173938525954,2020-07-17,2,36.0
55079019200,55079021200,-87.9858350139744,42.99282711086924,-87.92101040508955,42.965284697357816,2020-07-17,2,36.0
55079019200,55079018100,-87.9858350139744,42.99282711086924,-87.88469234682039,42.998709042311724,2020-07-17,1,18.0
55079019200,55079160100,-87.9858350139744,42.99282711086924,-87.91471599062149,42.91513941042769,2020-07-17,1,18.0
55079019200,55079050101,-87.9858350139744,42.99282711086924,-87.98494662348081,43.17683059907653,2020-07-17,2,36.0
55079019200,55079090300,-87.9858350139744,42.99282711086924,-88.0515779905257,43.06739040507833,2020-07-17,1,18.0
55079019200,55079101600,-87.9858350139744,42.99282711086924,-87.98881839806968,43.003113634057684,2020-07-17,2,36.0
55079019200,55079186300,-87.9858350139744,42.99282711086924,-87.91799927397663,43.040616743150025,2020-07-17,1,18.0
55079019200,55079021700,-87.9858350139744,42.99282711086924,-87.91312462574102,42.94052513723052,2020-07-17,2,36.0
55079019200,55079120501,-87.9858350139744,42.99282711086924,-87.96680035551529,42.94072396992586,2020-07-17,2,36.0
55079019200,55079019100,-87.9858350139744,42.99282711086924,-87.96549351619066,42.982165146288615,2020-07-17,1,18.0
55079019200,55079019200,-87.9858350139744,42.99282711086924,-87.9858350139744,42.99282711086924,2020-07-17,137,2502.0
55079019200,55079070300,-87.9858350139744,42.99282711086924,-87.90380003116019,43.10631443965618,2020-07-17,2,36.0
55079019200,55079090200,-87.9858350139744,42.99282711086924,-88.05200796218348,43.081902180003375,2020-07-17,1,18.0
55079019200,55079120400,-87.9858350139744,42.99282711086924,-87.96548496050795,42.96670427425607,2020-07-17,1,18.0
55079019200,55079120203,-87.9858350139744,42.99282711086924,-88.00776394431053,42.95694649923871,2020-07-17,5,91.0
55079019200,55079160300,-87.9858350139744,42.99282711086924,-87.8893867076047,42.856940087232964,2020-07-17,1,18.0
55079019200,55079187300,-87.9858350139744,42.99282711086924,-87.9656302556773,42.887159701718595,2020-07-17,1,18.0
55079019200,55079000501,-87.9858350139744,42.99282711086924,-88.04340002069712,43.115390222488664,2020-07-17,1,18.0
55079019200,55079021400,-87.9858350139744,42.99282711086924,-87.93891709359613,42.96295890378409,2020-07-17,1,18.0
55079019200,55079090600,-87.9858350139744,42.99282711086924,-88.05435154566402,43.03795832032663,2020-07-17,2,36.0
55079019200,55079185300,-87.9858350139744,42.99282711086924,-88.04265402690729,43.049880154873065,2020-07-17,2,36.0
55079019200,55079120502,-87.9858350139744,42.99282711086924,-87.96510992081555,42.95304728304586,2020-07-17,2,36.0
55079019200,55079187400,-87.9858350139744,42.99282711086924,-87.90767949876499,43.03217517915639,2020-07-17,1,18.0
55079019200,55079180500,-87.9858350139744,42.99282711086924,-87.87471526249948,42.93725893299447,2020-07-17,1,18.0
55079019200,55079004000,-87.9858350139744,42.99282711086924,-87.97205846198321,43.09342306765945,2020-07-17,1,18.0
55079019200,55079091200,-87.9858350139744,42.99282711086924,-88.00388284004167,43.0467075980639,2020-07-17,2,36.0
55079019200,55079020100,-87.9858350139744,42.99282711086924,-87.94099671150566,42.988482506396224,2020-07-17,9,164.0
55079019200,55079100900,-87.9858350139744,42.99282711086924,-88.05216898532913,43.00959788353506,2020-07-17,2,36.0
55079019200,55079101100,-87.9858350139744,42.99282711086924,-88.04276904850849,42.99420752845147,2020-07-17,1,18.0
55079019200,55079140100,-87.9858350139744,42.99282711086924,-88.0188613886232,42.93745223479677,2020-07-17,1,18.0
55079019200,55079140201,-87.9858350139744,42.99282711086924,-87.99911426080601,42.93902100763907,2020-07-17,6,109.0
55079019200,55079016800,-87.9858350139744,42.99282711086924,-87.92935001478907,43.01036042537408,2020-07-17,1,18.0
55079019200,55079120101,-87.9858350139744,42.99282711086924,-88.04814010007517,42.95916305909443,2020-07-17,6,109.0
55079019200,55079035100,-87.9858350139744,42.99282711086924,-87.89285549776399,43.15380150659221,2020-07-17,1,18.0
55079019200,55079014400,-87.9858350139744,42.99282711086924,-87.90784049253895,43.042413401572134,2020-07-17,1,18.0
55079019200,55079100400,-87.9858350139744,42.99282711086924,-88.01166560297426,43.0170103539625,2020-07-17,1,18.0
55079019200,55079170700,-87.9858350139744,42.99282711086924,-87.84797376219025,42.90256149755693,2020-07-17,1,18.0
55079019200,55079018000,-87.9858350139744,42.99282711086924,-87.8945288084346,43.01098558683315,2020-07-17,1,18.0
55079019200,55079070200,-87.9858350139744,42.99282711086924,-87.8919112738197,43.1133970416122,2020-07-17,1,18.0
55079019200,55079150100,-87.9858350139744,42.99282711086924,-87.97759713310646,42.91424119290261,2020-07-17,3,54.0
55079019200,55079021600,-87.9858350139744,42.99282711086924,-87.92488475274558,42.952251222261935,2020-07-17,1,18.0
55079019200,55079005500,-87.9858350139744,42.99282711086924,-88.03284541742188,43.08237006688624,2020-07-17,1,18.0
55079019200,55079002900,-87.9858350139744,42.99282711086924,-87.98131890013833,43.108341188298006,2020-07-17,1,18.0
55079019200,55079120102,-87.9858350139744,42.99282711086924,-88.04966546230908,42.97409794368699,2020-07-17,1,18.0
55079019200,55079130100,-87.9858350139744,42.99282711086924,-88.04407902007586,42.942752065148895,2020-07-17,1,18.0
55079019200,55079019600,-87.9858350139744,42.99282711086924,-88.00769668957767,42.984657216409644,2020-07-17,7,127.0
55079019200,55079101800,-87.9858350139744,42.99282711086924,-88.00969812606968,42.99373426381014,2020-07-17,4,73.0
55079019200,55079150301,-87.9858350139744,42.99282711086924,-88.05345903025625,42.89781994777656,2020-07-17,3,54.0
55079019200,55079100800,-87.9858350139744,42.99282711086924,-88.05710943935104,43.023654444193184,2020-07-17,1,18.0
55079019200,55079050102,-87.9858350139744,42.99282711086924,-87.96743569232115,43.172443064752215,2020-07-17,2,36.0
55079019200,55079180300,-87.9858350139744,42.99282711086924,-87.87005593266791,42.951885652862586,2020-07-17,1,18.0
55079019200,55079019500,-87.9858350139744,42.99282711086924,-88.02769031152603,42.97732706705707,2020-07-17,2,36.0
55079019200,55079020700,-87.9858350139744,42.99282711086924,-87.89282968229121,42.980391637955094,2020-07-17,1,18.0
55079019200,55079019900,-87.9858350139744,42.99282711086924,-87.98235255712866,42.973172118392476,2020-07-17,3,54.0
55079019200,55079101500,-87.9858350139744,42.99282711086924,-88.00747595996755,43.007126720391405,2020-07-17,3,54.0
55079019200,55079020400,-87.9858350139744,42.99282711086924,-87.9300852632457,42.98834002972675,2020-07-17,2,36.0
55079019200,55079100200,-87.9858350139744,42.99282711086924,-87.99137992566246,43.01460892403096,2020-07-17,2,36.0
55079019200,55079000900,-87.9858350139744,42.99282711086924,-87.95566887882444,43.14970170326806,2020-07-17,1,18.0
55079019200,55079001300,-87.9858350139744,42.99282711086924,-87.99843350448002,43.126783535933505,2020-07-17,1,18.0
55079019200,55079020300,-87.9858350139744,42.99282711086924,-87.92658964497383,42.979242665655576,2020-07-17,1,18.0
55079019200,55079020900,-87.9858350139744,42.99282711086924,-87.90186271433869,42.97013349358029,2020-07-17,1,18.0
55079019200,55079017400,-87.9858350139744,42.99282711086924,-87.9382983850757,43.00476614107047,2020-07-17,1,18.0
55079019200,55079186600,-87.9858350139744,42.99282711086924,-87.91355022125023,43.001384465822476,2020-07-17,1,18.0
55079019200,55079120202,-87.9858350139744,42.99282711086924,-87.99868084532402,42.965848843600455,2020-07-17,1,18.0
55079019200,55079018500,-87.9858350139744,42.99282711086924,-87.91439743752404,42.98441904059949,2020-07-17,1,18.0
55079019200,55079020500,-87.9858350139744,42.99282711086924,-87.92272370744391,42.988321496925906,2020-07-17,2,36.0
55079019200,55079019800,-87.9858350139744,42.99282711086924,-87.98973307517815,42.982078809345225,2020-07-17,12,219.0
55079019200,55079013700,-87.9858350139744,42.99282711086924,-87.94529508707278,43.04229912697773,2020-07-17,1,18.0
55079019200,55079019300,-87.9858350139744,42.99282711086924,-87.99612754588766,42.99498021323571,2020-07-17,5,91.0
55079019200,55079170100,-87.9858350139744,42.99282711086924,-87.84892368656588,42.919583500675934,2020-07-17,2,36.0
55079019200,55079101200,-87.9858350139744,42.99282711086924,-88.02772831407549,42.99180235090393,2020-07-17,2,36.0
55079019200,55079185600,-87.9858350139744,42.99282711086924,-87.91469071944607,43.06026722158336,2020-07-17,1,18.0
55079019200,55079009200,-87.9858350139744,42.99282711086924,-87.97560474362125,43.06069020349929,2020-07-17,1,18.0
55079019200,55079186100,-87.9858350139744,42.99282711086924,-87.94279275484007,43.048652729679134,2020-07-17,1,18.0
55079019200,55079012900,-87.9858350139744,42.99282711086924,-87.99989477924994,43.028140622580246,2020-07-17,1,18.0
55079019200,55079120300,-87.9858350139744,42.99282711086924,-87.97376432533524,42.98091406493879,2020-07-17,1,18.0
55079019200,55079021100,-87.9858350139744,42.99282711086924,-87.91444199314573,42.970152010378044,2020-07-17,1,18.0
55079019600,55079020000,-88.00769668957767,42.984657216409644,-87.95273620994368,42.98405311376188,2020-07-17,1,19.0
55079019600,55079002100,-88.00769668957767,42.984657216409644,-87.95315716160212,43.115529640428136,2020-07-17,1,19.0
55079019600,55079002400,-88.00769668957767,42.984657216409644,-87.95188617843814,43.106404380820805,2020-07-17,1,19.0
55079019600,55079004300,-88.00769668957767,42.984657216409644,-87.93220867621264,43.094799127568905,2020-07-17,2,39.0
55079019600,55079012800,-88.00769668957767,42.984657216409644,-88.03145321223326,43.03059221584991,2020-07-17,3,59.0
55079019600,55079019000,-88.00769668957767,42.984657216409644,-87.967877289968,42.995496154489715,2020-07-17,3,59.0
55079019600,55079100100,-88.00769668957767,42.984657216409644,-87.98598444052216,43.01659648927991,2020-07-17,1,19.0
55079019600,55079000202,-88.00769668957767,42.984657216409644,-88.04132965001602,43.160382512849615,2020-07-17,1,19.0
55079019600,55079002300,-88.00769668957767,42.984657216409644,-87.93621856893152,43.105985427841645,2020-07-17,1,19.0
55079019600,55079010800,-88.00769668957767,42.984657216409644,-87.88986181293924,43.05733829509928,2020-07-17,1,19.0
55079019600,55079110100,-88.00769668957767,42.984657216409644,-87.9710022364233,43.012448953036525,2020-07-17,5,98.0
55079019600,55079101000,-88.00769668957767,42.984657216409644,-88.05764456171738,42.99173938525954,2020-07-17,4,78.0
55079019600,55079021200,-88.00769668957767,42.984657216409644,-87.92101040508955,42.965284697357816,2020-07-17,3,59.0
55079019600,55079160100,-88.00769668957767,42.984657216409644,-87.91471599062149,42.91513941042769,2020-07-17,4,78.0
55079019600,55079090300,-88.00769668957767,42.984657216409644,-88.0515779905257,43.06739040507833,2020-07-17,1,19.0
55079019600,55079186300,-88.00769668957767,42.984657216409644,-87.91799927397663,43.040616743150025,2020-07-17,1,19.0
55079019600,55079021700,-88.00769668957767,42.984657216409644,-87.91312462574102,42.94052513723052,2020-07-17,1,19.0
55079019600,55079120501,-88.00769668957767,42.984657216409644,-87.96680035551529,42.94072396992586,2020-07-17,2,39.0
55079019600,55079019200,-88.00769668957767,42.984657216409644,-87.9858350139744,42.99282711086924,2020-07-17,4,78.0
55079019600,55079120400,-88.00769668957767,42.984657216409644,-87.96548496050795,42.96670427425607,2020-07-17,1,19.0
55079019600,55079120203,-88.00769668957767,42.984657216409644,-88.00776394431053,42.95694649923871,2020-07-17,10,197.0
55079019600,55079160300,-88.00769668957767,42.984657216409644,-87.8893867076047,42.856940087232964,2020-07-17,2,39.0
55079019600,55079019400,-88.00769668957767,42.984657216409644,-88.02755647500341,42.984577749923744,2020-07-17,2,39.0
55079019600,55079002700,-88.00769668957767,42.984657216409644,-87.97176690626681,43.100825271475365,2020-07-17,1,19.0
55079019600,55079090600,-88.00769668957767,42.984657216409644,-88.05435154566402,43.03795832032663,2020-07-17,3,59.0
55079019600,55079185300,-88.00769668957767,42.984657216409644,-88.04265402690729,43.049880154873065,2020-07-17,4,78.0
55079019600,55079120502,-88.00769668957767,42.984657216409644,-87.96510992081555,42.95304728304586,2020-07-17,2,39.0
55079019600,55079020800,-88.00769668957767,42.984657216409644,-87.87636299879055,42.985307292991365,2020-07-17,2,39.0
55079019600,55079187400,-88.00769668957767,42.984657216409644,-87.90767949876499,43.03217517915639,2020-07-17,2,39.0
55079019600,55079150304,-88.00769668957767,42.984657216409644,-88.02760163837803,42.91519132559998,2020-07-17,5,98.0
55079019600,55079160204,-88.00769668957767,42.984657216409644,-87.9317944903397,42.879700165258704,2020-07-17,2,39.0
55079019600,55079186800,-88.00769668957767,42.984657216409644,-87.9506670108877,43.02815858561159,2020-07-17,1,19.0
55079019600,55079160203,-88.00769668957767,42.984657216409644,-87.91638950191752,42.89402789790319,2020-07-17,3,59.0
55079019600,55079100500,-88.00769668957767,42.984657216409644,-88.02674691869541,43.01326660162138,2020-07-17,3,59.0
55079019600,55079018900,-88.00769668957767,42.984657216409644,-87.95323213052187,42.995654122863776,2020-07-17,2,39.0
55079019600,55079005000,-88.00769668957767,42.984657216409644,-87.98327608357046,43.07665137069942,2020-07-17,1,19.0
55079019600,55079001400,-88.00769668957767,42.984657216409644,-88.01656972395298,43.130900969315825,2020-07-17,1,19.0
55079019600,55079100900,-88.00769668957767,42.984657216409644,-88.05216898532913,43.00959788353506,2020-07-17,4,78.0
55079019600,55079101100,-88.00769668957767,42.984657216409644,-88.04276904850849,42.99420752845147,2020-07-17,2,39.0
55079019600,55079140100,-88.00769668957767,42.984657216409644,-88.0188613886232,42.93745223479677,2020-07-17,5,98.0
55079019600,55079140201,-88.00769668957767,42.984657216409644,-87.99911426080601,42.93902100763907,2020-07-17,2,39.0
55079019600,55079186500,-88.00769668957767,42.984657216409644,-87.9130303085029,43.02319729476483,2020-07-17,1,19.0
55079019600,55079120101,-88.00769668957767,42.984657216409644,-88.04814010007517,42.95916305909443,2020-07-17,4,78.0
55079019600,55079003600,-88.00769668957767,42.984657216409644,-87.98321131530031,43.092736225323044,2020-07-17,2,39.0
55079019600,55079170700,-88.00769668957767,42.984657216409644,-87.84797376219025,42.90256149755693,2020-07-17,1,19.0
55079019600,55079150100,-88.00769668957767,42.984657216409644,-87.97759713310646,42.91424119290261,2020-07-17,3,59.0
55079019600,55079021600,-88.00769668957767,42.984657216409644,-87.92488475274558,42.952251222261935,2020-07-17,2,39.0
55079019600,55079187000,-88.00769668957767,42.984657216409644,-87.88728455831759,43.05530607398437,2020-07-17,1,19.0
55079019600,55079120102,-88.00769668957767,42.984657216409644,-88.04966546230908,42.97409794368699,2020-07-17,1,19.0
55079019600,55079130100,-88.00769668957767,42.984657216409644,-88.04407902007586,42.942752065148895,2020-07-17,2,39.0
55079019600,55079019600,-88.00769668957767,42.984657216409644,-88.00769668957767,42.984657216409644,2020-07-17,154,3038.0
55079019600,55079101800,-88.00769668957767,42.984657216409644,-88.00969812606968,42.99373426381014,2020-07-17,2,39.0
55079019600,55079120201,-88.00769668957767,42.984657216409644,-88.01868214174351,42.96737507435749,2020-07-17,8,157.0
55079019600,55079019500,-88.00769668957767,42.984657216409644,-88.02769031152603,42.97732706705707,2020-07-17,2,39.0
55079019600,55079019900,-88.00769668957767,42.984657216409644,-87.98235255712866,42.973172118392476,2020-07-17,2,39.0
55079019600,55079101500,-88.00769668957767,42.984657216409644,-88.00747595996755,43.007126720391405,2020-07-17,3,59.0
55079019600,55079101700,-88.00769668957767,42.984657216409644,-88.00697190300957,43.00173437379505,2020-07-17,1,19.0
55079019600,55079000900,-88.00769668957767,42.984657216409644,-87.95566887882444,43.14970170326806,2020-07-17,2,39.0
55079019600,55079020300,-88.00769668957767,42.984657216409644,-87.92658964497383,42.979242665655576,2020-07-17,1,19.0
55079019600,55079017400,-88.00769668957767,42.984657216409644,-87.9382983850757,43.00476614107047,2020-07-17,1,19.0
55079019600,55079120202,-88.00769668957767,42.984657216409644,-87.99868084532402,42.965848843600455,2020-07-17,1,19.0
55079019600,55079000201,-88.00769668957767,42.984657216409644,-88.0472441211064,43.1799495757708,2020-07-17,1,19.0
55079019600,55079018500,-88.00769668957767,42.984657216409644,-87.91439743752404,42.98441904059949,2020-07-17,2,39.0
55079019600,55079021500,-88.00769668957767,42.984657216409644,-87.94398245259515,42.952098604888974,2020-07-17,2,39.0
55079019600,55079020200,-88.00769668957767,42.984657216409644,-87.94112496275925,42.977527635995024,2020-07-17,2,39.0
55079019600,55079019700,-88.00769668957767,42.984657216409644,-88.00741820523533,42.97570820507905,2020-07-17,5,98.0
55079019600,55079019800,-88.00769668957767,42.984657216409644,-87.98973307517815,42.982078809345225,2020-07-17,3,59.0
55079019600,55079001100,-88.00769668957767,42.984657216409644,-87.96901390366762,43.127689901740844,2020-07-17,1,19.0
55079019600,55079090700,-88.00769668957767,42.984657216409644,-88.02545440842808,43.059193901469925,2020-07-17,3,59.0
55079019600,55079101300,-88.00769668957767,42.984657216409644,-88.02770018483265,42.99907770295741,2020-07-17,2,39.0
55079019600,55079004100,-88.00769668957767,42.984657216409644,-87.95681147526382,43.0940907627305,2020-07-17,1,19.0
55079019600,55079170100,-88.00769668957767,42.984657216409644,-87.84892368656588,42.919583500675934,2020-07-17,1,19.0
55079019600,55079101200,-88.00769668957767,42.984657216409644,-88.02772831407549,42.99180235090393,2020-07-17,3,59.0
55079019600,55079185200,-88.00769668957767,42.984657216409644,-87.88193798921913,42.967674094622936,2020-07-17,1,19.0
55079019600,55079009200,-88.00769668957767,42.984657216409644,-87.97560474362125,43.06069020349929,2020-07-17,1,19.0
55079019600,55079003000,-88.00769668957767,42.984657216409644,-87.99619059962126,43.10851035065769,2020-07-17,1,19.0
55079019600,55079185400,-88.00769668957767,42.984657216409644,-87.93768935592728,43.06023552955454,2020-07-17,2,39.0
55079019800,55079020000,-87.98973307517815,42.982078809345225,-87.95273620994368,42.98405311376188,2020-07-17,6,135.0
55079019800,55079060200,-87.98973307517815,42.982078809345225,-87.9245165328896,43.11556508690733,2020-07-17,7,158.0
55079019800,55079015700,-87.98973307517815,42.982078809345225,-87.92777138656925,43.021663598322064,2020-07-17,2,45.0
55079019800,55079100100,-87.98973307517815,42.982078809345225,-87.98598444052216,43.01659648927991,2020-07-17,2,45.0
55079019800,55079100700,-87.98973307517815,42.982078809345225,-88.03788629567484,43.0213025080197,2020-07-17,2,45.0
55079019800,55079000102,-87.98973307517815,42.982078809345225,-88.01167859828367,43.164645145767146,2020-07-17,1,22.0
55079019800,55079010800,-87.98973307517815,42.982078809345225,-87.88986181293924,43.05733829509928,2020-07-17,1,22.0
55079019800,55079110100,-87.98973307517815,42.982078809345225,-87.9710022364233,43.012448953036525,2020-07-17,3,67.0
55079019800,55079101000,-87.98973307517815,42.982078809345225,-88.05764456171738,42.99173938525954,2020-07-17,5,112.0
55079019800,55079021200,-87.98973307517815,42.982078809345225,-87.92101040508955,42.965284697357816,2020-07-17,3,67.0
55079019800,55079160100,-87.98973307517815,42.982078809345225,-87.91471599062149,42.91513941042769,2020-07-17,1,22.0
55079019800,55079000600,-87.98973307517815,42.982078809345225,-88.00190569680801,43.14010292722225,2020-07-17,1,22.0
55079019800,55079050101,-87.98973307517815,42.982078809345225,-87.98494662348081,43.17683059907653,2020-07-17,1,22.0
55079019800,55079090300,-87.98973307517815,42.982078809345225,-88.0515779905257,43.06739040507833,2020-07-17,1,22.0
55079019800,55079120501,-87.98973307517815,42.982078809345225,-87.96680035551529,42.94072396992586,2020-07-17,2,45.0
55079019800,55079019200,-87.98973307517815,42.982078809345225,-87.9858350139744,42.99282711086924,2020-07-17,7,158.0
55079019800,55079090100,-87.98973307517815,42.982078809345225,-88.04837730790923,43.0973204568905,2020-07-17,1,22.0
55079019800,55079090200,-87.98973307517815,42.982078809345225,-88.05200796218348,43.081902180003375,2020-07-17,1,22.0
55079019800,55079090900,-87.98973307517815,42.982078809345225,-88.00270912368009,43.06124682618238,2020-07-17,3,67.0
55079019800,55079120400,-87.98973307517815,42.982078809345225,-87.96548496050795,42.96670427425607,2020-07-17,10,225.0
55079019800,55079120203,-87.98973307517815,42.982078809345225,-88.00776394431053,42.95694649923871,2020-07-17,15,338.0
55079019800,55079170500,-87.98973307517815,42.982078809345225,-87.85764758199707,42.897602993060175,2020-07-17,1,22.0
55079019800,55079160300,-87.98973307517815,42.982078809345225,-87.8893867076047,42.856940087232964,2020-07-17,2,45.0
55079019800,55079187300,-87.98973307517815,42.982078809345225,-87.9656302556773,42.887159701718595,2020-07-17,1,22.0
55079019800,55079019400,-87.98973307517815,42.982078809345225,-88.02755647500341,42.984577749923744,2020-07-17,4,90.0
55079019800,55079000501,-87.98973307517815,42.982078809345225,-88.04340002069712,43.115390222488664,2020-07-17,4,90.0
55079019800,55079003500,-87.98973307517815,42.982078809345225,-87.99830093777771,43.09359369867719,2020-07-17,1,22.0
55079019800,55079004800,-87.98973307517815,42.982078809345225,-87.96231596301399,43.077035360461494,2020-07-17,1,22.0
55079019800,55079021400,-87.98973307517815,42.982078809345225,-87.93891709359613,42.96295890378409,2020-07-17,1,22.0
55079019800,55079090600,-87.98973307517815,42.982078809345225,-88.05435154566402,43.03795832032663,2020-07-17,1,22.0
55079019800,55079187400,-87.98973307517815,42.982078809345225,-87.90767949876499,43.03217517915639,2020-07-17,1,22.0
55079019800,55079150304,-87.98973307517815,42.982078809345225,-88.02760163837803,42.91519132559998,2020-07-17,1,22.0
55079019800,55079000400,-87.98973307517815,42.982078809345225,-88.05554472050937,43.110954423820296,2020-07-17,2,45.0
55079019800,55079006200,-87.98973307517815,42.982078809345225,-87.96097127315564,43.067902782244275,2020-07-17,1,22.0
55079019800,55079021000,-87.98973307517815,42.982078809345225,-87.89993467732904,42.962739149255064,2020-07-17,1,22.0
55079019800,55079160204,-87.98973307517815,42.982078809345225,-87.9317944903397,42.879700165258704,2020-07-17,1,22.0
55079019800,55079186800,-87.98973307517815,42.982078809345225,-87.9506670108877,43.02815858561159,2020-07-17,1,22.0
55079019800,55079160203,-87.98973307517815,42.982078809345225,-87.91638950191752,42.89402789790319,2020-07-17,3,67.0
55079019800,55079170200,-87.98973307517815,42.982078809345225,-87.87263683893734,42.92275381108851,2020-07-17,1,22.0
55079019800,55079091200,-87.98973307517815,42.982078809345225,-88.00388284004167,43.0467075980639,2020-07-17,1,22.0
55079019800,55079100500,-87.98973307517815,42.982078809345225,-88.02674691869541,43.01326660162138,2020-07-17,1,22.0
55079019800,55079100600,-87.98973307517815,42.982078809345225,-88.02237498004419,43.02035162464835,2020-07-17,1,22.0
55079019800,55079018900,-87.98973307517815,42.982078809345225,-87.95323213052187,42.995654122863776,2020-07-17,1,22.0
55079019800,55079180400,-87.98973307517815,42.982078809345225,-87.85633588550823,42.93709205888796,2020-07-17,1,22.0
55079019800,55079100900,-87.98973307517815,42.982078809345225,-88.05216898532913,43.00959788353506,2020-07-17,2,45.0
55079019800,55079101100,-87.98973307517815,42.982078809345225,-88.04276904850849,42.99420752845147,2020-07-17,2,45.0
55079019800,55079140100,-87.98973307517815,42.982078809345225,-88.0188613886232,42.93745223479677,2020-07-17,4,90.0
55079019800,55079140201,-87.98973307517815,42.982078809345225,-87.99911426080601,42.93902100763907,2020-07-17,3,67.0
55079019800,55079017900,-87.98973307517815,42.982078809345225,-87.90503327479618,42.998772533253295,2020-07-17,2,45.0
55079019800,55079007500,-87.98973307517815,42.982078809345225,-87.87772470520909,43.071061371506396,2020-07-17,1,22.0
55079019800,55079016800,-87.98973307517815,42.982078809345225,-87.92935001478907,43.01036042537408,2020-07-17,1,22.0
55079019800,55079120101,-87.98973307517815,42.982078809345225,-88.04814010007517,42.95916305909443,2020-07-17,8,180.0
55079019800,55079101400,-87.98973307517815,42.982078809345225,-88.02735540531337,43.00631524274058,2020-07-17,3,67.0
55079019800,55079003600,-87.98973307517815,42.982078809345225,-87.98321131530031,43.092736225323044,2020-07-17,1,22.0
55079019800,55079100400,-87.98973307517815,42.982078809345225,-88.01166560297426,43.0170103539625,2020-07-17,1,22.0
55079019800,55079018000,-87.98973307517815,42.982078809345225,-87.8945288084346,43.01098558683315,2020-07-17,4,90.0
55079019800,55079150100,-87.98973307517815,42.982078809345225,-87.97759713310646,42.91424119290261,2020-07-17,1,22.0
55079019800,55079021600,-87.98973307517815,42.982078809345225,-87.92488475274558,42.952251222261935,2020-07-17,3,67.0
55079019800,55079021300,-87.98973307517815,42.982078809345225,-87.93877469638159,42.970224160413096,2020-07-17,2,45.0
55079019800,55079120102,-87.98973307517815,42.982078809345225,-88.04966546230908,42.97409794368699,2020-07-17,5,112.0
55079019800,55079130100,-87.98973307517815,42.982078809345225,-88.04407902007586,42.942752065148895,2020-07-17,5,112.0
55079019800,55079014100,-87.98973307517815,42.982078809345225,-87.92097269793881,43.04863570292668,2020-07-17,2,45.0
55079019800,55079019600,-87.98973307517815,42.982078809345225,-88.00769668957767,42.984657216409644,2020-07-17,8,180.0
55079019800,55079101800,-87.98973307517815,42.982078809345225,-88.00969812606968,42.99373426381014,2020-07-17,2,45.0
55079019800,55079150301,-87.98973307517815,42.982078809345225,-88.05345903025625,42.89781994777656,2020-07-17,2,45.0
55079019800,55079120201,-87.98973307517815,42.982078809345225,-88.01868214174351,42.96737507435749,2020-07-17,5,112.0
55079019800,55079050102,-87.98973307517815,42.982078809345225,-87.96743569232115,43.172443064752215,2020-07-17,1,22.0
55079019800,55079180300,-87.98973307517815,42.982078809345225,-87.87005593266791,42.951885652862586,2020-07-17,5,112.0
55079019800,55079019500,-87.98973307517815,42.982078809345225,-88.02769031152603,42.97732706705707,2020-07-17,2,45.0
55079019800,55079006300,-87.98973307517815,42.982078809345225,-87.95229119818997,43.07635281761954,2020-07-17,1,22.0
55079019800,55079007300,-87.98973307517815,42.982078809345225,-87.88807891595606,43.0779148594549,2020-07-17,2,45.0
55079019800,55079185700,-87.98973307517815,42.982078809345225,-87.91471207902771,43.06752585199898,2020-07-17,2,45.0
55079019800,55079019900,-87.98973307517815,42.982078809345225,-87.98235255712866,42.973172118392476,2020-07-17,5,112.0
55079019800,55079101700,-87.98973307517815,42.982078809345225,-88.00697190300957,43.00173437379505,2020-07-17,1,22.0
55079019800,55079020400,-87.98973307517815,42.982078809345225,-87.9300852632457,42.98834002972675,2020-07-17,1,22.0
55079019800,55079100200,-87.98973307517815,42.982078809345225,-87.99137992566246,43.01460892403096,2020-07-17,3,67.0
55079019800,55079017500,-87.98973307517815,42.982078809345225,-87.92965116916102,43.00287441605045,2020-07-17,1,22.0
55079019800,55079005900,-87.98973307517815,42.982078809345225,-87.98523579862835,43.06821108392844,2020-07-17,1,22.0
55079019800,55079006600,-87.98973307517815,42.982078809345225,-87.93135214789555,43.075399167305534,2020-07-17,1,22.0
55079019800,55079007600,-87.98973307517815,42.982078809345225,-87.87859580944733,43.06399812725538,2020-07-17,1,22.0
55079019800,55079020300,-87.98973307517815,42.982078809345225,-87.92658964497383,42.979242665655576,2020-07-17,1,22.0
55079019800,55079004200,-87.98973307517815,42.982078809345225,-87.94544782159862,43.09516547779425,2020-07-17,1,22.0
55079019800,55079120202,-87.98973307517815,42.982078809345225,-87.99868084532402,42.965848843600455,2020-07-17,4,90.0
55079019800,55079001500,-87.98973307517815,42.982078809345225,-88.01520145334699,43.123754077777434,2020-07-17,1,22.0
55079019800,55079080400,-87.98973307517815,42.982078809345225,-87.88848724040903,43.08594082590386,2020-07-17,1,22.0
55079019800,55079018200,-87.98973307517815,42.982078809345225,-87.87369831321716,42.99249911585218,2020-07-17,2,45.0
55079019800,55079007800,-87.98973307517815,42.982078809345225,-87.88801504624632,43.07075279367613,2020-07-17,1,22.0
55079019800,55079004700,-87.98973307517815,42.982078809345225,-87.94760565609727,43.08576787197636,2020-07-17,1,22.0
55079019800,55079018500,-87.98973307517815,42.982078809345225,-87.91439743752404,42.98441904059949,2020-07-17,1,22.0
55079019800,55079020500,-87.98973307517815,42.982078809345225,-87.92272370744391,42.988321496925906,2020-07-17,1,22.0
55079019800,55079020200,-87.98973307517815,42.982078809345225,-87.94112496275925,42.977527635995024,2020-07-17,1,22.0
55079019800,55079018600,-87.98973307517815,42.982078809345225,-87.92255649026754,42.995575414800356,2020-07-17,2,45.0
55079019800,55079016000,-87.98973307517815,42.982078809345225,-87.95725941865898,43.02137414837421,2020-07-17,1,22.0
55079019800,55079150303,-87.98973307517815,42.982078809345225,-88.02312771344377,42.88960646488504,2020-07-17,1,22.0
55079019800,55079019700,-87.98973307517815,42.982078809345225,-88.00741820523533,42.97570820507905,2020-07-17,3,67.0
55079019800,55079019800,-87.98973307517815,42.982078809345225,-87.98973307517815,42.982078809345225,2020-07-17,223,5033.0
55079019800,55079013700,-87.98973307517815,42.982078809345225,-87.94529508707278,43.04229912697773,2020-07-17,1,22.0
55079019800,55079001900,-87.98973307517815,42.982078809345225,-87.98367415791445,43.115686316787006,2020-07-17,1,22.0
55079019800,55079018300,-87.98973307517815,42.982078809345225,-87.89285805580873,42.991354183119796,2020-07-17,2,45.0
55079019800,55079186400,-87.98973307517815,42.982078809345225,-87.93038892981184,43.03695266796131,2020-07-17,1,22.0
55079019800,55079014300,-87.98973307517815,42.982078809345225,-87.90101539256612,43.042731429373134,2020-07-17,1,22.0
55079019800,55079019300,-87.98973307517815,42.982078809345225,-87.99612754588766,42.99498021323571,2020-07-17,2,45.0
55079019800,55079020600,-87.98973307517815,42.982078809345225,-87.90444286867323,42.9810337820488,2020-07-17,1,22.0
55079019800,55079101300,-87.98973307517815,42.982078809345225,-88.02770018483265,42.99907770295741,2020-07-17,3,67.0
55079019800,55079013400,-87.98973307517815,42.982078809345225,-87.95356038604784,43.03496530197635,2020-07-17,1,22.0
55079019800,55079091000,-87.98973307517815,42.982078809345225,-87.99705672432205,43.06433297165757,2020-07-17,1,22.0
55079019800,55079101200,-87.98973307517815,42.982078809345225,-88.02772831407549,42.99180235090393,2020-07-17,1,22.0
55079019800,55079005100,-87.98973307517815,42.982078809345225,-87.99757698420609,43.08261869423604,2020-07-17,1,22.0
55079019800,55079185200,-87.98973307517815,42.982078809345225,-87.88193798921913,42.967674094622936,2020-07-17,2,45.0
55079019800,55079012900,-87.98973307517815,42.982078809345225,-87.99989477924994,43.028140622580246,2020-07-17,1,22.0
55079019800,55079017100,-87.98973307517815,42.982078809345225,-87.95808412992528,43.01056521552099,2020-07-17,2,45.0
55079019800,55079006100,-87.98973307517815,42.982078809345225,-87.96847508739953,43.06791249267312,2020-07-17,1,22.0
55079019800,55079001000,-87.98973307517815,42.982078809345225,-87.95348314468296,43.12464896388482,2020-07-17,1,22.0
55079019800,55079120300,-87.98973307517815,42.982078809345225,-87.97376432533524,42.98091406493879,2020-07-17,2,45.0
55079019800,55079009300,-87.98973307517815,42.982078809345225,-87.98314520393755,43.060746025032145,2020-07-17,1,22.0
55079019800,55079017000,-87.98973307517815,42.982078809345225,-87.9475259715867,43.01041841584858,2020-07-17,1,22.0
55079019800,55079015900,-87.98973307517815,42.982078809345225,-87.9473669417017,43.02159668337006,2020-07-17,1,22.0
55079090900,55079020000,-88.00270912368009,43.06124682618238,-87.95273620994368,42.98405311376188,2020-07-17,1,30.0
55079090900,55079002100,-88.00270912368009,43.06124682618238,-87.95315716160212,43.115529640428136,2020-07-17,1,30.0
55079090900,55079004300,-88.00270912368009,43.06124682618238,-87.93220867621264,43.094799127568905,2020-07-17,1,30.0
55079090900,55079100700,-88.00270912368009,43.06124682618238,-88.03788629567484,43.0213025080197,2020-07-17,1,30.0
55079090900,55079091300,-88.00270912368009,43.06124682618238,-88.0097444924032,43.037871666045895,2020-07-17,4,122.0
55079090900,55079000102,-88.00270912368009,43.06124682618238,-88.01167859828367,43.164645145767146,2020-07-17,3,91.0
55079090900,55079000202,-88.00270912368009,43.06124682618238,-88.04132965001602,43.160382512849615,2020-07-17,1,30.0
55079090900,55079110100,-88.00270912368009,43.06124682618238,-87.9710022364233,43.012448953036525,2020-07-17,1,30.0
55079090900,55079000600,-88.00270912368009,43.06124682618238,-88.00190569680801,43.14010292722225,2020-07-17,1,30.0
55079090900,55079050101,-88.00270912368009,43.06124682618238,-87.98494662348081,43.17683059907653,2020-07-17,2,61.0
55079090900,55079090300,-88.00270912368009,43.06124682618238,-88.0515779905257,43.06739040507833,2020-07-17,5,153.0
55079090900,55079186300,-88.00270912368009,43.06124682618238,-87.91799927397663,43.040616743150025,2020-07-17,2,61.0
55079090900,55079019100,-88.00270912368009,43.06124682618238,-87.96549351619066,42.982165146288615,2020-07-17,1,30.0
55079090900,55079090100,-88.00270912368009,43.06124682618238,-88.04837730790923,43.0973204568905,2020-07-17,2,61.0
55079090900,55079090200,-88.00270912368009,43.06124682618238,-88.05200796218348,43.081902180003375,2020-07-17,2,61.0
55079090900,55079090900,-88.00270912368009,43.06124682618238,-88.00270912368009,43.06124682618238,2020-07-17,110,3372.0
55079090900,55079120203,-88.00270912368009,43.06124682618238,-88.00776394431053,42.95694649923871,2020-07-17,1,30.0
55079090900,55079003500,-88.00270912368009,43.06124682618238,-87.99830093777771,43.09359369867719,2020-07-17,1,30.0
55079090900,55079004800,-88.00270912368009,43.06124682618238,-87.96231596301399,43.077035360461494,2020-07-17,1,30.0
55079090900,55079009500,-88.00270912368009,43.06124682618238,-87.97530476217976,43.0530114064315,2020-07-17,1,30.0
55079090900,55079005300,-88.00270912368009,43.06124682618238,-88.01242727702714,43.07892288175221,2020-07-17,1,30.0
55079090900,55079090600,-88.00270912368009,43.06124682618238,-88.05435154566402,43.03795832032663,2020-07-17,3,91.0
55079090900,55079080300,-88.00270912368009,43.06124682618238,-87.87475616434764,43.089996653126924,2020-07-17,1,30.0
55079090900,55079185300,-88.00270912368009,43.06124682618238,-88.04265402690729,43.049880154873065,2020-07-17,6,183.0
55079090900,55079020800,-88.00270912368009,43.06124682618238,-87.87636299879055,42.985307292991365,2020-07-17,1,30.0
55079090900,55079187400,-88.00270912368009,43.06124682618238,-87.90767949876499,43.03217517915639,2020-07-17,2,61.0
55079090900,55079000800,-88.00270912368009,43.06124682618238,-87.97372753660457,43.14064967469203,2020-07-17,1,30.0
55079090900,55079005400,-88.00270912368009,43.06124682618238,-88.02259608100492,43.0824437803151,2020-07-17,2,61.0
55079090900,55079000400,-88.00270912368009,43.06124682618238,-88.05554472050937,43.110954423820296,2020-07-17,1,30.0
55079090900,55079186800,-88.00270912368009,43.06124682618238,-87.9506670108877,43.02815858561159,2020-07-17,2,61.0
55079090900,55079187200,-88.00270912368009,43.06124682618238,-88.00769048889484,42.863813659193866,2020-07-17,1,30.0
55079090900,55079160203,-88.00270912368009,43.06124682618238,-87.91638950191752,42.89402789790319,2020-07-17,1,30.0
55079090900,55079091200,-88.00270912368009,43.06124682618238,-88.00388284004167,43.0467075980639,2020-07-17,6,183.0
55079090900,55079005000,-88.00270912368009,43.06124682618238,-87.98327608357046,43.07665137069942,2020-07-17,1,30.0
55079090900,55079100900,-88.00270912368009,43.06124682618238,-88.05216898532913,43.00959788353506,2020-07-17,3,91.0
55079090900,55079101100,-88.00270912368009,43.06124682618238,-88.04276904850849,42.99420752845147,2020-07-17,1,30.0
55079090900,55079140201,-88.00270912368009,43.06124682618238,-87.99911426080601,42.93902100763907,2020-07-17,1,30.0
55079090900,55079091400,-88.00270912368009,43.06124682618238,-87.99383660813824,43.04031315098078,2020-07-17,2,61.0
55079090900,55079120101,-88.00270912368009,43.06124682618238,-88.04814010007517,42.95916305909443,2020-07-17,1,30.0
55079090900,55079091100,-88.00270912368009,43.06124682618238,-88.00381885772617,43.05493775558714,2020-07-17,2,61.0
55079090900,55079003600,-88.00270912368009,43.06124682618238,-87.98321131530031,43.092736225323044,2020-07-17,1,30.0
55079090900,55079003800,-88.00270912368009,43.06124682618238,-87.97215356169055,43.086187842345545,2020-07-17,2,61.0
55079090900,55079011300,-88.00270912368009,43.06124682618238,-87.90713298111844,43.04890661506502,2020-07-17,1,30.0
55079090900,55079170700,-88.00270912368009,43.06124682618238,-87.84797376219025,42.90256149755693,2020-07-17,1,30.0
55079090900,55079005800,-88.00270912368009,43.06124682618238,-87.99994620357029,43.072303413103626,2020-07-17,1,30.0
55079090900,55079120102,-88.00270912368009,43.06124682618238,-88.04966546230908,42.97409794368699,2020-07-17,1,30.0
55079090900,55079014100,-88.00270912368009,43.06124682618238,-87.92097269793881,43.04863570292668,2020-07-17,1,30.0
55079090900,55079009400,-88.00270912368009,43.06124682618238,-87.98309572088205,43.053347935581954,2020-07-17,1,30.0
55079090900,55079019500,-88.00270912368009,43.06124682618238,-88.02769031152603,42.97732706705707,2020-07-17,1,30.0
55079090900,55079012600,-88.00270912368009,43.06124682618238,-87.99443577770006,43.034032251200934,2020-07-17,1,30.0
55079090900,55079005200,-88.00270912368009,43.06124682618238,-88.0124256780363,43.086227920709504,2020-07-17,1,30.0
55079090900,55079012700,-88.00270912368009,43.06124682618238,-88.0122777504643,43.029662330242175,2020-07-17,2,61.0
55079090900,55079013700,-88.00270912368009,43.06124682618238,-87.94529508707278,43.04229912697773,2020-07-17,1,30.0
55079090900,55079180200,-88.00270912368009,43.06124682618238,-87.85506992096182,42.95465467367753,2020-07-17,1,30.0
55079090900,55079090700,-88.00270912368009,43.06124682618238,-88.02545440842808,43.059193901469925,2020-07-17,3,91.0
55079090900,55079101300,-88.00270912368009,43.06124682618238,-88.02770018483265,42.99907770295741,2020-07-17,1,30.0
55079090900,55079091000,-88.00270912368009,43.06124682618238,-87.99705672432205,43.06433297165757,2020-07-17,8,245.0
55079090900,55079100300,-88.00270912368009,43.06124682618238,-88.00316709835943,43.017354422985534,2020-07-17,1,30.0
55079090900,55079185600,-88.00270912368009,43.06124682618238,-87.91469071944607,43.06026722158336,2020-07-17,1,30.0
55079090900,55079005100,-88.00270912368009,43.06124682618238,-87.99757698420609,43.08261869423604,2020-07-17,2,61.0
55079090900,55079060102,-88.00270912368009,43.06124682618238,-87.93974960524739,43.148654535590595,2020-07-17,1,30.0
55079090900,55079004900,-88.00270912368009,43.06124682618238,-87.97231517837423,43.077061406485264,2020-07-17,1,30.0
55079090900,55079005600,-88.00270912368009,43.06124682618238,-88.02758035548169,43.071050112322006,2020-07-17,1,30.0
55079090900,55079012900,-88.00270912368009,43.06124682618238,-87.99989477924994,43.028140622580246,2020-07-17,1,30.0
55079090900,55079009300,-88.00270912368009,43.06124682618238,-87.98314520393755,43.060746025032145,2020-07-17,2,61.0
55079090900,55079008400,-88.00270912368009,43.06124682618238,-87.92332577697063,43.067583013115005,2020-07-17,1,30.0
55079090900,55079003000,-88.00270912368009,43.06124682618238,-87.99619059962126,43.10851035065769,2020-07-17,1,30.0
55079090900,55079090800,-88.00270912368009,43.06124682618238,-88.01754834659646,43.063072316879136,2020-07-17,2,61.0
55079101000,55079002100,-88.05764456171738,42.99173938525954,-87.95315716160212,43.115529640428136,2020-07-17,1,21.0
55079101000,55079060200,-88.05764456171738,42.99173938525954,-87.9245165328896,43.11556508690733,2020-07-17,1,21.0
55079101000,55079004500,-88.05764456171738,42.99173938525954,-87.92226909278084,43.08550885272536,2020-07-17,1,21.0
55079101000,55079019000,-88.05764456171738,42.99173938525954,-87.967877289968,42.995496154489715,2020-07-17,1,21.0
55079101000,55079100100,-88.05764456171738,42.99173938525954,-87.98598444052216,43.01659648927991,2020-07-17,1,21.0
55079101000,55079100700,-88.05764456171738,42.99173938525954,-88.03788629567484,43.0213025080197,2020-07-17,2,42.0
55079101000,55079010800,-88.05764456171738,42.99173938525954,-87.88986181293924,43.05733829509928,2020-07-17,1,21.0
55079101000,55079101000,-88.05764456171738,42.99173938525954,-88.05764456171738,42.99173938525954,2020-07-17,215,4593.0
55079101000,55079160100,-88.05764456171738,42.99173938525954,-87.91471599062149,42.91513941042769,2020-07-17,3,64.0
55079101000,55079050101,-88.05764456171738,42.99173938525954,-87.98494662348081,43.17683059907653,2020-07-17,1,21.0
55079101000,55079090300,-88.05764456171738,42.99173938525954,-88.0515779905257,43.06739040507833,2020-07-17,2,42.0
55079101000,55079012400,-88.05764456171738,42.99173938525954,-87.97680856828566,43.04580144948212,2020-07-17,1,21.0
55079101000,55079120501,-88.05764456171738,42.99173938525954,-87.96680035551529,42.94072396992586,2020-07-17,1,21.0
55079101000,55079120400,-88.05764456171738,42.99173938525954,-87.96548496050795,42.96670427425607,2020-07-17,2,42.0
55079101000,55079120203,-88.05764456171738,42.99173938525954,-88.00776394431053,42.95694649923871,2020-07-17,8,170.0
55079101000,55079160300,-88.05764456171738,42.99173938525954,-87.8893867076047,42.856940087232964,2020-07-17,1,21.0
55079101000,55079017300,-88.05764456171738,42.99173938525954,-87.94877202549131,43.0036525046766,2020-07-17,1,21.0
55079101000,55079019400,-88.05764456171738,42.99173938525954,-88.02755647500341,42.984577749923744,2020-07-17,2,42.0
55079101000,55079000501,-88.05764456171738,42.99173938525954,-88.04340002069712,43.115390222488664,2020-07-17,1,21.0
55079101000,55079185300,-88.05764456171738,42.99173938525954,-88.04265402690729,43.049880154873065,2020-07-17,5,106.0
55079101000,55079187400,-88.05764456171738,42.99173938525954,-87.90767949876499,43.03217517915639,2020-07-17,2,42.0
55079101000,55079150304,-88.05764456171738,42.99173938525954,-88.02760163837803,42.91519132559998,2020-07-17,1,21.0
55079101000,55079180500,-88.05764456171738,42.99173938525954,-87.87471526249948,42.93725893299447,2020-07-17,1,21.0
55079101000,55079000502,-88.05764456171738,42.99173938525954,-88.03128731150349,43.12480634966938,2020-07-17,1,21.0
55079101000,55079186800,-88.05764456171738,42.99173938525954,-87.9506670108877,43.02815858561159,2020-07-17,1,21.0
55079101000,55079091200,-88.05764456171738,42.99173938525954,-88.00388284004167,43.0467075980639,2020-07-17,1,21.0
55079101000,55079100500,-88.05764456171738,42.99173938525954,-88.02674691869541,43.01326660162138,2020-07-17,1,21.0
55079101000,55079020100,-88.05764456171738,42.99173938525954,-87.94099671150566,42.988482506396224,2020-07-17,1,21.0
55079101000,55079005000,-88.05764456171738,42.99173938525954,-87.98327608357046,43.07665137069942,2020-07-17,1,21.0
55079101000,55079100900,-88.05764456171738,42.99173938525954,-88.05216898532913,43.00959788353506,2020-07-17,8,170.0
55079101000,55079101100,-88.05764456171738,42.99173938525954,-88.04276904850849,42.99420752845147,2020-07-17,13,277.0
55079101000,55079120101,-88.05764456171738,42.99173938525954,-88.04814010007517,42.95916305909443,2020-07-17,7,149.0
55079101000,55079101400,-88.05764456171738,42.99173938525954,-88.02735540531337,43.00631524274058,2020-07-17,3,64.0
55079101000,55079007700,-88.05764456171738,42.99173938525954,-87.88849935823362,43.06389053422122,2020-07-17,1,21.0
55079101000,55079003600,-88.05764456171738,42.99173938525954,-87.98321131530031,43.092736225323044,2020-07-17,1,21.0
55079101000,55079100400,-88.05764456171738,42.99173938525954,-88.01166560297426,43.0170103539625,2020-07-17,1,21.0
55079101000,55079120102,-88.05764456171738,42.99173938525954,-88.04966546230908,42.97409794368699,2020-07-17,4,85.0
55079101000,55079130100,-88.05764456171738,42.99173938525954,-88.04407902007586,42.942752065148895,2020-07-17,7,149.0
55079101000,55079019600,-88.05764456171738,42.99173938525954,-88.00769668957767,42.984657216409644,2020-07-17,1,21.0
55079101000,55079101800,-88.05764456171738,42.99173938525954,-88.00969812606968,42.99373426381014,2020-07-17,2,42.0
55079101000,55079150301,-88.05764456171738,42.99173938525954,-88.05345903025625,42.89781994777656,2020-07-17,1,21.0
55079101000,55079009400,-88.05764456171738,42.99173938525954,-87.98309572088205,43.053347935581954,2020-07-17,2,42.0
55079101000,55079100800,-88.05764456171738,42.99173938525954,-88.05710943935104,43.023654444193184,2020-07-17,4,85.0
55079101000,55079120201,-88.05764456171738,42.99173938525954,-88.01868214174351,42.96737507435749,2020-07-17,1,21.0
55079101000,55079050102,-88.05764456171738,42.99173938525954,-87.96743569232115,43.172443064752215,2020-07-17,1,21.0
55079101000,55079180300,-88.05764456171738,42.99173938525954,-87.87005593266791,42.951885652862586,2020-07-17,1,21.0
55079101000,55079015800,-88.05764456171738,42.99173938525954,-87.93761636287321,43.021659379009066,2020-07-17,1,21.0
55079101000,55079016300,-88.05764456171738,42.99173938525954,-87.93764055272034,43.01572710315665,2020-07-17,2,42.0
55079101000,55079019900,-88.05764456171738,42.99173938525954,-87.98235255712866,42.973172118392476,2020-07-17,1,21.0
55079101000,55079000700,-88.05764456171738,42.99173938525954,-87.99009583376943,43.15588909293765,2020-07-17,1,21.0
55079101000,55079101500,-88.05764456171738,42.99173938525954,-88.00747595996755,43.007126720391405,2020-07-17,2,42.0
55079101000,55079101700,-88.05764456171738,42.99173938525954,-88.00697190300957,43.00173437379505,2020-07-17,1,21.0
55079101000,55079100200,-88.05764456171738,42.99173938525954,-87.99137992566246,43.01460892403096,2020-07-17,5,106.0
55079101000,55079005700,-88.05764456171738,42.99173938525954,-88.01309831915184,43.07138814037072,2020-07-17,1,21.0
55079101000,55079017500,-88.05764456171738,42.99173938525954,-87.92965116916102,43.00287441605045,2020-07-17,2,42.0
55079101000,55079012600,-88.05764456171738,42.99173938525954,-87.99443577770006,43.034032251200934,2020-07-17,1,21.0
55079101000,55079007600,-88.05764456171738,42.99173938525954,-87.87859580944733,43.06399812725538,2020-07-17,1,21.0
55079101000,55079009800,-88.05764456171738,42.99173938525954,-87.95409571434068,43.059778012269526,2020-07-17,1,21.0
55079101000,55079018800,-88.05764456171738,42.99173938525954,-87.94058386370827,42.99929639057026,2020-07-17,1,21.0
55079101000,55079120202,-88.05764456171738,42.99173938525954,-87.99868084532402,42.965848843600455,2020-07-17,1,21.0
55079101000,55079014900,-88.05764456171738,42.99173938525954,-87.94481830610269,43.03704436935605,2020-07-17,1,21.0
55079101000,55079001500,-88.05764456171738,42.99173938525954,-88.01520145334699,43.123754077777434,2020-07-17,1,21.0
55079101000,55079020500,-88.05764456171738,42.99173938525954,-87.92272370744391,42.988321496925906,2020-07-17,1,21.0
55079101000,55079150303,-88.05764456171738,42.99173938525954,-88.02312771344377,42.88960646488504,2020-07-17,1,21.0
55079101000,55079019700,-88.05764456171738,42.99173938525954,-88.00741820523533,42.97570820507905,2020-07-17,1,21.0
55079101000,55079016400,-88.05764456171738,42.99173938525954,-87.92777599229481,43.01665943799343,2020-07-17,1,21.0
55079101000,55079002600,-88.05764456171738,42.99173938525954,-87.96192834607115,43.10067420371696,2020-07-17,1,21.0
55079101000,55079001900,-88.05764456171738,42.99173938525954,-87.98367415791445,43.115686316787006,2020-07-17,2,42.0
55079101000,55079018700,-88.05764456171738,42.99173938525954,-87.92991431934564,42.995583237143,2020-07-17,1,21.0
55079101000,55079019300,-88.05764456171738,42.99173938525954,-87.99612754588766,42.99498021323571,2020-07-17,1,21.0
55079101000,55079101300,-88.05764456171738,42.99173938525954,-88.02770018483265,42.99907770295741,2020-07-17,3,64.0
55079101000,55079170100,-88.05764456171738,42.99173938525954,-87.84892368656588,42.919583500675934,2020-07-17,1,21.0
55079101000,55079100300,-88.05764456171738,42.99173938525954,-88.00316709835943,43.017354422985534,2020-07-17,3,64.0
55079101000,55079101200,-88.05764456171738,42.99173938525954,-88.02772831407549,42.99180235090393,2020-07-17,2,42.0
55079101000,55079186900,-88.05764456171738,42.99173938525954,-87.88804149673794,43.05226526687869,2020-07-17,1,21.0
55079101000,55079185200,-88.05764456171738,42.99173938525954,-87.88193798921913,42.967674094622936,2020-07-17,1,21.0
55079101000,55079004900,-88.05764456171738,42.99173938525954,-87.97231517837423,43.077061406485264,2020-07-17,1,21.0
55079101000,55079006100,-88.05764456171738,42.99173938525954,-87.96847508739953,43.06791249267312,2020-07-17,1,21.0
55079101000,55079001000,-88.05764456171738,42.99173938525954,-87.95348314468296,43.12464896388482,2020-07-17,1,21.0
55079101000,55079009300,-88.05764456171738,42.99173938525954,-87.98314520393755,43.060746025032145,2020-07-17,1,21.0
55079101300,55079020000,-88.02770018483265,42.99907770295741,-87.95273620994368,42.98405311376188,2020-07-17,2,33.0
55079101300,55079004300,-88.02770018483265,42.99907770295741,-87.93220867621264,43.094799127568905,2020-07-17,1,16.0
55079101300,55079012800,-88.02770018483265,42.99907770295741,-88.03145321223326,43.03059221584991,2020-07-17,1,16.0
55079101300,55079100100,-88.02770018483265,42.99907770295741,-87.98598444052216,43.01659648927991,2020-07-17,2,33.0
55079101300,55079100700,-88.02770018483265,42.99907770295741,-88.03788629567484,43.0213025080197,2020-07-17,3,49.0
55079101300,55079000102,-88.02770018483265,42.99907770295741,-88.01167859828367,43.164645145767146,2020-07-17,1,16.0
55079101300,55079000202,-88.02770018483265,42.99907770295741,-88.04132965001602,43.160382512849615,2020-07-17,1,16.0
55079101300,55079110100,-88.02770018483265,42.99907770295741,-87.9710022364233,43.012448953036525,2020-07-17,2,33.0
55079101300,55079101000,-88.02770018483265,42.99907770295741,-88.05764456171738,42.99173938525954,2020-07-17,18,297.0
55079101300,55079160100,-88.02770018483265,42.99907770295741,-87.91471599062149,42.91513941042769,2020-07-17,1,16.0
55079101300,55079090300,-88.02770018483265,42.99907770295741,-88.0515779905257,43.06739040507833,2020-07-17,2,33.0
55079101300,55079101600,-88.02770018483265,42.99907770295741,-87.98881839806968,43.003113634057684,2020-07-17,4,66.0
55079101300,55079186300,-88.02770018483265,42.99907770295741,-87.91799927397663,43.040616743150025,2020-07-17,1,16.0
55079101300,55079021700,-88.02770018483265,42.99907770295741,-87.91312462574102,42.94052513723052,2020-07-17,1,16.0
55079101300,55079090100,-88.02770018483265,42.99907770295741,-88.04837730790923,43.0973204568905,2020-07-17,1,16.0
55079101300,55079120400,-88.02770018483265,42.99907770295741,-87.96548496050795,42.96670427425607,2020-07-17,3,49.0
55079101300,55079120203,-88.02770018483265,42.99907770295741,-88.00776394431053,42.95694649923871,2020-07-17,6,99.0
55079101300,55079090600,-88.02770018483265,42.99907770295741,-88.05435154566402,43.03795832032663,2020-07-17,3,49.0
55079101300,55079185300,-88.02770018483265,42.99907770295741,-88.04265402690729,43.049880154873065,2020-07-17,4,66.0
55079101300,55079120502,-88.02770018483265,42.99907770295741,-87.96510992081555,42.95304728304586,2020-07-17,1,16.0
55079101300,55079012500,-88.02770018483265,42.99907770295741,-87.97654888060033,43.037091021714275,2020-07-17,1,16.0
55079101300,55079000400,-88.02770018483265,42.99907770295741,-88.05554472050937,43.110954423820296,2020-07-17,1,16.0
55079101300,55079186800,-88.02770018483265,42.99907770295741,-87.9506670108877,43.02815858561159,2020-07-17,1,16.0
55079101300,55079187200,-88.02770018483265,42.99907770295741,-88.00769048889484,42.863813659193866,2020-07-17,1,16.0
55079101300,55079100500,-88.02770018483265,42.99907770295741,-88.02674691869541,43.01326660162138,2020-07-17,2,33.0
55079101300,55079100900,-88.02770018483265,42.99907770295741,-88.05216898532913,43.00959788353506,2020-07-17,10,165.0
55079101300,55079101100,-88.02770018483265,42.99907770295741,-88.04276904850849,42.99420752845147,2020-07-17,15,248.0
55079101300,55079140100,-88.02770018483265,42.99907770295741,-88.0188613886232,42.93745223479677,2020-07-17,1,16.0
55079101300,55079140201,-88.02770018483265,42.99907770295741,-87.99911426080601,42.93902100763907,2020-07-17,1,16.0
55079101300,55079007500,-88.02770018483265,42.99907770295741,-87.87772470520909,43.071061371506396,2020-07-17,1,16.0
55079101300,55079120101,-88.02770018483265,42.99907770295741,-88.04814010007517,42.95916305909443,2020-07-17,3,49.0
55079101300,55079101400,-88.02770018483265,42.99907770295741,-88.02735540531337,43.00631524274058,2020-07-17,2,33.0
55079101300,55079014400,-88.02770018483265,42.99907770295741,-87.90784049253895,43.042413401572134,2020-07-17,2,33.0
55079101300,55079100400,-88.02770018483265,42.99907770295741,-88.01166560297426,43.0170103539625,2020-07-17,3,49.0
55079101300,55079018000,-88.02770018483265,42.99907770295741,-87.8945288084346,43.01098558683315,2020-07-17,1,16.0
55079101300,55079003400,-88.02770018483265,42.99907770295741,-88.02444287795417,43.0934576342605,2020-07-17,1,16.0
55079101300,55079120102,-88.02770018483265,42.99907770295741,-88.04966546230908,42.97409794368699,2020-07-17,5,82.0
55079101300,55079130100,-88.02770018483265,42.99907770295741,-88.04407902007586,42.942752065148895,2020-07-17,2,33.0
55079101300,55079019600,-88.02770018483265,42.99907770295741,-88.00769668957767,42.984657216409644,2020-07-17,1,16.0
55079101300,55079101800,-88.02770018483265,42.99907770295741,-88.00969812606968,42.99373426381014,2020-07-17,6,99.0
55079101300,55079009400,-88.02770018483265,42.99907770295741,-87.98309572088205,43.053347935581954,2020-07-17,1,16.0
55079101300,55079100800,-88.02770018483265,42.99907770295741,-88.05710943935104,43.023654444193184,2020-07-17,2,33.0
55079101300,55079120201,-88.02770018483265,42.99907770295741,-88.01868214174351,42.96737507435749,2020-07-17,1,16.0
55079101300,55079050102,-88.02770018483265,42.99907770295741,-87.96743569232115,43.172443064752215,2020-07-17,1,16.0
55079101300,55079180300,-88.02770018483265,42.99907770295741,-87.87005593266791,42.951885652862586,2020-07-17,1,16.0
55079101300,55079019500,-88.02770018483265,42.99907770295741,-88.02769031152603,42.97732706705707,2020-07-17,1,16.0
55079101300,55079101500,-88.02770018483265,42.99907770295741,-88.00747595996755,43.007126720391405,2020-07-17,1,16.0
55079101300,55079101700,-88.02770018483265,42.99907770295741,-88.00697190300957,43.00173437379505,2020-07-17,6,99.0
55079101300,55079100200,-88.02770018483265,42.99907770295741,-87.99137992566246,43.01460892403096,2020-07-17,5,82.0
55079101300,55079017500,-88.02770018483265,42.99907770295741,-87.92965116916102,43.00287441605045,2020-07-17,1,16.0
55079101300,55079016700,-88.02770018483265,42.99907770295741,-87.92209519609614,43.010301162214034,2020-07-17,1,16.0
55079101300,55079186600,-88.02770018483265,42.99907770295741,-87.91355022125023,43.001384465822476,2020-07-17,2,33.0
55079101300,55079000201,-88.02770018483265,42.99907770295741,-88.0472441211064,43.1799495757708,2020-07-17,2,33.0
55079101300,55079018200,-88.02770018483265,42.99907770295741,-87.87369831321716,42.99249911585218,2020-07-17,1,16.0
55079101300,55079007800,-88.02770018483265,42.99907770295741,-87.88801504624632,43.07075279367613,2020-07-17,2,33.0
55079101300,55079019700,-88.02770018483265,42.99907770295741,-88.00741820523533,42.97570820507905,2020-07-17,1,16.0
55079101300,55079101300,-88.02770018483265,42.99907770295741,-88.02770018483265,42.99907770295741,2020-07-17,152,2516.0
55079101300,55079008900,-88.02770018483265,42.99907770295741,-87.95337828163817,43.06706338271535,2020-07-17,1,16.0
55079101300,55079091000,-88.02770018483265,42.99907770295741,-87.99705672432205,43.06433297165757,2020-07-17,1,16.0
55079101300,55079100300,-88.02770018483265,42.99907770295741,-88.00316709835943,43.017354422985534,2020-07-17,1,16.0
55079101300,55079101200,-88.02770018483265,42.99907770295741,-88.02772831407549,42.99180235090393,2020-07-17,6,99.0
55079101300,55079060102,-88.02770018483265,42.99907770295741,-87.93974960524739,43.148654535590595,2020-07-17,1,16.0
55079101300,55079012900,-88.02770018483265,42.99907770295741,-87.99989477924994,43.028140622580246,2020-07-17,2,33.0
55079101300,55079008400,-88.02770018483265,42.99907770295741,-87.92332577697063,43.067583013115005,2020-07-17,1,16.0
55079101300,55079017000,-88.02770018483265,42.99907770295741,-87.9475259715867,43.01041841584858,2020-07-17,1,16.0
55079101300,55079013000,-88.02770018483265,42.99907770295741,-87.9876687698922,43.02770173765977,2020-07-17,1,16.0
55079101300,55079015900,-88.02770018483265,42.99907770295741,-87.9473669417017,43.02159668337006,2020-07-17,1,16.0
55079101800,55079020000,-88.00969812606968,42.99373426381014,-87.95273620994368,42.98405311376188,2020-07-17,3,60.0
55079101800,55079002100,-88.00969812606968,42.99373426381014,-87.95315716160212,43.115529640428136,2020-07-17,1,20.0
55079101800,55079060200,-88.00969812606968,42.99373426381014,-87.9245165328896,43.11556508690733,2020-07-17,1,20.0
55079101800,55079012800,-88.00969812606968,42.99373426381014,-88.03145321223326,43.03059221584991,2020-07-17,2,40.0
55079101800,55079015700,-88.00969812606968,42.99373426381014,-87.92777138656925,43.021663598322064,2020-07-17,1,20.0
55079101800,55079100100,-88.00969812606968,42.99373426381014,-87.98598444052216,43.01659648927991,2020-07-17,5,100.0
55079101800,55079000202,-88.00969812606968,42.99373426381014,-88.04132965001602,43.160382512849615,2020-07-17,1,20.0
55079101800,55079110100,-88.00969812606968,42.99373426381014,-87.9710022364233,43.012448953036525,2020-07-17,4,80.0
55079101800,55079101000,-88.00969812606968,42.99373426381014,-88.05764456171738,42.99173938525954,2020-07-17,9,180.0
55079101800,55079021200,-88.00969812606968,42.99373426381014,-87.92101040508955,42.965284697357816,2020-07-17,1,20.0
55079101800,55079160100,-88.00969812606968,42.99373426381014,-87.91471599062149,42.91513941042769,2020-07-17,1,20.0
55079101800,55079101600,-88.00969812606968,42.99373426381014,-87.98881839806968,43.003113634057684,2020-07-17,2,40.0
55079101800,55079021700,-88.00969812606968,42.99373426381014,-87.91312462574102,42.94052513723052,2020-07-17,1,20.0
55079101800,55079019200,-88.00969812606968,42.99373426381014,-87.9858350139744,42.99282711086924,2020-07-17,3,60.0
55079101800,55079120400,-88.00969812606968,42.99373426381014,-87.96548496050795,42.96670427425607,2020-07-17,2,40.0
55079101800,55079120203,-88.00969812606968,42.99373426381014,-88.00776394431053,42.95694649923871,2020-07-17,6,120.0
55079101800,55079160300,-88.00969812606968,42.99373426381014,-87.8893867076047,42.856940087232964,2020-07-17,1,20.0
55079101800,55079019400,-88.00969812606968,42.99373426381014,-88.02755647500341,42.984577749923744,2020-07-17,2,40.0
55079101800,55079004800,-88.00969812606968,42.99373426381014,-87.96231596301399,43.077035360461494,2020-07-17,1,20.0
55079101800,55079021400,-88.00969812606968,42.99373426381014,-87.93891709359613,42.96295890378409,2020-07-17,1,20.0
55079101800,55079090600,-88.00969812606968,42.99373426381014,-88.05435154566402,43.03795832032663,2020-07-17,1,20.0
55079101800,55079185300,-88.00969812606968,42.99373426381014,-88.04265402690729,43.049880154873065,2020-07-17,3,60.0
55079101800,55079120502,-88.00969812606968,42.99373426381014,-87.96510992081555,42.95304728304586,2020-07-17,1,20.0
55079101800,55079186800,-88.00969812606968,42.99373426381014,-87.9506670108877,43.02815858561159,2020-07-17,2,40.0
55079101800,55079187200,-88.00969812606968,42.99373426381014,-88.00769048889484,42.863813659193866,2020-07-17,1,20.0
55079101800,55079100900,-88.00969812606968,42.99373426381014,-88.05216898532913,43.00959788353506,2020-07-17,3,60.0
55079101800,55079101100,-88.00969812606968,42.99373426381014,-88.04276904850849,42.99420752845147,2020-07-17,5,100.0
55079101800,55079140100,-88.00969812606968,42.99373426381014,-88.0188613886232,42.93745223479677,2020-07-17,1,20.0
55079101800,55079140201,-88.00969812606968,42.99373426381014,-87.99911426080601,42.93902100763907,2020-07-17,1,20.0
55079101800,55079101400,-88.00969812606968,42.99373426381014,-88.02735540531337,43.00631524274058,2020-07-17,2,40.0
55079101800,55079014400,-88.00969812606968,42.99373426381014,-87.90784049253895,43.042413401572134,2020-07-17,1,20.0
55079101800,55079100400,-88.00969812606968,42.99373426381014,-88.01166560297426,43.0170103539625,2020-07-17,1,20.0
55079101800,55079021600,-88.00969812606968,42.99373426381014,-87.92488475274558,42.952251222261935,2020-07-17,4,80.0
55079101800,55079120102,-88.00969812606968,42.99373426381014,-88.04966546230908,42.97409794368699,2020-07-17,3,60.0
55079101800,55079130100,-88.00969812606968,42.99373426381014,-88.04407902007586,42.942752065148895,2020-07-17,1,20.0
55079101800,55079019600,-88.00969812606968,42.99373426381014,-88.00769668957767,42.984657216409644,2020-07-17,1,20.0
55079101800,55079101800,-88.00969812606968,42.99373426381014,-88.00969812606968,42.99373426381014,2020-07-17,94,1886.0
55079101800,55079150301,-88.00969812606968,42.99373426381014,-88.05345903025625,42.89781994777656,2020-07-17,2,40.0
55079101800,55079120201,-88.00969812606968,42.99373426381014,-88.01868214174351,42.96737507435749,2020-07-17,1,20.0
55079101800,55079180300,-88.00969812606968,42.99373426381014,-87.87005593266791,42.951885652862586,2020-07-17,1,20.0
55079101800,55079185100,-88.00969812606968,42.99373426381014,-87.86132764015301,42.9760744263621,2020-07-17,1,20.0
55079101800,55079019900,-88.00969812606968,42.99373426381014,-87.98235255712866,42.973172118392476,2020-07-17,1,20.0
55079101800,55079101500,-88.00969812606968,42.99373426381014,-88.00747595996755,43.007126720391405,2020-07-17,2,40.0
55079101800,55079020400,-88.00969812606968,42.99373426381014,-87.9300852632457,42.98834002972675,2020-07-17,1,20.0
55079101800,55079100200,-88.00969812606968,42.99373426381014,-87.99137992566246,43.01460892403096,2020-07-17,4,80.0
55079101800,55079017500,-88.00969812606968,42.99373426381014,-87.92965116916102,43.00287441605045,2020-07-17,1,20.0
55079101800,55079120202,-88.00969812606968,42.99373426381014,-87.99868084532402,42.965848843600455,2020-07-17,1,20.0
55079101800,55079018200,-88.00969812606968,42.99373426381014,-87.87369831321716,42.99249911585218,2020-07-17,1,20.0
55079101800,55079019700,-88.00969812606968,42.99373426381014,-88.00741820523533,42.97570820507905,2020-07-17,1,20.0
55079101800,55079019300,-88.00969812606968,42.99373426381014,-87.99612754588766,42.99498021323571,2020-07-17,1,20.0
55079101800,55079101300,-88.00969812606968,42.99373426381014,-88.02770018483265,42.99907770295741,2020-07-17,4,80.0
55079101800,55079013400,-88.00969812606968,42.99373426381014,-87.95356038604784,43.03496530197635,2020-07-17,1,20.0
55079101800,55079101200,-88.00969812606968,42.99373426381014,-88.02772831407549,42.99180235090393,2020-07-17,3,60.0
55079101800,55079015900,-88.00969812606968,42.99373426381014,-87.9473669417017,43.02159668337006,2020-07-17,1,20.0
55079120201,55079020000,-88.01868214174351,42.96737507435749,-87.95273620994368,42.98405311376188,2020-07-17,1,18.0
55079120201,55079060200,-88.01868214174351,42.96737507435749,-87.9245165328896,43.11556508690733,2020-07-17,3,54.0
55079120201,55079012800,-88.01868214174351,42.96737507435749,-88.03145321223326,43.03059221584991,2020-07-17,1,18.0
55079120201,55079091300,-88.01868214174351,42.96737507435749,-88.0097444924032,43.037871666045895,2020-07-17,2,36.0
55079120201,55079000202,-88.01868214174351,42.96737507435749,-88.04132965001602,43.160382512849615,2020-07-17,1,18.0
55079120201,55079110100,-88.01868214174351,42.96737507435749,-87.9710022364233,43.012448953036525,2020-07-17,1,18.0
55079120201,55079101000,-88.01868214174351,42.96737507435749,-88.05764456171738,42.99173938525954,2020-07-17,3,54.0
55079120201,55079021200,-88.01868214174351,42.96737507435749,-87.92101040508955,42.965284697357816,2020-07-17,1,18.0
55079120201,55079160100,-88.01868214174351,42.96737507435749,-87.91471599062149,42.91513941042769,2020-07-17,4,72.0
55079120201,55079186300,-88.01868214174351,42.96737507435749,-87.91799927397663,43.040616743150025,2020-07-17,2,36.0
55079120201,55079021700,-88.01868214174351,42.96737507435749,-87.91312462574102,42.94052513723052,2020-07-17,3,54.0
55079120201,55079120501,-88.01868214174351,42.96737507435749,-87.96680035551529,42.94072396992586,2020-07-17,3,54.0
55079120201,55079019200,-88.01868214174351,42.96737507435749,-87.9858350139744,42.99282711086924,2020-07-17,1,18.0
55079120201,55079090200,-88.01868214174351,42.96737507435749,-88.05200796218348,43.081902180003375,2020-07-17,1,18.0
55079120201,55079120400,-88.01868214174351,42.96737507435749,-87.96548496050795,42.96670427425607,2020-07-17,6,108.0
55079120201,55079120203,-88.01868214174351,42.96737507435749,-88.00776394431053,42.95694649923871,2020-07-17,11,199.0
55079120201,55079160300,-88.01868214174351,42.96737507435749,-87.8893867076047,42.856940087232964,2020-07-17,2,36.0
55079120201,55079187300,-88.01868214174351,42.96737507435749,-87.9656302556773,42.887159701718595,2020-07-17,1,18.0
55079120201,55079017300,-88.01868214174351,42.96737507435749,-87.94877202549131,43.0036525046766,2020-07-17,1,18.0
55079120201,55079019400,-88.01868214174351,42.96737507435749,-88.02755647500341,42.984577749923744,2020-07-17,1,18.0
55079120201,55079000501,-88.01868214174351,42.96737507435749,-88.04340002069712,43.115390222488664,2020-07-17,1,18.0
55079120201,55079021400,-88.01868214174351,42.96737507435749,-87.93891709359613,42.96295890378409,2020-07-17,1,18.0
55079120201,55079080300,-88.01868214174351,42.96737507435749,-87.87475616434764,43.089996653126924,2020-07-17,1,18.0
55079120201,55079185300,-88.01868214174351,42.96737507435749,-88.04265402690729,43.049880154873065,2020-07-17,3,54.0
55079120201,55079120502,-88.01868214174351,42.96737507435749,-87.96510992081555,42.95304728304586,2020-07-17,3,54.0
55079120201,55079187400,-88.01868214174351,42.96737507435749,-87.90767949876499,43.03217517915639,2020-07-17,1,18.0
55079120201,55079150304,-88.01868214174351,42.96737507435749,-88.02760163837803,42.91519132559998,2020-07-17,2,36.0
55079120201,55079180500,-88.01868214174351,42.96737507435749,-87.87471526249948,42.93725893299447,2020-07-17,2,36.0
55079120201,55079130200,-88.01868214174351,42.96737507435749,-88.05891051157585,42.93732261654573,2020-07-17,2,36.0
55079120201,55079000502,-88.01868214174351,42.96737507435749,-88.03128731150349,43.12480634966938,2020-07-17,1,18.0
55079120201,55079186800,-88.01868214174351,42.96737507435749,-87.9506670108877,43.02815858561159,2020-07-17,1,18.0
55079120201,55079187200,-88.01868214174351,42.96737507435749,-88.00769048889484,42.863813659193866,2020-07-17,2,36.0
55079120201,55079160203,-88.01868214174351,42.96737507435749,-87.91638950191752,42.89402789790319,2020-07-17,1,18.0
55079120201,55079170200,-88.01868214174351,42.96737507435749,-87.87263683893734,42.92275381108851,2020-07-17,1,18.0
55079120201,55079100500,-88.01868214174351,42.96737507435749,-88.02674691869541,43.01326660162138,2020-07-17,1,18.0
55079120201,55079100600,-88.01868214174351,42.96737507435749,-88.02237498004419,43.02035162464835,2020-07-17,2,36.0
55079120201,55079020100,-88.01868214174351,42.96737507435749,-87.94099671150566,42.988482506396224,2020-07-17,1,18.0
55079120201,55079160202,-88.01868214174351,42.96737507435749,-87.87217546542965,42.881379330302295,2020-07-17,1,18.0
55079120201,55079100900,-88.01868214174351,42.96737507435749,-88.05216898532913,43.00959788353506,2020-07-17,2,36.0
55079120201,55079101100,-88.01868214174351,42.96737507435749,-88.04276904850849,42.99420752845147,2020-07-17,3,54.0
55079120201,55079140100,-88.01868214174351,42.96737507435749,-88.0188613886232,42.93745223479677,2020-07-17,6,108.0
55079120201,55079140201,-88.01868214174351,42.96737507435749,-87.99911426080601,42.93902100763907,2020-07-17,5,90.0
55079120201,55079091400,-88.01868214174351,42.96737507435749,-87.99383660813824,43.04031315098078,2020-07-17,1,18.0
55079120201,55079120101,-88.01868214174351,42.96737507435749,-88.04814010007517,42.95916305909443,2020-07-17,13,235.0
55079120201,55079018000,-88.01868214174351,42.96737507435749,-87.8945288084346,43.01098558683315,2020-07-17,1,18.0
55079120201,55079150100,-88.01868214174351,42.96737507435749,-87.97759713310646,42.91424119290261,2020-07-17,4,72.0
55079120201,55079001800,-88.01868214174351,42.96737507435749,-87.99853790291819,43.115847306484916,2020-07-17,2,36.0
55079120201,55079120102,-88.01868214174351,42.96737507435749,-88.04966546230908,42.97409794368699,2020-07-17,5,90.0
55079120201,55079130100,-88.01868214174351,42.96737507435749,-88.04407902007586,42.942752065148895,2020-07-17,3,54.0
55079120201,55079019600,-88.01868214174351,42.96737507435749,-88.00769668957767,42.984657216409644,2020-07-17,2,36.0
55079120201,55079150301,-88.01868214174351,42.96737507435749,-88.05345903025625,42.89781994777656,2020-07-17,1,18.0
55079120201,55079100800,-88.01868214174351,42.96737507435749,-88.05710943935104,43.023654444193184,2020-07-17,4,72.0
55079120201,55079120201,-88.01868214174351,42.96737507435749,-88.01868214174351,42.96737507435749,2020-07-17,162,2931.0
55079120201,55079019500,-88.01868214174351,42.96737507435749,-88.02769031152603,42.97732706705707,2020-07-17,4,72.0
55079120201,55079101700,-88.01868214174351,42.96737507435749,-88.00697190300957,43.00173437379505,2020-07-17,2,36.0
55079120201,55079020400,-88.01868214174351,42.96737507435749,-87.9300852632457,42.98834002972675,2020-07-17,1,18.0
55079120201,55079100200,-88.01868214174351,42.96737507435749,-87.99137992566246,43.01460892403096,2020-07-17,1,18.0
55079120201,55079000900,-88.01868214174351,42.96737507435749,-87.95566887882444,43.14970170326806,2020-07-17,1,18.0
55079120201,55079120202,-88.01868214174351,42.96737507435749,-87.99868084532402,42.965848843600455,2020-07-17,4,72.0
55079120201,55079021500,-88.01868214174351,42.96737507435749,-87.94398245259515,42.952098604888974,2020-07-17,2,36.0
55079120201,55079150303,-88.01868214174351,42.96737507435749,-88.02312771344377,42.88960646488504,2020-07-17,2,36.0
55079120201,55079019700,-88.01868214174351,42.96737507435749,-88.00741820523533,42.97570820507905,2020-07-17,3,54.0
55079120201,55079180200,-88.01868214174351,42.96737507435749,-87.85506992096182,42.95465467367753,2020-07-17,1,18.0
55079120201,55079090700,-88.01868214174351,42.96737507435749,-88.02545440842808,43.059193901469925,2020-07-17,1,18.0
55079120201,55079101300,-88.01868214174351,42.96737507435749,-88.02770018483265,42.99907770295741,2020-07-17,2,36.0
55079120201,55079091000,-88.01868214174351,42.96737507435749,-87.99705672432205,43.06433297165757,2020-07-17,2,36.0
55079120201,55079021800,-88.01868214174351,42.96737507435749,-87.95694377227925,42.94079756603018,2020-07-17,1,18.0
55079120201,55079185200,-88.01868214174351,42.96737507435749,-87.88193798921913,42.967674094622936,2020-07-17,1,18.0
55079120201,55079005600,-88.01868214174351,42.96737507435749,-88.02758035548169,43.071050112322006,2020-07-17,2,36.0
55079120201,55079120300,-88.01868214174351,42.96737507435749,-87.97376432533524,42.98091406493879,2020-07-17,1,18.0
55079120201,55079185400,-88.01868214174351,42.96737507435749,-87.93768935592728,43.06023552955454,2020-07-17,1,18.0
55079120202,55079020000,-87.99868084532402,42.965848843600455,-87.95273620994368,42.98405311376188,2020-07-17,2,43.0
55079120202,55079004400,-87.99868084532402,42.965848843600455,-87.90608569163814,43.089298213737145,2020-07-17,1,21.0
55079120202,55079100700,-87.99868084532402,42.965848843600455,-88.03788629567484,43.0213025080197,2020-07-17,1,21.0
55079120202,55079000102,-87.99868084532402,42.965848843600455,-88.01167859828367,43.164645145767146,2020-07-17,1,21.0
55079120202,55079000202,-87.99868084532402,42.965848843600455,-88.04132965001602,43.160382512849615,2020-07-17,1,21.0
55079120202,55079110100,-87.99868084532402,42.965848843600455,-87.9710022364233,43.012448953036525,2020-07-17,2,43.0
55079120202,55079101000,-87.99868084532402,42.965848843600455,-88.05764456171738,42.99173938525954,2020-07-17,4,86.0
55079120202,55079021200,-87.99868084532402,42.965848843600455,-87.92101040508955,42.965284697357816,2020-07-17,3,64.0
55079120202,55079160100,-87.99868084532402,42.965848843600455,-87.91471599062149,42.91513941042769,2020-07-17,4,86.0
55079120202,55079012400,-87.99868084532402,42.965848843600455,-87.97680856828566,43.04580144948212,2020-07-17,1,21.0
55079120202,55079021700,-87.99868084532402,42.965848843600455,-87.91312462574102,42.94052513723052,2020-07-17,2,43.0
55079120202,55079120501,-87.99868084532402,42.965848843600455,-87.96680035551529,42.94072396992586,2020-07-17,3,64.0
55079120202,55079090200,-87.99868084532402,42.965848843600455,-88.05200796218348,43.081902180003375,2020-07-17,1,21.0
55079120202,55079090900,-87.99868084532402,42.965848843600455,-88.00270912368009,43.06124682618238,2020-07-17,1,21.0
55079120202,55079120400,-87.99868084532402,42.965848843600455,-87.96548496050795,42.96670427425607,2020-07-17,8,172.0
55079120202,55079120203,-87.99868084532402,42.965848843600455,-88.00776394431053,42.95694649923871,2020-07-17,12,259.0
55079120202,55079160300,-87.99868084532402,42.965848843600455,-87.8893867076047,42.856940087232964,2020-07-17,2,43.0
55079120202,55079001200,-87.99868084532402,42.965848843600455,-87.98620080987179,43.12617611256525,2020-07-17,1,21.0
55079120202,55079060101,-87.99868084532402,42.965848843600455,-87.92535691568614,43.13950788268824,2020-07-17,1,21.0
55079120202,55079185300,-87.99868084532402,42.965848843600455,-88.04265402690729,43.049880154873065,2020-07-17,3,64.0
55079120202,55079120502,-87.99868084532402,42.965848843600455,-87.96510992081555,42.95304728304586,2020-07-17,5,108.0
55079120202,55079150304,-87.99868084532402,42.965848843600455,-88.02760163837803,42.91519132559998,2020-07-17,2,43.0
55079120202,55079000400,-87.99868084532402,42.965848843600455,-88.05554472050937,43.110954423820296,2020-07-17,1,21.0
55079120202,55079000502,-87.99868084532402,42.965848843600455,-88.03128731150349,43.12480634966938,2020-07-17,1,21.0
55079120202,55079160204,-87.99868084532402,42.965848843600455,-87.9317944903397,42.879700165258704,2020-07-17,1,21.0
55079120202,55079186800,-87.99868084532402,42.965848843600455,-87.9506670108877,43.02815858561159,2020-07-17,1,21.0
55079120202,55079187200,-87.99868084532402,42.965848843600455,-88.00769048889484,42.863813659193866,2020-07-17,3,64.0
55079120202,55079160203,-87.99868084532402,42.965848843600455,-87.91638950191752,42.89402789790319,2020-07-17,3,64.0
55079120202,55079020100,-87.99868084532402,42.965848843600455,-87.94099671150566,42.988482506396224,2020-07-17,1,21.0
55079120202,55079140100,-87.99868084532402,42.965848843600455,-88.0188613886232,42.93745223479677,2020-07-17,6,129.0
55079120202,55079140201,-87.99868084532402,42.965848843600455,-87.99911426080601,42.93902100763907,2020-07-17,1,21.0
55079120202,55079140202,-87.99868084532402,42.965848843600455,-87.981557716435,42.93443757238657,2020-07-17,1,21.0
55079120202,55079180100,-87.99868084532402,42.965848843600455,-87.84722355247969,42.95102171952154,2020-07-17,1,21.0
55079120202,55079120101,-87.99868084532402,42.965848843600455,-88.04814010007517,42.95916305909443,2020-07-17,3,64.0
55079120202,55079014400,-87.99868084532402,42.965848843600455,-87.90784049253895,43.042413401572134,2020-07-17,2,43.0
55079120202,55079100400,-87.99868084532402,42.965848843600455,-88.01166560297426,43.0170103539625,2020-07-17,1,21.0
55079120202,55079150100,-87.99868084532402,42.965848843600455,-87.97759713310646,42.91424119290261,2020-07-17,1,21.0
55079120202,55079021600,-87.99868084532402,42.965848843600455,-87.92488475274558,42.952251222261935,2020-07-17,2,43.0
55079120202,55079120102,-87.99868084532402,42.965848843600455,-88.04966546230908,42.97409794368699,2020-07-17,1,21.0
55079120202,55079130100,-87.99868084532402,42.965848843600455,-88.04407902007586,42.942752065148895,2020-07-17,6,129.0
55079120202,55079014100,-87.99868084532402,42.965848843600455,-87.92097269793881,43.04863570292668,2020-07-17,1,21.0
55079120202,55079019600,-87.99868084532402,42.965848843600455,-88.00769668957767,42.984657216409644,2020-07-17,1,21.0
55079120202,55079101800,-87.99868084532402,42.965848843600455,-88.00969812606968,42.99373426381014,2020-07-17,1,21.0
55079120202,55079150301,-87.99868084532402,42.965848843600455,-88.05345903025625,42.89781994777656,2020-07-17,1,21.0
55079120202,55079100800,-87.99868084532402,42.965848843600455,-88.05710943935104,43.023654444193184,2020-07-17,1,21.0
55079120202,55079120201,-87.99868084532402,42.965848843600455,-88.01868214174351,42.96737507435749,2020-07-17,1,21.0
55079120202,55079019900,-87.99868084532402,42.965848843600455,-87.98235255712866,42.973172118392476,2020-07-17,1,21.0
55079120202,55079101500,-87.99868084532402,42.965848843600455,-88.00747595996755,43.007126720391405,2020-07-17,1,21.0
55079120202,55079100200,-87.99868084532402,42.965848843600455,-87.99137992566246,43.01460892403096,2020-07-17,1,21.0
55079120202,55079120202,-87.99868084532402,42.965848843600455,-87.99868084532402,42.965848843600455,2020-07-17,132,2852.0
55079120202,55079021500,-87.99868084532402,42.965848843600455,-87.94398245259515,42.952098604888974,2020-07-17,1,21.0
55079120202,55079020200,-87.99868084532402,42.965848843600455,-87.94112496275925,42.977527635995024,2020-07-17,1,21.0
55079120202,55079150303,-87.99868084532402,42.965848843600455,-88.02312771344377,42.88960646488504,2020-07-17,1,21.0
55079120202,55079019800,-87.99868084532402,42.965848843600455,-87.98973307517815,42.982078809345225,2020-07-17,1,21.0
55079120202,55079016400,-87.99868084532402,42.965848843600455,-87.92777599229481,43.01665943799343,2020-07-17,1,21.0
55079120202,55079018700,-87.99868084532402,42.965848843600455,-87.92991431934564,42.995583237143,2020-07-17,2,43.0
55079120202,55079186400,-87.99868084532402,42.965848843600455,-87.93038892981184,43.03695266796131,2020-07-17,1,21.0
55079120202,55079014300,-87.99868084532402,42.965848843600455,-87.90101539256612,43.042731429373134,2020-07-17,1,21.0
55079120202,55079186200,-87.99868084532402,42.965848843600455,-87.93244814260824,43.04856605375616,2020-07-17,1,21.0
55079120202,55079101200,-87.99868084532402,42.965848843600455,-88.02772831407549,42.99180235090393,2020-07-17,2,43.0
55079120202,55079186900,-87.99868084532402,42.965848843600455,-87.88804149673794,43.05226526687869,2020-07-17,1,21.0
55079120202,55079185400,-87.99868084532402,42.965848843600455,-87.93768935592728,43.06023552955454,2020-07-17,1,21.0
55079120202,55079006900,-87.99868084532402,42.965848843600455,-87.91078185483303,43.07979537793229,2020-07-17,1,21.0
55079120203,55079020000,-88.00776394431053,42.95694649923871,-87.95273620994368,42.98405311376188,2020-07-17,2,29.0
55079120203,55079002400,-88.00776394431053,42.95694649923871,-87.95188617843814,43.106404380820805,2020-07-17,1,14.0
55079120203,55079019000,-88.00776394431053,42.95694649923871,-87.967877289968,42.995496154489715,2020-07-17,2,29.0
55079120203,55079000101,-88.00776394431053,42.95694649923871,-88.00922083481396,43.18510784936368,2020-07-17,1,14.0
55079120203,55079000102,-88.00776394431053,42.95694649923871,-88.01167859828367,43.164645145767146,2020-07-17,1,14.0
55079120203,55079000202,-88.00776394431053,42.95694649923871,-88.04132965001602,43.160382512849615,2020-07-17,1,14.0
55079120203,55079011200,-88.00776394431053,42.95694649923871,-87.89756439120579,43.055476240018415,2020-07-17,1,14.0
55079120203,55079110100,-88.00776394431053,42.95694649923871,-87.9710022364233,43.012448953036525,2020-07-17,2,29.0
55079120203,55079101000,-88.00776394431053,42.95694649923871,-88.05764456171738,42.99173938525954,2020-07-17,1,14.0
55079120203,55079021200,-88.00776394431053,42.95694649923871,-87.92101040508955,42.965284697357816,2020-07-17,1,14.0
55079120203,55079160100,-88.00776394431053,42.95694649923871,-87.91471599062149,42.91513941042769,2020-07-17,1,14.0
55079120203,55079050101,-88.00776394431053,42.95694649923871,-87.98494662348081,43.17683059907653,2020-07-17,1,14.0
55079120203,55079090300,-88.00776394431053,42.95694649923871,-88.0515779905257,43.06739040507833,2020-07-17,1,14.0
55079120203,55079021700,-88.00776394431053,42.95694649923871,-87.91312462574102,42.94052513723052,2020-07-17,3,43.0
55079120203,55079120501,-88.00776394431053,42.95694649923871,-87.96680035551529,42.94072396992586,2020-07-17,4,58.0
55079120203,55079019100,-88.00776394431053,42.95694649923871,-87.96549351619066,42.982165146288615,2020-07-17,2,29.0
55079120203,55079019200,-88.00776394431053,42.95694649923871,-87.9858350139744,42.99282711086924,2020-07-17,2,29.0
55079120203,55079090900,-88.00776394431053,42.95694649923871,-88.00270912368009,43.06124682618238,2020-07-17,1,14.0
55079120203,55079120400,-88.00776394431053,42.95694649923871,-87.96548496050795,42.96670427425607,2020-07-17,12,175.0
55079120203,55079120203,-88.00776394431053,42.95694649923871,-88.00776394431053,42.95694649923871,2020-07-17,171,2503.0
55079120203,55079019400,-88.00776394431053,42.95694649923871,-88.02755647500341,42.984577749923744,2020-07-17,2,29.0
55079120203,55079185300,-88.00776394431053,42.95694649923871,-88.04265402690729,43.049880154873065,2020-07-17,3,43.0
55079120203,55079120502,-88.00776394431053,42.95694649923871,-87.96510992081555,42.95304728304586,2020-07-17,4,58.0
55079120203,55079187400,-88.00776394431053,42.95694649923871,-87.90767949876499,43.03217517915639,2020-07-17,3,43.0
55079120203,55079150304,-88.00776394431053,42.95694649923871,-88.02760163837803,42.91519132559998,2020-07-17,2,29.0
55079120203,55079012500,-88.00776394431053,42.95694649923871,-87.97654888060033,43.037091021714275,2020-07-17,2,29.0
55079120203,55079130200,-88.00776394431053,42.95694649923871,-88.05891051157585,42.93732261654573,2020-07-17,1,14.0
55079120203,55079187200,-88.00776394431053,42.95694649923871,-88.00769048889484,42.863813659193866,2020-07-17,1,14.0
55079120203,55079160203,-88.00776394431053,42.95694649923871,-87.91638950191752,42.89402789790319,2020-07-17,1,14.0
55079120203,55079091200,-88.00776394431053,42.95694649923871,-88.00388284004167,43.0467075980639,2020-07-17,1,14.0
55079120203,55079020100,-88.00776394431053,42.95694649923871,-87.94099671150566,42.988482506396224,2020-07-17,4,58.0
55079120203,55079160202,-88.00776394431053,42.95694649923871,-87.87217546542965,42.881379330302295,2020-07-17,1,14.0
55079120203,55079100900,-88.00776394431053,42.95694649923871,-88.05216898532913,43.00959788353506,2020-07-17,3,43.0
55079120203,55079007000,-88.00776394431053,42.95694649923871,-87.91122456687498,43.07424564740019,2020-07-17,1,14.0
55079120203,55079101100,-88.00776394431053,42.95694649923871,-88.04276904850849,42.99420752845147,2020-07-17,2,29.0
55079120203,55079140100,-88.00776394431053,42.95694649923871,-88.0188613886232,42.93745223479677,2020-07-17,8,117.0
55079120203,55079140201,-88.00776394431053,42.95694649923871,-87.99911426080601,42.93902100763907,2020-07-17,10,146.0
55079120203,55079140202,-88.00776394431053,42.95694649923871,-87.981557716435,42.93443757238657,2020-07-17,3,43.0
55079120203,55079120101,-88.00776394431053,42.95694649923871,-88.04814010007517,42.95916305909443,2020-07-17,3,43.0
55079120203,55079008500,-88.00776394431053,42.95694649923871,-87.9298714910033,43.06776123229879,2020-07-17,1,14.0
55079120203,55079008100,-88.00776394431053,42.95694649923871,-87.90743836658615,43.067471782486706,2020-07-17,1,14.0
55079120203,55079003600,-88.00776394431053,42.95694649923871,-87.98321131530031,43.092736225323044,2020-07-17,1,14.0
55079120203,55079014400,-88.00776394431053,42.95694649923871,-87.90784049253895,43.042413401572134,2020-07-17,1,14.0
55079120203,55079100400,-88.00776394431053,42.95694649923871,-88.01166560297426,43.0170103539625,2020-07-17,2,29.0
55079120203,55079070200,-88.00776394431053,42.95694649923871,-87.8919112738197,43.1133970416122,2020-07-17,1,14.0
55079120203,55079150100,-88.00776394431053,42.95694649923871,-87.97759713310646,42.91424119290261,2020-07-17,2,29.0
55079120203,55079021600,-88.00776394431053,42.95694649923871,-87.92488475274558,42.952251222261935,2020-07-17,2,29.0
55079120203,55079003400,-88.00776394431053,42.95694649923871,-88.02444287795417,43.0934576342605,2020-07-17,1,14.0
55079120203,55079016100,-88.00776394431053,42.95694649923871,-87.95946595975387,43.016089910899275,2020-07-17,1,14.0
55079120203,55079187000,-88.00776394431053,42.95694649923871,-87.88728455831759,43.05530607398437,2020-07-17,1,14.0
55079120203,55079120102,-88.00776394431053,42.95694649923871,-88.04966546230908,42.97409794368699,2020-07-17,1,14.0
55079120203,55079130100,-88.00776394431053,42.95694649923871,-88.04407902007586,42.942752065148895,2020-07-17,1,14.0
55079120203,55079150301,-88.00776394431053,42.95694649923871,-88.05345903025625,42.89781994777656,2020-07-17,2,29.0
55079120203,55079120201,-88.00776394431053,42.95694649923871,-88.01868214174351,42.96737507435749,2020-07-17,5,73.0
55079120203,55079019500,-88.00776394431053,42.95694649923871,-88.02769031152603,42.97732706705707,2020-07-17,1,14.0
55079120203,55079020700,-88.00776394431053,42.95694649923871,-87.89282968229121,42.980391637955094,2020-07-17,3,43.0
55079120203,55079019900,-88.00776394431053,42.95694649923871,-87.98235255712866,42.973172118392476,2020-07-17,4,58.0
55079120203,55079010700,-88.00776394431053,42.95694649923871,-87.90095083433016,43.0597678010215,2020-07-17,1,14.0
55079120203,55079100200,-88.00776394431053,42.95694649923871,-87.99137992566246,43.01460892403096,2020-07-17,1,14.0
55079120203,55079017500,-88.00776394431053,42.95694649923871,-87.92965116916102,43.00287441605045,2020-07-17,1,14.0
55079120203,55079003100,-88.00776394431053,42.95694649923871,-87.98607018194353,43.10091760946077,2020-07-17,1,14.0
55079120203,55079020300,-88.00776394431053,42.95694649923871,-87.92658964497383,42.979242665655576,2020-07-17,2,29.0
55079120203,55079020900,-88.00776394431053,42.95694649923871,-87.90186271433869,42.97013349358029,2020-07-17,1,14.0
55079120203,55079120202,-88.00776394431053,42.95694649923871,-87.99868084532402,42.965848843600455,2020-07-17,4,58.0
55079120203,55079021500,-88.00776394431053,42.95694649923871,-87.94398245259515,42.952098604888974,2020-07-17,14,204.0
55079120203,55079020200,-88.00776394431053,42.95694649923871,-87.94112496275925,42.977527635995024,2020-07-17,2,29.0
55079120203,55079018600,-88.00776394431053,42.95694649923871,-87.92255649026754,42.995575414800356,2020-07-17,1,14.0
55079120203,55079016000,-88.00776394431053,42.95694649923871,-87.95725941865898,43.02137414837421,2020-07-17,1,14.0
55079120203,55079150303,-88.00776394431053,42.95694649923871,-88.02312771344377,42.88960646488504,2020-07-17,1,14.0
55079120203,55079019700,-88.00776394431053,42.95694649923871,-88.00741820523533,42.97570820507905,2020-07-17,2,29.0
55079120203,55079019800,-88.00776394431053,42.95694649923871,-87.98973307517815,42.982078809345225,2020-07-17,2,29.0
55079120203,55079186400,-88.00776394431053,42.95694649923871,-87.93038892981184,43.03695266796131,2020-07-17,1,14.0
55079120203,55079019300,-88.00776394431053,42.95694649923871,-87.99612754588766,42.99498021323571,2020-07-17,5,73.0
55079120203,55079101300,-88.00776394431053,42.95694649923871,-88.02770018483265,42.99907770295741,2020-07-17,2,29.0
55079120203,55079101200,-88.00776394431053,42.95694649923871,-88.02772831407549,42.99180235090393,2020-07-17,1,14.0
55079120203,55079185200,-88.00776394431053,42.95694649923871,-87.88193798921913,42.967674094622936,2020-07-17,1,14.0
55079120203,55079007400,-88.00776394431053,42.95694649923871,-87.87216855868374,43.078043126250115,2020-07-17,1,14.0
55079120203,55079005600,-88.00776394431053,42.95694649923871,-88.02758035548169,43.071050112322006,2020-07-17,1,14.0
55079120203,55079017100,-88.00776394431053,42.95694649923871,-87.95808412992528,43.01056521552099,2020-07-17,1,14.0
55079120203,55079003000,-88.00776394431053,42.95694649923871,-87.99619059962126,43.10851035065769,2020-07-17,1,14.0
55079120203,55079090800,-88.00776394431053,42.95694649923871,-88.01754834659646,43.063072316879136,2020-07-17,1,14.0
55079160203,55079020000,-87.91638950191752,42.89402789790319,-87.95273620994368,42.98405311376188,2020-07-17,4,34.0
55079160203,55079002100,-87.91638950191752,42.89402789790319,-87.95315716160212,43.115529640428136,2020-07-17,1,8.0
55079160203,55079060200,-87.91638950191752,42.89402789790319,-87.9245165328896,43.11556508690733,2020-07-17,2,17.0
55079160203,55079012800,-87.91638950191752,42.89402789790319,-88.03145321223326,43.03059221584991,2020-07-17,1,8.0
55079160203,55079000101,-87.91638950191752,42.89402789790319,-88.00922083481396,43.18510784936368,2020-07-17,1,8.0
55079160203,55079021200,-87.91638950191752,42.89402789790319,-87.92101040508955,42.965284697357816,2020-07-17,1,8.0
55079160203,55079018100,-87.91638950191752,42.89402789790319,-87.88469234682039,42.998709042311724,2020-07-17,1,8.0
55079160203,55079160100,-87.91638950191752,42.89402789790319,-87.91471599062149,42.91513941042769,2020-07-17,40,343.0
55079160203,55079186300,-87.91638950191752,42.89402789790319,-87.91799927397663,43.040616743150025,2020-07-17,3,25.0
55079160203,55079012400,-87.91638950191752,42.89402789790319,-87.97680856828566,43.04580144948212,2020-07-17,1,8.0
55079160203,55079021700,-87.91638950191752,42.89402789790319,-87.91312462574102,42.94052513723052,2020-07-17,6,51.0
55079160203,55079120501,-87.91638950191752,42.89402789790319,-87.96680035551529,42.94072396992586,2020-07-17,3,25.0
55079160203,55079019100,-87.91638950191752,42.89402789790319,-87.96549351619066,42.982165146288615,2020-07-17,1,8.0
55079160203,55079019200,-87.91638950191752,42.89402789790319,-87.9858350139744,42.99282711086924,2020-07-17,2,17.0
55079160203,55079090100,-87.91638950191752,42.89402789790319,-88.04837730790923,43.0973204568905,2020-07-17,1,8.0
55079160203,55079090200,-87.91638950191752,42.89402789790319,-88.05200796218348,43.081902180003375,2020-07-17,1,8.0
55079160203,55079090900,-87.91638950191752,42.89402789790319,-88.00270912368009,43.06124682618238,2020-07-17,1,8.0
55079160203,55079120400,-87.91638950191752,42.89402789790319,-87.96548496050795,42.96670427425607,2020-07-17,2,17.0
55079160203,55079120203,-87.91638950191752,42.89402789790319,-88.00776394431053,42.95694649923871,2020-07-17,11,94.0
55079160203,55079170500,-87.91638950191752,42.89402789790319,-87.85764758199707,42.897602993060175,2020-07-17,2,17.0
55079160203,55079160300,-87.91638950191752,42.89402789790319,-87.8893867076047,42.856940087232964,2020-07-17,29,249.0
55079160203,55079187300,-87.91638950191752,42.89402789790319,-87.9656302556773,42.887159701718595,2020-07-17,4,34.0
55079160203,55079001200,-87.91638950191752,42.89402789790319,-87.98620080987179,43.12617611256525,2020-07-17,1,8.0
55079160203,55079021400,-87.91638950191752,42.89402789790319,-87.93891709359613,42.96295890378409,2020-07-17,1,8.0
55079160203,55079185300,-87.91638950191752,42.89402789790319,-88.04265402690729,43.049880154873065,2020-07-17,2,17.0
55079160203,55079120502,-87.91638950191752,42.89402789790319,-87.96510992081555,42.95304728304586,2020-07-17,1,8.0
55079160203,55079187400,-87.91638950191752,42.89402789790319,-87.90767949876499,43.03217517915639,2020-07-17,2,17.0
55079160203,55079150304,-87.91638950191752,42.89402789790319,-88.02760163837803,42.91519132559998,2020-07-17,6,51.0
55079160203,55079180500,-87.91638950191752,42.89402789790319,-87.87471526249948,42.93725893299447,2020-07-17,6,51.0
55079160203,55079130200,-87.91638950191752,42.89402789790319,-88.05891051157585,42.93732261654573,2020-07-17,1,8.0
55079160203,55079021000,-87.91638950191752,42.89402789790319,-87.89993467732904,42.962739149255064,2020-07-17,1,8.0
55079160203,55079160204,-87.91638950191752,42.89402789790319,-87.9317944903397,42.879700165258704,2020-07-17,46,395.0
55079160203,55079187200,-87.91638950191752,42.89402789790319,-88.00769048889484,42.863813659193866,2020-07-17,20,171.0
55079160203,55079160203,-87.91638950191752,42.89402789790319,-87.91638950191752,42.89402789790319,2020-07-17,579,4975.0
55079160203,55079170200,-87.91638950191752,42.89402789790319,-87.87263683893734,42.92275381108851,2020-07-17,5,42.0
55079160203,55079020100,-87.91638950191752,42.89402789790319,-87.94099671150566,42.988482506396224,2020-07-17,1,8.0
55079160203,55079160202,-87.91638950191752,42.89402789790319,-87.87217546542965,42.881379330302295,2020-07-17,43,369.0
55079160203,55079180400,-87.91638950191752,42.89402789790319,-87.85633588550823,42.93709205888796,2020-07-17,3,25.0
55079160203,55079014600,-87.91638950191752,42.89402789790319,-87.93032605572249,43.04237842637439,2020-07-17,1,8.0
55079160203,55079100900,-87.91638950191752,42.89402789790319,-88.05216898532913,43.00959788353506,2020-07-17,2,17.0
55079160203,55079140100,-87.91638950191752,42.89402789790319,-88.0188613886232,42.93745223479677,2020-07-17,1,8.0
55079160203,55079140201,-87.91638950191752,42.89402789790319,-87.99911426080601,42.93902100763907,2020-07-17,7,60.0
55079160203,55079140202,-87.91638950191752,42.89402789790319,-87.981557716435,42.93443757238657,2020-07-17,1,8.0
55079160203,55079180100,-87.91638950191752,42.89402789790319,-87.84722355247969,42.95102171952154,2020-07-17,3,25.0
55079160203,55079007700,-87.91638950191752,42.89402789790319,-87.88849935823362,43.06389053422122,2020-07-17,1,8.0
55079160203,55079014400,-87.91638950191752,42.89402789790319,-87.90784049253895,43.042413401572134,2020-07-17,6,51.0
55079160203,55079100400,-87.91638950191752,42.89402789790319,-88.01166560297426,43.0170103539625,2020-07-17,3,25.0
55079160203,55079170700,-87.91638950191752,42.89402789790319,-87.84797376219025,42.90256149755693,2020-07-17,2,17.0
55079160203,55079150100,-87.91638950191752,42.89402789790319,-87.97759713310646,42.91424119290261,2020-07-17,21,180.0
55079160203,55079021600,-87.91638950191752,42.89402789790319,-87.92488475274558,42.952251222261935,2020-07-17,7,60.0
55079160203,55079003400,-87.91638950191752,42.89402789790319,-88.02444287795417,43.0934576342605,2020-07-17,1,8.0
55079160203,55079035200,-87.91638950191752,42.89402789790319,-87.9070718018067,43.16012040860922,2020-07-17,1,8.0
55079160203,55079120102,-87.91638950191752,42.89402789790319,-88.04966546230908,42.97409794368699,2020-07-17,1,8.0
55079160203,55079130100,-87.91638950191752,42.89402789790319,-88.04407902007586,42.942752065148895,2020-07-17,1,8.0
55079160203,55079019600,-87.91638950191752,42.89402789790319,-88.00769668957767,42.984657216409644,2020-07-17,2,17.0
55079160203,55079101800,-87.91638950191752,42.89402789790319,-88.00969812606968,42.99373426381014,2020-07-17,2,17.0
55079160203,55079150301,-87.91638950191752,42.89402789790319,-88.05345903025625,42.89781994777656,2020-07-17,2,17.0
55079160203,55079180300,-87.91638950191752,42.89402789790319,-87.87005593266791,42.951885652862586,2020-07-17,15,128.0
55079160203,55079020700,-87.91638950191752,42.89402789790319,-87.89282968229121,42.980391637955094,2020-07-17,2,17.0
55079160203,55079185100,-87.91638950191752,42.89402789790319,-87.86132764015301,42.9760744263621,2020-07-17,4,34.0
55079160203,55079019900,-87.91638950191752,42.89402789790319,-87.98235255712866,42.973172118392476,2020-07-17,1,8.0
55079160203,55079101700,-87.91638950191752,42.89402789790319,-88.00697190300957,43.00173437379505,2020-07-17,2,17.0
55079160203,55079100200,-87.91638950191752,42.89402789790319,-87.99137992566246,43.01460892403096,2020-07-17,1,8.0
55079160203,55079003100,-87.91638950191752,42.89402789790319,-87.98607018194353,43.10091760946077,2020-07-17,1,8.0
55079160203,55079007600,-87.91638950191752,42.89402789790319,-87.87859580944733,43.06399812725538,2020-07-17,1,8.0
55079160203,55079009800,-87.91638950191752,42.89402789790319,-87.95409571434068,43.059778012269526,2020-07-17,1,8.0
55079160203,55079020300,-87.91638950191752,42.89402789790319,-87.92658964497383,42.979242665655576,2020-07-17,2,17.0
55079160203,55079020900,-87.91638950191752,42.89402789790319,-87.90186271433869,42.97013349358029,2020-07-17,1,8.0
55079160203,55079018800,-87.91638950191752,42.89402789790319,-87.94058386370827,42.99929639057026,2020-07-17,1,8.0
55079160203,55079186600,-87.91638950191752,42.89402789790319,-87.91355022125023,43.001384465822476,2020-07-17,1,8.0
55079160203,55079018500,-87.91638950191752,42.89402789790319,-87.91439743752404,42.98441904059949,2020-07-17,2,17.0
55079160203,55079021500,-87.91638950191752,42.89402789790319,-87.94398245259515,42.952098604888974,2020-07-17,6,51.0
55079160203,55079020200,-87.91638950191752,42.89402789790319,-87.94112496275925,42.977527635995024,2020-07-17,1,8.0
55079160203,55079150303,-87.91638950191752,42.89402789790319,-88.02312771344377,42.88960646488504,2020-07-17,3,25.0
55079160203,55079019700,-87.91638950191752,42.89402789790319,-88.00741820523533,42.97570820507905,2020-07-17,1,8.0
55079160203,55079009000,-87.91638950191752,42.89402789790319,-87.9610837883489,43.060355868415826,2020-07-17,1,8.0
55079160203,55079018300,-87.91638950191752,42.89402789790319,-87.89285805580873,42.991354183119796,2020-07-17,2,17.0
55079160203,55079001100,-87.91638950191752,42.89402789790319,-87.96901390366762,43.127689901740844,2020-07-17,1,8.0
55079160203,55079017600,-87.91638950191752,42.89402789790319,-87.92236059293215,43.00280872383964,2020-07-17,1,8.0
55079160203,55079180200,-87.91638950191752,42.89402789790319,-87.85506992096182,42.95465467367753,2020-07-17,2,17.0
55079160203,55079008900,-87.91638950191752,42.89402789790319,-87.95337828163817,43.06706338271535,2020-07-17,1,8.0
55079160203,55079170100,-87.91638950191752,42.89402789790319,-87.84892368656588,42.919583500675934,2020-07-17,8,68.0
55079160203,55079100300,-87.91638950191752,42.89402789790319,-88.00316709835943,43.017354422985534,2020-07-17,1,8.0
55079160203,55079101200,-87.91638950191752,42.89402789790319,-88.02772831407549,42.99180235090393,2020-07-17,3,25.0
55079160203,55079021800,-87.91638950191752,42.89402789790319,-87.95694377227925,42.94079756603018,2020-07-17,2,17.0
55079160203,55079186900,-87.91638950191752,42.89402789790319,-87.88804149673794,43.05226526687869,2020-07-17,1,8.0
55079160203,55079005100,-87.91638950191752,42.89402789790319,-87.99757698420609,43.08261869423604,2020-07-17,1,8.0
55079160203,55079170600,-87.91638950191752,42.89402789790319,-87.86320935056827,42.907724102777856,2020-07-17,32,274.0
55079160203,55079185200,-87.91638950191752,42.89402789790319,-87.88193798921913,42.967674094622936,2020-07-17,4,34.0
55079160203,55079170300,-87.91638950191752,42.89402789790319,-87.87538996197884,42.9095536521384,2020-07-17,6,51.0
55079160203,55079009200,-87.91638950191752,42.89402789790319,-87.97560474362125,43.06069020349929,2020-07-17,1,8.0
55079160203,55079006100,-87.91638950191752,42.89402789790319,-87.96847508739953,43.06791249267312,2020-07-17,1,8.0
55079160203,55079001000,-87.91638950191752,42.89402789790319,-87.95348314468296,43.12464896388482,2020-07-17,1,8.0
55079160203,55079170400,-87.91638950191752,42.89402789790319,-87.8734267877277,42.89848248246609,2020-07-17,1,8.0
55079160203,55079009700,-87.91638950191752,42.89402789790319,-87.95262115062044,43.05393954073114,2020-07-17,1,8.0
55079170500,55079020000,-87.85764758199707,42.897602993060175,-87.95273620994368,42.98405311376188,2020-07-17,2,47.0
55079170500,55079004400,-87.85764758199707,42.897602993060175,-87.90608569163814,43.089298213737145,2020-07-17,1,23.0
55079170500,55079019000,-87.85764758199707,42.897602993060175,-87.967877289968,42.995496154489715,2020-07-17,1,23.0
55079170500,55079000202,-87.85764758199707,42.897602993060175,-88.04132965001602,43.160382512849615,2020-07-17,1,23.0
55079170500,55079110100,-87.85764758199707,42.897602993060175,-87.9710022364233,43.012448953036525,2020-07-17,2,47.0
55079170500,55079018100,-87.85764758199707,42.897602993060175,-87.88469234682039,42.998709042311724,2020-07-17,2,47.0
55079170500,55079160100,-87.85764758199707,42.897602993060175,-87.91471599062149,42.91513941042769,2020-07-17,11,261.0
55079170500,55079101600,-87.85764758199707,42.897602993060175,-87.98881839806968,43.003113634057684,2020-07-17,1,23.0
55079170500,55079186300,-87.85764758199707,42.897602993060175,-87.91799927397663,43.040616743150025,2020-07-17,1,23.0
55079170500,55079021700,-87.85764758199707,42.897602993060175,-87.91312462574102,42.94052513723052,2020-07-17,3,71.0
55079170500,55079019200,-87.85764758199707,42.897602993060175,-87.9858350139744,42.99282711086924,2020-07-17,1,23.0
55079170500,55079120203,-87.85764758199707,42.897602993060175,-88.00776394431053,42.95694649923871,2020-07-17,2,47.0
55079170500,55079170500,-87.85764758199707,42.897602993060175,-87.85764758199707,42.897602993060175,2020-07-17,84,1998.0
55079170500,55079160300,-87.85764758199707,42.897602993060175,-87.8893867076047,42.856940087232964,2020-07-17,4,95.0
55079170500,55079017300,-87.85764758199707,42.897602993060175,-87.94877202549131,43.0036525046766,2020-07-17,1,23.0
55079170500,55079004800,-87.85764758199707,42.897602993060175,-87.96231596301399,43.077035360461494,2020-07-17,1,23.0
55079170500,55079003200,-87.85764758199707,42.897602993060175,-88.00111189801154,43.10115852758208,2020-07-17,1,23.0
55079170500,55079185300,-87.85764758199707,42.897602993060175,-88.04265402690729,43.049880154873065,2020-07-17,1,23.0
55079170500,55079020800,-87.85764758199707,42.897602993060175,-87.87636299879055,42.985307292991365,2020-07-17,1,23.0
55079170500,55079187400,-87.85764758199707,42.897602993060175,-87.90767949876499,43.03217517915639,2020-07-17,2,47.0
55079170500,55079150304,-87.85764758199707,42.897602993060175,-88.02760163837803,42.91519132559998,2020-07-17,1,23.0
55079170500,55079160204,-87.85764758199707,42.897602993060175,-87.9317944903397,42.879700165258704,2020-07-17,3,71.0
55079170500,55079187200,-87.85764758199707,42.897602993060175,-88.00769048889484,42.863813659193866,2020-07-17,7,166.0
55079170500,55079160203,-87.85764758199707,42.897602993060175,-87.91638950191752,42.89402789790319,2020-07-17,8,190.0
55079170500,55079170200,-87.85764758199707,42.897602993060175,-87.87263683893734,42.92275381108851,2020-07-17,1,23.0
55079170500,55079091200,-87.85764758199707,42.897602993060175,-88.00388284004167,43.0467075980639,2020-07-17,1,23.0
55079170500,55079100500,-87.85764758199707,42.897602993060175,-88.02674691869541,43.01326660162138,2020-07-17,1,23.0
55079170500,55079160202,-87.85764758199707,42.897602993060175,-87.87217546542965,42.881379330302295,2020-07-17,7,166.0
55079170500,55079180400,-87.85764758199707,42.897602993060175,-87.85633588550823,42.93709205888796,2020-07-17,3,71.0
55079170500,55079100900,-87.85764758199707,42.897602993060175,-88.05216898532913,43.00959788353506,2020-07-17,1,23.0
55079170500,55079017900,-87.85764758199707,42.897602993060175,-87.90503327479618,42.998772533253295,2020-07-17,1,23.0
55079170500,55079030100,-87.85764758199707,42.897602993060175,-87.89837270942148,43.1819862198906,2020-07-17,1,23.0
55079170500,55079170700,-87.85764758199707,42.897602993060175,-87.84797376219025,42.90256149755693,2020-07-17,1,23.0
55079170500,55079021600,-87.85764758199707,42.897602993060175,-87.92488475274558,42.952251222261935,2020-07-17,1,23.0
55079170500,55079003400,-87.85764758199707,42.897602993060175,-88.02444287795417,43.0934576342605,2020-07-17,1,23.0
55079170500,55079180300,-87.85764758199707,42.897602993060175,-87.87005593266791,42.951885652862586,2020-07-17,4,95.0
55079170500,55079080200,-87.85764758199707,42.897602993060175,-87.8877423232882,43.0942616397457,2020-07-17,1,23.0
55079170500,55079101700,-87.85764758199707,42.897602993060175,-88.00697190300957,43.00173437379505,2020-07-17,1,23.0
55079170500,55079100200,-87.85764758199707,42.897602993060175,-87.99137992566246,43.01460892403096,2020-07-17,1,23.0
55079170500,55079000900,-87.85764758199707,42.897602993060175,-87.95566887882444,43.14970170326806,2020-07-17,1,23.0
55079170500,55079017400,-87.85764758199707,42.897602993060175,-87.9382983850757,43.00476614107047,2020-07-17,1,23.0
55079170500,55079018500,-87.85764758199707,42.897602993060175,-87.91439743752404,42.98441904059949,2020-07-17,1,23.0
55079170500,55079150303,-87.85764758199707,42.897602993060175,-88.02312771344377,42.88960646488504,2020-07-17,2,47.0
55079170500,55079013700,-87.85764758199707,42.897602993060175,-87.94529508707278,43.04229912697773,2020-07-17,1,23.0
55079170500,55079018300,-87.85764758199707,42.897602993060175,-87.89285805580873,42.991354183119796,2020-07-17,1,23.0
55079170500,55079018700,-87.85764758199707,42.897602993060175,-87.92991431934564,42.995583237143,2020-07-17,1,23.0
55079170500,55079090700,-87.85764758199707,42.897602993060175,-88.02545440842808,43.059193901469925,2020-07-17,1,23.0
55079170500,55079170100,-87.85764758199707,42.897602993060175,-87.84892368656588,42.919583500675934,2020-07-17,6,142.0
55079170500,55079170600,-87.85764758199707,42.897602993060175,-87.86320935056827,42.907724102777856,2020-07-17,13,309.0
55079170500,55079185200,-87.85764758199707,42.897602993060175,-87.88193798921913,42.967674094622936,2020-07-17,1,23.0
55079170500,55079170300,-87.85764758199707,42.897602993060175,-87.87538996197884,42.9095536521384,2020-07-17,2,47.0
55079170500,55079170400,-87.85764758199707,42.897602993060175,-87.8734267877277,42.89848248246609,2020-07-17,3,71.0
55079170500,55079006900,-87.85764758199707,42.897602993060175,-87.91078185483303,43.07979537793229,2020-07-17,1,23.0
55079070200,55079060200,-87.8919112738197,43.1133970416122,-87.9245165328896,43.11556508690733,2020-07-17,11,294.0
55079070200,55079004400,-87.8919112738197,43.1133970416122,-87.90608569163814,43.089298213737145,2020-07-17,2,53.0
55079070200,55079090300,-87.8919112738197,43.1133970416122,-88.0515779905257,43.06739040507833,2020-07-17,3,80.0
55079070200,55079021700,-87.8919112738197,43.1133970416122,-87.91312462574102,42.94052513723052,2020-07-17,2,53.0
55079070200,55079070300,-87.8919112738197,43.1133970416122,-87.90380003116019,43.10631443965618,2020-07-17,12,320.0
55079070200,55079000501,-87.8919112738197,43.1133970416122,-88.04340002069712,43.115390222488664,2020-07-17,5,133.0
55079070200,55079009500,-87.8919112738197,43.1133970416122,-87.97530476217976,43.0530114064315,2020-07-17,1,26.0
55079070200,55079060101,-87.8919112738197,43.1133970416122,-87.92535691568614,43.13950788268824,2020-07-17,8,213.0
55079070200,55079185300,-87.8919112738197,43.1133970416122,-88.04265402690729,43.049880154873065,2020-07-17,3,80.0
55079070200,55079187400,-87.8919112738197,43.1133970416122,-87.90767949876499,43.03217517915639,2020-07-17,3,80.0
55079070200,55079000800,-87.8919112738197,43.1133970416122,-87.97372753660457,43.14064967469203,2020-07-17,2,53.0
55079070200,55079080100,-87.8919112738197,43.1133970416122,-87.89773689723896,43.0955518884228,2020-07-17,2,53.0
55079070200,55079002800,-87.8919112738197,43.1133970416122,-87.97141961541004,43.10830621321033,2020-07-17,1,26.0
55079070200,55079014600,-87.8919112738197,43.1133970416122,-87.93032605572249,43.04237842637439,2020-07-17,1,26.0
55079070200,55079070100,-87.8919112738197,43.1133970416122,-87.9076583493148,43.12063010988105,2020-07-17,33,882.0
55079070200,55079030100,-87.8919112738197,43.1133970416122,-87.89837270942148,43.1819862198906,2020-07-17,1,26.0
55079070200,55079007700,-87.8919112738197,43.1133970416122,-87.88849935823362,43.06389053422122,2020-07-17,2,53.0
55079070200,55079040100,-87.8919112738197,43.1133970416122,-87.93527423095499,43.17163768621121,2020-07-17,5,133.0
55079070200,55079035100,-87.8919112738197,43.1133970416122,-87.89285549776399,43.15380150659221,2020-07-17,4,106.0
55079070200,55079011300,-87.8919112738197,43.1133970416122,-87.90713298111844,43.04890661506502,2020-07-17,2,53.0
55079070200,55079014400,-87.8919112738197,43.1133970416122,-87.90784049253895,43.042413401572134,2020-07-17,7,187.0
55079070200,55079070200,-87.8919112738197,43.1133970416122,-87.8919112738197,43.1133970416122,2020-07-17,170,4547.0
55079070200,55079005800,-87.8919112738197,43.1133970416122,-87.99994620357029,43.072303413103626,2020-07-17,1,26.0
55079070200,55079035200,-87.8919112738197,43.1133970416122,-87.9070718018067,43.16012040860922,2020-07-17,12,320.0
55079070200,55079050102,-87.8919112738197,43.1133970416122,-87.96743569232115,43.172443064752215,2020-07-17,9,240.0
55079070200,55079007300,-87.8919112738197,43.1133970416122,-87.88807891595606,43.0779148594549,2020-07-17,1,26.0
55079070200,55079080200,-87.8919112738197,43.1133970416122,-87.8877423232882,43.0942616397457,2020-07-17,5,133.0
55079070200,55079007600,-87.8919112738197,43.1133970416122,-87.87859580944733,43.06399812725538,2020-07-17,1,26.0
55079070200,55079000900,-87.8919112738197,43.1133970416122,-87.95566887882444,43.14970170326806,2020-07-17,1,26.0
55079070200,55079001300,-87.8919112738197,43.1133970416122,-87.99843350448002,43.126783535933505,2020-07-17,1,26.0
55079070200,55079080400,-87.8919112738197,43.1133970416122,-87.88848724040903,43.08594082590386,2020-07-17,3,80.0
55079070200,55079101300,-87.8919112738197,43.1133970416122,-88.02770018483265,42.99907770295741,2020-07-17,1,26.0
55079070200,55079170100,-87.8919112738197,43.1133970416122,-87.84892368656588,42.919583500675934,2020-07-17,1,26.0
55079070200,55079060102,-87.8919112738197,43.1133970416122,-87.93974960524739,43.148654535590595,2020-07-17,3,80.0
55079070200,55079007400,-87.8919112738197,43.1133970416122,-87.87216855868374,43.078043126250115,2020-07-17,1,26.0
55079080300,55079060200,-87.87475616434764,43.089996653126924,-87.9245165328896,43.11556508690733,2020-07-17,8,277.0
55079080300,55079004400,-87.87475616434764,43.089996653126924,-87.90608569163814,43.089298213737145,2020-07-17,2,69.0
55079080300,55079010800,-87.87475616434764,43.089996653126924,-87.88986181293924,43.05733829509928,2020-07-17,3,103.0
55079080300,55079110100,-87.87475616434764,43.089996653126924,-87.9710022364233,43.012448953036525,2020-07-17,1,34.0
55079080300,55079000600,-87.87475616434764,43.089996653126924,-88.00190569680801,43.14010292722225,2020-07-17,1,34.0
55079080300,55079090300,-87.87475616434764,43.089996653126924,-88.0515779905257,43.06739040507833,2020-07-17,2,69.0
55079080300,55079186300,-87.87475616434764,43.089996653126924,-87.91799927397663,43.040616743150025,2020-07-17,1,34.0
55079080300,55079021700,-87.87475616434764,43.089996653126924,-87.91312462574102,42.94052513723052,2020-07-17,2,69.0
55079080300,55079090200,-87.87475616434764,43.089996653126924,-88.05200796218348,43.081902180003375,2020-07-17,3,103.0
55079080300,55079060101,-87.87475616434764,43.089996653126924,-87.92535691568614,43.13950788268824,2020-07-17,1,34.0
55079080300,55079080300,-87.87475616434764,43.089996653126924,-87.87475616434764,43.089996653126924,2020-07-17,93,3221.0
55079080300,55079185300,-87.87475616434764,43.089996653126924,-88.04265402690729,43.049880154873065,2020-07-17,1,34.0
55079080300,55079187400,-87.87475616434764,43.089996653126924,-87.90767949876499,43.03217517915639,2020-07-17,4,138.0
55079080300,55079186800,-87.87475616434764,43.089996653126924,-87.9506670108877,43.02815858561159,2020-07-17,1,34.0
55079080300,55079080100,-87.87475616434764,43.089996653126924,-87.89773689723896,43.0955518884228,2020-07-17,2,69.0
55079080300,55079091200,-87.87475616434764,43.089996653126924,-88.00388284004167,43.0467075980639,2020-07-17,1,34.0
55079080300,55079007500,-87.87475616434764,43.089996653126924,-87.87772470520909,43.071061371506396,2020-07-17,1,34.0
55079080300,55079070100,-87.87475616434764,43.089996653126924,-87.9076583493148,43.12063010988105,2020-07-17,3,103.0
55079080300,55079030100,-87.87475616434764,43.089996653126924,-87.89837270942148,43.1819862198906,2020-07-17,3,103.0
55079080300,55079007700,-87.87475616434764,43.089996653126924,-87.88849935823362,43.06389053422122,2020-07-17,1,34.0
55079080300,55079040100,-87.87475616434764,43.089996653126924,-87.93527423095499,43.17163768621121,2020-07-17,1,34.0
55079080300,55079014400,-87.87475616434764,43.089996653126924,-87.90784049253895,43.042413401572134,2020-07-17,1,34.0
55079080300,55079070200,-87.87475616434764,43.089996653126924,-87.8919112738197,43.1133970416122,2020-07-17,2,69.0
55079080300,55079187000,-87.87475616434764,43.089996653126924,-87.88728455831759,43.05530607398437,2020-07-17,1,34.0
55079080300,55079130100,-87.87475616434764,43.089996653126924,-88.04407902007586,42.942752065148895,2020-07-17,1,34.0
55079080300,55079050102,-87.87475616434764,43.089996653126924,-87.96743569232115,43.172443064752215,2020-07-17,1,34.0
55079080300,55079007900,-87.87475616434764,43.089996653126924,-87.89683936352995,43.06599950452746,2020-07-17,1,34.0
55079080300,55079007300,-87.87475616434764,43.089996653126924,-87.88807891595606,43.0779148594549,2020-07-17,2,69.0
55079080300,55079080200,-87.87475616434764,43.089996653126924,-87.8877423232882,43.0942616397457,2020-07-17,15,519.0
55079080300,55079007600,-87.87475616434764,43.089996653126924,-87.87859580944733,43.06399812725538,2020-07-17,2,69.0
55079080300,55079011000,-87.87475616434764,43.089996653126924,-87.89727240641399,43.050053518943756,2020-07-17,1,34.0
55079080300,55079080400,-87.87475616434764,43.089996653126924,-87.88848724040903,43.08594082590386,2020-07-17,9,311.0
55079080300,55079007800,-87.87475616434764,43.089996653126924,-87.88801504624632,43.07075279367613,2020-07-17,1,34.0
55079080300,55079004700,-87.87475616434764,43.089996653126924,-87.94760565609727,43.08576787197636,2020-07-17,1,34.0
55079080300,55079090700,-87.87475616434764,43.089996653126924,-88.02545440842808,43.059193901469925,2020-07-17,1,34.0
55079080300,55079060102,-87.87475616434764,43.089996653126924,-87.93974960524739,43.148654535590595,2020-07-17,1,34.0
55079080300,55079007400,-87.87475616434764,43.089996653126924,-87.87216855868374,43.078043126250115,2020-07-17,1,34.0
55079120101,55079020000,-88.04814010007517,42.95916305909443,-87.95273620994368,42.98405311376188,2020-07-17,3,47.0
55079120101,55079012800,-88.04814010007517,42.95916305909443,-88.03145321223326,43.03059221584991,2020-07-17,1,15.0
55079120101,55079010800,-88.04814010007517,42.95916305909443,-87.88986181293924,43.05733829509928,2020-07-17,2,31.0
55079120101,55079101000,-88.04814010007517,42.95916305909443,-88.05764456171738,42.99173938525954,2020-07-17,5,79.0
55079120101,55079021200,-88.04814010007517,42.95916305909443,-87.92101040508955,42.965284697357816,2020-07-17,1,15.0
55079120101,55079160100,-88.04814010007517,42.95916305909443,-87.91471599062149,42.91513941042769,2020-07-17,3,47.0
55079120101,55079021700,-88.04814010007517,42.95916305909443,-87.91312462574102,42.94052513723052,2020-07-17,6,95.0
55079120101,55079120501,-88.04814010007517,42.95916305909443,-87.96680035551529,42.94072396992586,2020-07-17,2,31.0
55079120101,55079019100,-88.04814010007517,42.95916305909443,-87.96549351619066,42.982165146288615,2020-07-17,1,15.0
55079120101,55079019200,-88.04814010007517,42.95916305909443,-87.9858350139744,42.99282711086924,2020-07-17,1,15.0
55079120101,55079120400,-88.04814010007517,42.95916305909443,-87.96548496050795,42.96670427425607,2020-07-17,2,31.0
55079120101,55079120203,-88.04814010007517,42.95916305909443,-88.00776394431053,42.95694649923871,2020-07-17,15,239.0
55079120101,55079160300,-88.04814010007517,42.95916305909443,-87.8893867076047,42.856940087232964,2020-07-17,1,15.0
55079120101,55079019400,-88.04814010007517,42.95916305909443,-88.02755647500341,42.984577749923744,2020-07-17,1,15.0
55079120101,55079021400,-88.04814010007517,42.95916305909443,-87.93891709359613,42.96295890378409,2020-07-17,1,15.0
55079120101,55079060101,-88.04814010007517,42.95916305909443,-87.92535691568614,43.13950788268824,2020-07-17,1,15.0
55079120101,55079090600,-88.04814010007517,42.95916305909443,-88.05435154566402,43.03795832032663,2020-07-17,1,15.0
55079120101,55079185300,-88.04814010007517,42.95916305909443,-88.04265402690729,43.049880154873065,2020-07-17,4,63.0
55079120101,55079120502,-88.04814010007517,42.95916305909443,-87.96510992081555,42.95304728304586,2020-07-17,1,15.0
55079120101,55079187400,-88.04814010007517,42.95916305909443,-87.90767949876499,43.03217517915639,2020-07-17,3,47.0
55079120101,55079150304,-88.04814010007517,42.95916305909443,-88.02760163837803,42.91519132559998,2020-07-17,1,15.0
55079120101,55079130200,-88.04814010007517,42.95916305909443,-88.05891051157585,42.93732261654573,2020-07-17,10,159.0
55079120101,55079000400,-88.04814010007517,42.95916305909443,-88.05554472050937,43.110954423820296,2020-07-17,1,15.0
55079120101,55079160204,-88.04814010007517,42.95916305909443,-87.9317944903397,42.879700165258704,2020-07-17,1,15.0
55079120101,55079186800,-88.04814010007517,42.95916305909443,-87.9506670108877,43.02815858561159,2020-07-17,3,47.0
55079120101,55079187200,-88.04814010007517,42.95916305909443,-88.00769048889484,42.863813659193866,2020-07-17,1,15.0
55079120101,55079160203,-88.04814010007517,42.95916305909443,-87.91638950191752,42.89402789790319,2020-07-17,2,31.0
55079120101,55079020100,-88.04814010007517,42.95916305909443,-87.94099671150566,42.988482506396224,2020-07-17,1,15.0
55079120101,55079180400,-88.04814010007517,42.95916305909443,-87.85633588550823,42.93709205888796,2020-07-17,1,15.0
55079120101,55079101100,-88.04814010007517,42.95916305909443,-88.04276904850849,42.99420752845147,2020-07-17,8,127.0
55079120101,55079140100,-88.04814010007517,42.95916305909443,-88.0188613886232,42.93745223479677,2020-07-17,7,111.0
55079120101,55079140201,-88.04814010007517,42.95916305909443,-87.99911426080601,42.93902100763907,2020-07-17,10,159.0
55079120101,55079140202,-88.04814010007517,42.95916305909443,-87.981557716435,42.93443757238657,2020-07-17,1,15.0
55079120101,55079120101,-88.04814010007517,42.95916305909443,-88.04814010007517,42.95916305909443,2020-07-17,230,3668.0
55079120101,55079014400,-88.04814010007517,42.95916305909443,-87.90784049253895,43.042413401572134,2020-07-17,1,15.0
55079120101,55079150100,-88.04814010007517,42.95916305909443,-87.97759713310646,42.91424119290261,2020-07-17,4,63.0
55079120101,55079021600,-88.04814010007517,42.95916305909443,-87.92488475274558,42.952251222261935,2020-07-17,1,15.0
55079120101,55079016600,-88.04814010007517,42.95916305909443,-87.9139279223807,43.010028166006215,2020-07-17,1,15.0
55079120101,55079120102,-88.04814010007517,42.95916305909443,-88.04966546230908,42.97409794368699,2020-07-17,14,223.0
55079120101,55079130100,-88.04814010007517,42.95916305909443,-88.04407902007586,42.942752065148895,2020-07-17,29,462.0
55079120101,55079101800,-88.04814010007517,42.95916305909443,-88.00969812606968,42.99373426381014,2020-07-17,1,15.0
55079120101,55079150301,-88.04814010007517,42.95916305909443,-88.05345903025625,42.89781994777656,2020-07-17,2,31.0
55079120101,55079120201,-88.04814010007517,42.95916305909443,-88.01868214174351,42.96737507435749,2020-07-17,3,47.0
55079120101,55079180300,-88.04814010007517,42.95916305909443,-87.87005593266791,42.951885652862586,2020-07-17,2,31.0
55079120101,55079019500,-88.04814010007517,42.95916305909443,-88.02769031152603,42.97732706705707,2020-07-17,1,15.0
55079120101,55079185100,-88.04814010007517,42.95916305909443,-87.86132764015301,42.9760744263621,2020-07-17,1,15.0
55079120101,55079101500,-88.04814010007517,42.95916305909443,-88.00747595996755,43.007126720391405,2020-07-17,1,15.0
55079120101,55079101700,-88.04814010007517,42.95916305909443,-88.00697190300957,43.00173437379505,2020-07-17,1,15.0
55079120101,55079186600,-88.04814010007517,42.95916305909443,-87.91355022125023,43.001384465822476,2020-07-17,1,15.0
55079120101,55079120202,-88.04814010007517,42.95916305909443,-87.99868084532402,42.965848843600455,2020-07-17,3,47.0
55079120101,55079018500,-88.04814010007517,42.95916305909443,-87.91439743752404,42.98441904059949,2020-07-17,3,47.0
55079120101,55079021500,-88.04814010007517,42.95916305909443,-87.94398245259515,42.952098604888974,2020-07-17,3,47.0
55079120101,55079150303,-88.04814010007517,42.95916305909443,-88.02312771344377,42.88960646488504,2020-07-17,1,15.0
55079120101,55079018700,-88.04814010007517,42.95916305909443,-87.92991431934564,42.995583237143,2020-07-17,1,15.0
55079120101,55079014300,-88.04814010007517,42.95916305909443,-87.90101539256612,43.042731429373134,2020-07-17,1,15.0
55079120101,55079101300,-88.04814010007517,42.95916305909443,-88.02770018483265,42.99907770295741,2020-07-17,4,63.0
55079120101,55079100300,-88.04814010007517,42.95916305909443,-88.00316709835943,43.017354422985534,2020-07-17,2,31.0
55079120101,55079101200,-88.04814010007517,42.95916305909443,-88.02772831407549,42.99180235090393,2020-07-17,1,15.0
55079120101,55079186900,-88.04814010007517,42.95916305909443,-87.88804149673794,43.05226526687869,2020-07-17,2,31.0
55079120101,55079060102,-88.04814010007517,42.95916305909443,-87.93974960524739,43.148654535590595,2020-07-17,1,15.0
55079120101,55079170300,-88.04814010007517,42.95916305909443,-87.87538996197884,42.9095536521384,2020-07-17,1,15.0
55079120101,55079012900,-88.04814010007517,42.95916305909443,-87.99989477924994,43.028140622580246,2020-07-17,1,15.0
55079120101,55079185400,-88.04814010007517,42.95916305909443,-87.93768935592728,43.06023552955454,2020-07-17,2,31.0
55079120101,55079015900,-88.04814010007517,42.95916305909443,-87.9473669417017,43.02159668337006,2020-07-17,1,15.0
55079000600,55079020000,-88.00190569680801,43.14010292722225,-87.95273620994368,42.98405311376188,2020-07-17,2,45.0
55079000600,55079002400,-88.00190569680801,43.14010292722225,-87.95188617843814,43.106404380820805,2020-07-17,1,22.0
55079000600,55079004300,-88.00190569680801,43.14010292722225,-87.93220867621264,43.094799127568905,2020-07-17,1,22.0
55079000600,55079060200,-88.00190569680801,43.14010292722225,-87.9245165328896,43.11556508690733,2020-07-17,9,206.0
55079000600,55079004400,-88.00190569680801,43.14010292722225,-87.90608569163814,43.089298213737145,2020-07-17,2,45.0
55079000600,55079015700,-88.00190569680801,43.14010292722225,-87.92777138656925,43.021663598322064,2020-07-17,1,22.0
55079000600,55079016200,-88.00190569680801,43.14010292722225,-87.94745090497267,43.01660575920564,2020-07-17,1,22.0
55079000600,55079000101,-88.00190569680801,43.14010292722225,-88.00922083481396,43.18510784936368,2020-07-17,10,229.0
55079000600,55079000102,-88.00190569680801,43.14010292722225,-88.01167859828367,43.164645145767146,2020-07-17,10,229.0
55079000600,55079000202,-88.00190569680801,43.14010292722225,-88.04132965001602,43.160382512849615,2020-07-17,8,183.0
55079000600,55079002300,-88.00190569680801,43.14010292722225,-87.93621856893152,43.105985427841645,2020-07-17,2,45.0
55079000600,55079010800,-88.00190569680801,43.14010292722225,-87.88986181293924,43.05733829509928,2020-07-17,1,22.0
55079000600,55079011400,-88.00190569680801,43.14010292722225,-87.9106574898586,43.05269479350376,2020-07-17,1,22.0
55079000600,55079110100,-88.00190569680801,43.14010292722225,-87.9710022364233,43.012448953036525,2020-07-17,1,22.0
55079000600,55079160100,-88.00190569680801,43.14010292722225,-87.91471599062149,42.91513941042769,2020-07-17,2,45.0
55079000600,55079000600,-88.00190569680801,43.14010292722225,-88.00190569680801,43.14010292722225,2020-07-17,247,5671.0
55079000600,55079050101,-88.00190569680801,43.14010292722225,-87.98494662348081,43.17683059907653,2020-07-17,6,137.0
55079000600,55079090300,-88.00190569680801,43.14010292722225,-88.0515779905257,43.06739040507833,2020-07-17,8,183.0
55079000600,55079186300,-88.00190569680801,43.14010292722225,-87.91799927397663,43.040616743150025,2020-07-17,1,22.0
55079000600,55079090100,-88.00190569680801,43.14010292722225,-88.04837730790923,43.0973204568905,2020-07-17,2,45.0
55079000600,55079090200,-88.00190569680801,43.14010292722225,-88.05200796218348,43.081902180003375,2020-07-17,11,252.0
55079000600,55079090900,-88.00190569680801,43.14010292722225,-88.00270912368009,43.06124682618238,2020-07-17,1,22.0
55079000600,55079120203,-88.00190569680801,43.14010292722225,-88.00776394431053,42.95694649923871,2020-07-17,1,22.0
55079000600,55079160300,-88.00190569680801,43.14010292722225,-87.8893867076047,42.856940087232964,2020-07-17,1,22.0
55079000600,55079000501,-88.00190569680801,43.14010292722225,-88.04340002069712,43.115390222488664,2020-07-17,9,206.0
55079000600,55079001200,-88.00190569680801,43.14010292722225,-87.98620080987179,43.12617611256525,2020-07-17,2,45.0
55079000600,55079003500,-88.00190569680801,43.14010292722225,-87.99830093777771,43.09359369867719,2020-07-17,6,137.0
55079000600,55079004800,-88.00190569680801,43.14010292722225,-87.96231596301399,43.077035360461494,2020-07-17,3,68.0
55079000600,55079003200,-88.00190569680801,43.14010292722225,-88.00111189801154,43.10115852758208,2020-07-17,3,68.0
55079000600,55079185500,-88.00190569680801,43.14010292722225,-87.92624880733425,43.0601763240656,2020-07-17,2,45.0
55079000600,55079000302,-88.00190569680801,43.14010292722225,-88.04649688617519,43.13922972061493,2020-07-17,2,45.0
55079000600,55079185300,-88.00190569680801,43.14010292722225,-88.04265402690729,43.049880154873065,2020-07-17,3,68.0
55079000600,55079120502,-88.00190569680801,43.14010292722225,-87.96510992081555,42.95304728304586,2020-07-17,1,22.0
55079000600,55079187400,-88.00190569680801,43.14010292722225,-87.90767949876499,43.03217517915639,2020-07-17,1,22.0
55079000600,55079000800,-88.00190569680801,43.14010292722225,-87.97372753660457,43.14064967469203,2020-07-17,4,91.0
55079000600,55079004600,-88.00190569680801,43.14010292722225,-87.9321086251029,43.08569057130924,2020-07-17,1,22.0
55079000600,55079005400,-88.00190569680801,43.14010292722225,-88.02259608100492,43.0824437803151,2020-07-17,4,91.0
55079000600,55079000400,-88.00190569680801,43.14010292722225,-88.05554472050937,43.110954423820296,2020-07-17,2,45.0
55079000600,55079000502,-88.00190569680801,43.14010292722225,-88.03128731150349,43.12480634966938,2020-07-17,9,206.0
55079000600,55079006200,-88.00190569680801,43.14010292722225,-87.96097127315564,43.067902782244275,2020-07-17,1,22.0
55079000600,55079186800,-88.00190569680801,43.14010292722225,-87.9506670108877,43.02815858561159,2020-07-17,4,91.0
55079000600,55079187200,-88.00190569680801,43.14010292722225,-88.00769048889484,42.863813659193866,2020-07-17,1,22.0
55079000600,55079100500,-88.00190569680801,43.14010292722225,-88.02674691869541,43.01326660162138,2020-07-17,1,22.0
55079000600,55079020100,-88.00190569680801,43.14010292722225,-87.94099671150566,42.988482506396224,2020-07-17,1,22.0
55079000600,55079160202,-88.00190569680801,43.14010292722225,-87.87217546542965,42.881379330302295,2020-07-17,1,22.0
55079000600,55079001400,-88.00190569680801,43.14010292722225,-88.01656972395298,43.130900969315825,2020-07-17,2,45.0
55079000600,55079002800,-88.00190569680801,43.14010292722225,-87.97141961541004,43.10830621321033,2020-07-17,2,45.0
55079000600,55079014600,-88.00190569680801,43.14010292722225,-87.93032605572249,43.04237842637439,2020-07-17,1,22.0
55079000600,55079007000,-88.00190569680801,43.14010292722225,-87.91122456687498,43.07424564740019,2020-07-17,1,22.0
55079000600,55079013600,-88.00190569680801,43.14010292722225,-87.9527511611333,43.04369545920421,2020-07-17,1,22.0
55079000600,55079140201,-88.00190569680801,43.14010292722225,-87.99911426080601,42.93902100763907,2020-07-17,1,22.0
55079000600,55079003300,-88.00190569680801,43.14010292722225,-88.0173066794685,43.1010408446094,2020-07-17,4,91.0
55079000600,55079016800,-88.00190569680801,43.14010292722225,-87.92935001478907,43.01036042537408,2020-07-17,1,22.0
55079000600,55079120101,-88.00190569680801,43.14010292722225,-88.04814010007517,42.95916305909443,2020-07-17,1,22.0
55079000600,55079008500,-88.00190569680801,43.14010292722225,-87.9298714910033,43.06776123229879,2020-07-17,3,68.0
55079000600,55079070100,-88.00190569680801,43.14010292722225,-87.9076583493148,43.12063010988105,2020-07-17,2,45.0
55079000600,55079030100,-88.00190569680801,43.14010292722225,-87.89837270942148,43.1819862198906,2020-07-17,1,22.0
55079000600,55079007700,-88.00190569680801,43.14010292722225,-87.88849935823362,43.06389053422122,2020-07-17,1,22.0
55079000600,55079040100,-88.00190569680801,43.14010292722225,-87.93527423095499,43.17163768621121,2020-07-17,1,22.0
55079000600,55079003600,-88.00190569680801,43.14010292722225,-87.98321131530031,43.092736225323044,2020-07-17,2,45.0
55079000600,55079011300,-88.00190569680801,43.14010292722225,-87.90713298111844,43.04890661506502,2020-07-17,1,22.0
55079000600,55079014400,-88.00190569680801,43.14010292722225,-87.90784049253895,43.042413401572134,2020-07-17,1,22.0
55079000600,55079100400,-88.00190569680801,43.14010292722225,-88.01166560297426,43.0170103539625,2020-07-17,1,22.0
55079000600,55079070200,-88.00190569680801,43.14010292722225,-87.8919112738197,43.1133970416122,2020-07-17,3,68.0
55079000600,55079003400,-88.00190569680801,43.14010292722225,-88.02444287795417,43.0934576342605,2020-07-17,2,45.0
55079000600,55079035200,-88.00190569680801,43.14010292722225,-87.9070718018067,43.16012040860922,2020-07-17,4,91.0
55079000600,55079002900,-88.00190569680801,43.14010292722225,-87.98131890013833,43.108341188298006,2020-07-17,1,22.0
55079000600,55079100800,-88.00190569680801,43.14010292722225,-88.05710943935104,43.023654444193184,2020-07-17,3,68.0
55079000600,55079050102,-88.00190569680801,43.14010292722225,-87.96743569232115,43.172443064752215,2020-07-17,3,68.0
55079000600,55079015800,-88.00190569680801,43.14010292722225,-87.93761636287321,43.021659379009066,2020-07-17,1,22.0
55079000600,55079020700,-88.00190569680801,43.14010292722225,-87.89282968229121,42.980391637955094,2020-07-17,1,22.0
55079000600,55079000700,-88.00190569680801,43.14010292722225,-87.99009583376943,43.15588909293765,2020-07-17,7,160.0
55079000600,55079100200,-88.00190569680801,43.14010292722225,-87.99137992566246,43.01460892403096,2020-07-17,1,22.0
55079000600,55079017500,-88.00190569680801,43.14010292722225,-87.92965116916102,43.00287441605045,2020-07-17,1,22.0
55079000600,55079003100,-88.00190569680801,43.14010292722225,-87.98607018194353,43.10091760946077,2020-07-17,1,22.0
55079000600,55079006600,-88.00190569680801,43.14010292722225,-87.93135214789555,43.075399167305534,2020-07-17,1,22.0
55079000600,55079007600,-88.00190569680801,43.14010292722225,-87.87859580944733,43.06399812725538,2020-07-17,1,22.0
55079000600,55079000900,-88.00190569680801,43.14010292722225,-87.95566887882444,43.14970170326806,2020-07-17,3,68.0
55079000600,55079001300,-88.00190569680801,43.14010292722225,-87.99843350448002,43.126783535933505,2020-07-17,5,114.0
55079000600,55079001700,-88.00190569680801,43.14010292722225,-88.01621221830194,43.10855887721336,2020-07-17,11,252.0
55079000600,55079004200,-88.00190569680801,43.14010292722225,-87.94544782159862,43.09516547779425,2020-07-17,4,91.0
55079000600,55079011000,-88.00190569680801,43.14010292722225,-87.89727240641399,43.050053518943756,2020-07-17,1,22.0
55079000600,55079014900,-88.00190569680801,43.14010292722225,-87.94481830610269,43.03704436935605,2020-07-17,2,45.0
55079000600,55079012300,-88.00190569680801,43.14010292722225,-87.96196748080853,43.043599093031496,2020-07-17,1,22.0
55079000600,55079001500,-88.00190569680801,43.14010292722225,-88.01520145334699,43.123754077777434,2020-07-17,4,91.0
55079000600,55079080400,-88.00190569680801,43.14010292722225,-87.88848724040903,43.08594082590386,2020-07-17,1,22.0
55079000600,55079002000,-88.00190569680801,43.14010292722225,-87.96815137233186,43.115621500302275,2020-07-17,3,68.0
55079000600,55079003900,-88.00190569680801,43.14010292722225,-87.96215160813261,43.086172227530916,2020-07-17,1,22.0
55079000600,55079000201,-88.00190569680801,43.14010292722225,-88.0472441211064,43.1799495757708,2020-07-17,10,229.0
55079000600,55079004700,-88.00190569680801,43.14010292722225,-87.94760565609727,43.08576787197636,2020-07-17,2,45.0
55079000600,55079002600,-88.00190569680801,43.14010292722225,-87.96192834607115,43.10067420371696,2020-07-17,2,45.0
55079000600,55079009000,-88.00190569680801,43.14010292722225,-87.9610837883489,43.060355868415826,2020-07-17,2,45.0
55079000600,55079013700,-88.00190569680801,43.14010292722225,-87.94529508707278,43.04229912697773,2020-07-17,2,45.0
55079000600,55079000304,-88.00190569680801,43.14010292722225,-88.02644618111368,43.14364069729464,2020-07-17,8,183.0
55079000600,55079001900,-88.00190569680801,43.14010292722225,-87.98367415791445,43.115686316787006,2020-07-17,2,45.0
55079000600,55079004100,-88.00190569680801,43.14010292722225,-87.95681147526382,43.0940907627305,2020-07-17,2,45.0
55079000600,55079005100,-88.00190569680801,43.14010292722225,-87.99757698420609,43.08261869423604,2020-07-17,5,114.0
55079000600,55079060102,-88.00190569680801,43.14010292722225,-87.93974960524739,43.148654535590595,2020-07-17,4,91.0
55079000600,55079170300,-88.00190569680801,43.14010292722225,-87.87538996197884,42.9095536521384,2020-07-17,1,22.0
55079000600,55079009200,-88.00190569680801,43.14010292722225,-87.97560474362125,43.06069020349929,2020-07-17,2,45.0
55079000600,55079000301,-88.00190569680801,43.14010292722225,-88.06021668804352,43.1363311013577,2020-07-17,2,45.0
55079000600,55079012200,-88.00190569680801,43.14010292722225,-87.95271101560115,43.04866661559741,2020-07-17,1,22.0
55079000600,55079000303,-88.00190569680801,43.14010292722225,-88.04588241201564,43.12968529312476,2020-07-17,3,68.0
55079000600,55079001000,-88.00190569680801,43.14010292722225,-87.95348314468296,43.12464896388482,2020-07-17,4,91.0
55079000600,55079009300,-88.00190569680801,43.14010292722225,-87.98314520393755,43.060746025032145,2020-07-17,1,22.0
55079000600,55079008400,-88.00190569680801,43.14010292722225,-87.92332577697063,43.067583013115005,2020-07-17,1,22.0
55079000600,55079003000,-88.00190569680801,43.14010292722225,-87.99619059962126,43.10851035065769,2020-07-17,2,45.0
55079000600,55079006500,-88.00190569680801,43.14010292722225,-87.94229465456391,43.0797331466399,2020-07-17,3,68.0
55079000600,55079008800,-88.00190569680801,43.14010292722225,-87.94617084834631,43.06788862375971,2020-07-17,3,68.0
55079000600,55079015900,-88.00190569680801,43.14010292722225,-87.9473669417017,43.02159668337006,2020-07-17,1,22.0
55079000600,55079009700,-88.00190569680801,43.14010292722225,-87.95262115062044,43.05393954073114,2020-07-17,1,22.0
55079001700,55079020000,-88.01621221830194,43.10855887721336,-87.95273620994368,42.98405311376188,2020-07-17,3,57.0
55079001700,55079002100,-88.01621221830194,43.10855887721336,-87.95315716160212,43.115529640428136,2020-07-17,2,38.0
55079001700,55079004300,-88.01621221830194,43.10855887721336,-87.93220867621264,43.094799127568905,2020-07-17,1,19.0
55079001700,55079004400,-88.01621221830194,43.10855887721336,-87.90608569163814,43.089298213737145,2020-07-17,1,19.0
55079001700,55079019000,-88.01621221830194,43.10855887721336,-87.967877289968,42.995496154489715,2020-07-17,1,19.0
55079001700,55079000102,-88.01621221830194,43.10855887721336,-88.01167859828367,43.164645145767146,2020-07-17,5,95.0
55079001700,55079002300,-88.01621221830194,43.10855887721336,-87.93621856893152,43.105985427841645,2020-07-17,3,57.0
55079001700,55079010800,-88.01621221830194,43.10855887721336,-87.88986181293924,43.05733829509928,2020-07-17,1,19.0
55079001700,55079110100,-88.01621221830194,43.10855887721336,-87.9710022364233,43.012448953036525,2020-07-17,2,38.0
55079001700,55079101000,-88.01621221830194,43.10855887721336,-88.05764456171738,42.99173938525954,2020-07-17,1,19.0
55079001700,55079021200,-88.01621221830194,43.10855887721336,-87.92101040508955,42.965284697357816,2020-07-17,1,19.0
55079001700,55079160100,-88.01621221830194,43.10855887721336,-87.91471599062149,42.91513941042769,2020-07-17,4,76.0
55079001700,55079000600,-88.01621221830194,43.10855887721336,-88.00190569680801,43.14010292722225,2020-07-17,8,152.0
55079001700,55079050101,-88.01621221830194,43.10855887721336,-87.98494662348081,43.17683059907653,2020-07-17,2,38.0
55079001700,55079090300,-88.01621221830194,43.10855887721336,-88.0515779905257,43.06739040507833,2020-07-17,8,152.0
55079001700,55079012400,-88.01621221830194,43.10855887721336,-87.97680856828566,43.04580144948212,2020-07-17,1,19.0
55079001700,55079021700,-88.01621221830194,43.10855887721336,-87.91312462574102,42.94052513723052,2020-07-17,1,19.0
55079001700,55079090100,-88.01621221830194,43.10855887721336,-88.04837730790923,43.0973204568905,2020-07-17,5,95.0
55079001700,55079090200,-88.01621221830194,43.10855887721336,-88.05200796218348,43.081902180003375,2020-07-17,9,171.0
55079001700,55079120203,-88.01621221830194,43.10855887721336,-88.00776394431053,42.95694649923871,2020-07-17,1,19.0
55079001700,55079160300,-88.01621221830194,43.10855887721336,-87.8893867076047,42.856940087232964,2020-07-17,2,38.0
55079001700,55079000501,-88.01621221830194,43.10855887721336,-88.04340002069712,43.115390222488664,2020-07-17,9,171.0
55079001700,55079003500,-88.01621221830194,43.10855887721336,-87.99830093777771,43.09359369867719,2020-07-17,6,114.0
55079001700,55079004800,-88.01621221830194,43.10855887721336,-87.96231596301399,43.077035360461494,2020-07-17,1,19.0
55079001700,55079003200,-88.01621221830194,43.10855887721336,-88.00111189801154,43.10115852758208,2020-07-17,2,38.0
55079001700,55079021400,-88.01621221830194,43.10855887721336,-87.93891709359613,42.96295890378409,2020-07-17,1,19.0
55079001700,55079060101,-88.01621221830194,43.10855887721336,-87.92535691568614,43.13950788268824,2020-07-17,1,19.0
55079001700,55079185500,-88.01621221830194,43.10855887721336,-87.92624880733425,43.0601763240656,2020-07-17,1,19.0
55079001700,55079000302,-88.01621221830194,43.10855887721336,-88.04649688617519,43.13922972061493,2020-07-17,1,19.0
55079001700,55079185300,-88.01621221830194,43.10855887721336,-88.04265402690729,43.049880154873065,2020-07-17,3,57.0
55079001700,55079120502,-88.01621221830194,43.10855887721336,-87.96510992081555,42.95304728304586,2020-07-17,1,19.0
55079001700,55079187400,-88.01621221830194,43.10855887721336,-87.90767949876499,43.03217517915639,2020-07-17,1,19.0
55079001700,55079000800,-88.01621221830194,43.10855887721336,-87.97372753660457,43.14064967469203,2020-07-17,2,38.0
55079001700,55079004000,-88.01621221830194,43.10855887721336,-87.97205846198321,43.09342306765945,2020-07-17,3,57.0
55079001700,55079000400,-88.01621221830194,43.10855887721336,-88.05554472050937,43.110954423820296,2020-07-17,4,76.0
55079001700,55079000502,-88.01621221830194,43.10855887721336,-88.03128731150349,43.12480634966938,2020-07-17,11,209.0
55079001700,55079186800,-88.01621221830194,43.10855887721336,-87.9506670108877,43.02815858561159,2020-07-17,3,57.0
55079001700,55079187200,-88.01621221830194,43.10855887721336,-88.00769048889484,42.863813659193866,2020-07-17,1,19.0
55079001700,55079160203,-88.01621221830194,43.10855887721336,-87.91638950191752,42.89402789790319,2020-07-17,1,19.0
55079001700,55079091200,-88.01621221830194,43.10855887721336,-88.00388284004167,43.0467075980639,2020-07-17,1,19.0
55079001700,55079001400,-88.01621221830194,43.10855887721336,-88.01656972395298,43.130900969315825,2020-07-17,1,19.0
55079001700,55079002800,-88.01621221830194,43.10855887721336,-87.97141961541004,43.10830621321033,2020-07-17,2,38.0
55079001700,55079100900,-88.01621221830194,43.10855887721336,-88.05216898532913,43.00959788353506,2020-07-17,1,19.0
55079001700,55079013600,-88.01621221830194,43.10855887721336,-87.9527511611333,43.04369545920421,2020-07-17,1,19.0
55079001700,55079180100,-88.01621221830194,43.10855887721336,-87.84722355247969,42.95102171952154,2020-07-17,1,19.0
55079001700,55079186500,-88.01621221830194,43.10855887721336,-87.9130303085029,43.02319729476483,2020-07-17,1,19.0
55079001700,55079003300,-88.01621221830194,43.10855887721336,-88.0173066794685,43.1010408446094,2020-07-17,6,114.0
55079001700,55079007500,-88.01621221830194,43.10855887721336,-87.87772470520909,43.071061371506396,2020-07-17,1,19.0
55079001700,55079001600,-88.01621221830194,43.10855887721336,-88.01599665750028,43.11588641903863,2020-07-17,3,57.0
55079001700,55079120101,-88.01621221830194,43.10855887721336,-88.04814010007517,42.95916305909443,2020-07-17,1,19.0
55079001700,55079003600,-88.01621221830194,43.10855887721336,-87.98321131530031,43.092736225323044,2020-07-17,3,57.0
55079001700,55079003800,-88.01621221830194,43.10855887721336,-87.97215356169055,43.086187842345545,2020-07-17,1,19.0
55079001700,55079014400,-88.01621221830194,43.10855887721336,-87.90784049253895,43.042413401572134,2020-07-17,2,38.0
55079001700,55079001800,-88.01621221830194,43.10855887721336,-87.99853790291819,43.115847306484916,2020-07-17,4,76.0
55079001700,55079003400,-88.01621221830194,43.10855887721336,-88.02444287795417,43.0934576342605,2020-07-17,4,76.0
55079001700,55079005800,-88.01621221830194,43.10855887721336,-87.99994620357029,43.072303413103626,2020-07-17,1,19.0
55079001700,55079016100,-88.01621221830194,43.10855887721336,-87.95946595975387,43.016089910899275,2020-07-17,1,19.0
55079001700,55079050102,-88.01621221830194,43.10855887721336,-87.96743569232115,43.172443064752215,2020-07-17,1,19.0
55079001700,55079015800,-88.01621221830194,43.10855887721336,-87.93761636287321,43.021659379009066,2020-07-17,1,19.0
55079001700,55079006300,-88.01621221830194,43.10855887721336,-87.95229119818997,43.07635281761954,2020-07-17,1,19.0
55079001700,55079007300,-88.01621221830194,43.10855887721336,-87.88807891595606,43.0779148594549,2020-07-17,1,19.0
55079001700,55079185700,-88.01621221830194,43.10855887721336,-87.91471207902771,43.06752585199898,2020-07-17,2,38.0
55079001700,55079000700,-88.01621221830194,43.10855887721336,-87.99009583376943,43.15588909293765,2020-07-17,2,38.0
55079001700,55079101700,-88.01621221830194,43.10855887721336,-88.00697190300957,43.00173437379505,2020-07-17,1,19.0
55079001700,55079010700,-88.01621221830194,43.10855887721336,-87.90095083433016,43.0597678010215,2020-07-17,1,19.0
55079001700,55079100200,-88.01621221830194,43.10855887721336,-87.99137992566246,43.01460892403096,2020-07-17,1,19.0
55079001700,55079012600,-88.01621221830194,43.10855887721336,-87.99443577770006,43.034032251200934,2020-07-17,1,19.0
55079001700,55079005900,-88.01621221830194,43.10855887721336,-87.98523579862835,43.06821108392844,2020-07-17,1,19.0
55079001700,55079001700,-88.01621221830194,43.10855887721336,-88.01621221830194,43.10855887721336,2020-07-17,197,3743.0
55079001700,55079004200,-88.01621221830194,43.10855887721336,-87.94544782159862,43.09516547779425,2020-07-17,1,19.0
55079001700,55079186600,-88.01621221830194,43.10855887721336,-87.91355022125023,43.001384465822476,2020-07-17,1,19.0
55079001700,55079001500,-88.01621221830194,43.10855887721336,-88.01520145334699,43.123754077777434,2020-07-17,6,114.0
55079001700,55079002000,-88.01621221830194,43.10855887721336,-87.96815137233186,43.115621500302275,2020-07-17,3,57.0
55079001700,55079003900,-88.01621221830194,43.10855887721336,-87.96215160813261,43.086172227530916,2020-07-17,2,38.0
55079001700,55079000201,-88.01621221830194,43.10855887721336,-88.0472441211064,43.1799495757708,2020-07-17,5,95.0
55079001700,55079004700,-88.01621221830194,43.10855887721336,-87.94760565609727,43.08576787197636,2020-07-17,2,38.0
55079001700,55079018500,-88.01621221830194,43.10855887721336,-87.91439743752404,42.98441904059949,2020-07-17,1,19.0
55079001700,55079150303,-88.01621221830194,43.10855887721336,-88.02312771344377,42.88960646488504,2020-07-17,1,19.0
55079001700,55079009000,-88.01621221830194,43.10855887721336,-87.9610837883489,43.060355868415826,2020-07-17,1,19.0
55079001700,55079009100,-88.01621221830194,43.10855887721336,-87.96852806703085,43.060675408064526,2020-07-17,1,19.0
55079001700,55079000304,-88.01621221830194,43.10855887721336,-88.02644618111368,43.14364069729464,2020-07-17,4,76.0
55079001700,55079001900,-88.01621221830194,43.10855887721336,-87.98367415791445,43.115686316787006,2020-07-17,3,57.0
55079001700,55079003700,-88.01621221830194,43.10855887721336,-87.98336380852676,43.08546039091554,2020-07-17,2,38.0
55079001700,55079001100,-88.01621221830194,43.10855887721336,-87.96901390366762,43.127689901740844,2020-07-17,2,38.0
55079001700,55079018700,-88.01621221830194,43.10855887721336,-87.92991431934564,42.995583237143,2020-07-17,1,19.0
55079001700,55079009600,-88.01621221830194,43.10855887721336,-87.96486502955395,43.05277336645368,2020-07-17,1,19.0
55079001700,55079101300,-88.01621221830194,43.10855887721336,-88.02770018483265,42.99907770295741,2020-07-17,1,19.0
55079001700,55079004100,-88.01621221830194,43.10855887721336,-87.95681147526382,43.0940907627305,2020-07-17,1,19.0
55079001700,55079091000,-88.01621221830194,43.10855887721336,-87.99705672432205,43.06433297165757,2020-07-17,1,19.0
55079001700,55079186200,-88.01621221830194,43.10855887721336,-87.93244814260824,43.04856605375616,2020-07-17,1,19.0
55079001700,55079101200,-88.01621221830194,43.10855887721336,-88.02772831407549,42.99180235090393,2020-07-17,1,19.0
55079001700,55079021800,-88.01621221830194,43.10855887721336,-87.95694377227925,42.94079756603018,2020-07-17,1,19.0
55079001700,55079186900,-88.01621221830194,43.10855887721336,-87.88804149673794,43.05226526687869,2020-07-17,1,19.0
55079001700,55079005100,-88.01621221830194,43.10855887721336,-87.99757698420609,43.08261869423604,2020-07-17,3,57.0
55079001700,55079170600,-88.01621221830194,43.10855887721336,-87.86320935056827,42.907724102777856,2020-07-17,1,19.0
55079001700,55079014800,-88.01621221830194,43.10855887721336,-87.9402035907502,43.042125624825495,2020-07-17,2,38.0
55079001700,55079004900,-88.01621221830194,43.10855887721336,-87.97231517837423,43.077061406485264,2020-07-17,1,19.0
55079001700,55079007400,-88.01621221830194,43.10855887721336,-87.87216855868374,43.078043126250115,2020-07-17,1,19.0
55079001700,55079005600,-88.01621221830194,43.10855887721336,-88.02758035548169,43.071050112322006,2020-07-17,1,19.0
55079001700,55079186100,-88.01621221830194,43.10855887721336,-87.94279275484007,43.048652729679134,2020-07-17,1,19.0
55079001700,55079006400,-88.01621221830194,43.10855887721336,-87.94234792087695,43.07421796319209,2020-07-17,3,57.0
55079001700,55079000303,-88.01621221830194,43.10855887721336,-88.04588241201564,43.12968529312476,2020-07-17,1,19.0
55079001700,55079001000,-88.01621221830194,43.10855887721336,-87.95348314468296,43.12464896388482,2020-07-17,4,76.0
55079001700,55079009300,-88.01621221830194,43.10855887721336,-87.98314520393755,43.060746025032145,2020-07-17,1,19.0
55079001700,55079003000,-88.01621221830194,43.10855887721336,-87.99619059962126,43.10851035065769,2020-07-17,3,57.0
55079001700,55079008600,-88.01621221830194,43.10855887721336,-87.93517868399437,43.06762170689756,2020-07-17,1,19.0
55079001700,55079170400,-88.01621221830194,43.10855887721336,-87.8734267877277,42.89848248246609,2020-07-17,1,19.0
55079001700,55079006500,-88.01621221830194,43.10855887721336,-87.94229465456391,43.0797331466399,2020-07-17,1,19.0
55079001700,55079008800,-88.01621221830194,43.10855887721336,-87.94617084834631,43.06788862375971,2020-07-17,3,57.0
55079060200,55079020000,-87.9245165328896,43.11556508690733,-87.95273620994368,42.98405311376188,2020-07-17,1,23.0
55079060200,55079002100,-87.9245165328896,43.11556508690733,-87.95315716160212,43.115529640428136,2020-07-17,1,23.0
55079060200,55079002400,-87.9245165328896,43.11556508690733,-87.95188617843814,43.106404380820805,2020-07-17,1,23.0
55079060200,55079004300,-87.9245165328896,43.11556508690733,-87.93220867621264,43.094799127568905,2020-07-17,4,94.0
55079060200,55079060200,-87.9245165328896,43.11556508690733,-87.9245165328896,43.11556508690733,2020-07-17,232,5499.0
55079060200,55079004400,-87.9245165328896,43.11556508690733,-87.90608569163814,43.089298213737145,2020-07-17,8,189.0
55079060200,55079004500,-87.9245165328896,43.11556508690733,-87.92226909278084,43.08550885272536,2020-07-17,1,23.0
55079060200,55079015700,-87.9245165328896,43.11556508690733,-87.92777138656925,43.021663598322064,2020-07-17,1,23.0
55079060200,55079091300,-87.9245165328896,43.11556508690733,-88.0097444924032,43.037871666045895,2020-07-17,1,23.0
55079060200,55079000101,-87.9245165328896,43.11556508690733,-88.00922083481396,43.18510784936368,2020-07-17,3,71.0
55079060200,55079000102,-87.9245165328896,43.11556508690733,-88.01167859828367,43.164645145767146,2020-07-17,1,23.0
55079060200,55079002300,-87.9245165328896,43.11556508690733,-87.93621856893152,43.105985427841645,2020-07-17,2,47.0
55079060200,55079010800,-87.9245165328896,43.11556508690733,-87.88986181293924,43.05733829509928,2020-07-17,2,47.0
55079060200,55079011200,-87.9245165328896,43.11556508690733,-87.89756439120579,43.055476240018415,2020-07-17,1,23.0
55079060200,55079110100,-87.9245165328896,43.11556508690733,-87.9710022364233,43.012448953036525,2020-07-17,1,23.0
55079060200,55079101000,-87.9245165328896,43.11556508690733,-88.05764456171738,42.99173938525954,2020-07-17,2,47.0
55079060200,55079021200,-87.9245165328896,43.11556508690733,-87.92101040508955,42.965284697357816,2020-07-17,2,47.0
55079060200,55079000600,-87.9245165328896,43.11556508690733,-88.00190569680801,43.14010292722225,2020-07-17,2,47.0
55079060200,55079050101,-87.9245165328896,43.11556508690733,-87.98494662348081,43.17683059907653,2020-07-17,7,165.0
55079060200,55079186300,-87.9245165328896,43.11556508690733,-87.91799927397663,43.040616743150025,2020-07-17,3,71.0
55079060200,55079012400,-87.9245165328896,43.11556508690733,-87.97680856828566,43.04580144948212,2020-07-17,1,23.0
55079060200,55079070300,-87.9245165328896,43.11556508690733,-87.90380003116019,43.10631443965618,2020-07-17,2,47.0
55079060200,55079090200,-87.9245165328896,43.11556508690733,-88.05200796218348,43.081902180003375,2020-07-17,2,47.0
55079060200,55079120203,-87.9245165328896,43.11556508690733,-88.00776394431053,42.95694649923871,2020-07-17,1,23.0
55079060200,55079160300,-87.9245165328896,43.11556508690733,-87.8893867076047,42.856940087232964,2020-07-17,1,23.0
55079060200,55079000501,-87.9245165328896,43.11556508690733,-88.04340002069712,43.115390222488664,2020-07-17,1,23.0
55079060200,55079001200,-87.9245165328896,43.11556508690733,-87.98620080987179,43.12617611256525,2020-07-17,1,23.0
55079060200,55079003200,-87.9245165328896,43.11556508690733,-88.00111189801154,43.10115852758208,2020-07-17,1,23.0
55079060200,55079005300,-87.9245165328896,43.11556508690733,-88.01242727702714,43.07892288175221,2020-07-17,1,23.0
55079060200,55079060101,-87.9245165328896,43.11556508690733,-87.92535691568614,43.13950788268824,2020-07-17,10,237.0
55079060200,55079090600,-87.9245165328896,43.11556508690733,-88.05435154566402,43.03795832032663,2020-07-17,1,23.0
55079060200,55079080300,-87.9245165328896,43.11556508690733,-87.87475616434764,43.089996653126924,2020-07-17,2,47.0
55079060200,55079185300,-87.9245165328896,43.11556508690733,-88.04265402690729,43.049880154873065,2020-07-17,2,47.0
55079060200,55079187400,-87.9245165328896,43.11556508690733,-87.90767949876499,43.03217517915639,2020-07-17,2,47.0
55079060200,55079000800,-87.9245165328896,43.11556508690733,-87.97372753660457,43.14064967469203,2020-07-17,1,23.0
55079060200,55079000502,-87.9245165328896,43.11556508690733,-88.03128731150349,43.12480634966938,2020-07-17,1,23.0
55079060200,55079160204,-87.9245165328896,43.11556508690733,-87.9317944903397,42.879700165258704,2020-07-17,1,23.0
55079060200,55079160203,-87.9245165328896,43.11556508690733,-87.91638950191752,42.89402789790319,2020-07-17,1,23.0
55079060200,55079005000,-87.9245165328896,43.11556508690733,-87.98327608357046,43.07665137069942,2020-07-17,1,23.0
55079060200,55079001400,-87.9245165328896,43.11556508690733,-88.01656972395298,43.130900969315825,2020-07-17,1,23.0
55079060200,55079014600,-87.9245165328896,43.11556508690733,-87.93032605572249,43.04237842637439,2020-07-17,1,23.0
55079060200,55079007000,-87.9245165328896,43.11556508690733,-87.91122456687498,43.07424564740019,2020-07-17,1,23.0
55079060200,55079101100,-87.9245165328896,43.11556508690733,-88.04276904850849,42.99420752845147,2020-07-17,1,23.0
55079060200,55079140202,-87.9245165328896,43.11556508690733,-87.981557716435,42.93443757238657,2020-07-17,1,23.0
55079060200,55079091400,-87.9245165328896,43.11556508690733,-87.99383660813824,43.04031315098078,2020-07-17,1,23.0
55079060200,55079186500,-87.9245165328896,43.11556508690733,-87.9130303085029,43.02319729476483,2020-07-17,1,23.0
55079060200,55079070100,-87.9245165328896,43.11556508690733,-87.9076583493148,43.12063010988105,2020-07-17,3,71.0
55079060200,55079030100,-87.9245165328896,43.11556508690733,-87.89837270942148,43.1819862198906,2020-07-17,7,165.0
55079060200,55079007700,-87.9245165328896,43.11556508690733,-87.88849935823362,43.06389053422122,2020-07-17,2,47.0
55079060200,55079040100,-87.9245165328896,43.11556508690733,-87.93527423095499,43.17163768621121,2020-07-17,2,47.0
55079060200,55079003600,-87.9245165328896,43.11556508690733,-87.98321131530031,43.092736225323044,2020-07-17,1,23.0
55079060200,55079035100,-87.9245165328896,43.11556508690733,-87.89285549776399,43.15380150659221,2020-07-17,1,23.0
55079060200,55079011300,-87.9245165328896,43.11556508690733,-87.90713298111844,43.04890661506502,2020-07-17,1,23.0
55079060200,55079014400,-87.9245165328896,43.11556508690733,-87.90784049253895,43.042413401572134,2020-07-17,5,118.0
55079060200,55079100400,-87.9245165328896,43.11556508690733,-88.01166560297426,43.0170103539625,2020-07-17,1,23.0
55079060200,55079070200,-87.9245165328896,43.11556508690733,-87.8919112738197,43.1133970416122,2020-07-17,5,118.0
55079060200,55079021600,-87.9245165328896,43.11556508690733,-87.92488475274558,42.952251222261935,2020-07-17,1,23.0
55079060200,55079035200,-87.9245165328896,43.11556508690733,-87.9070718018067,43.16012040860922,2020-07-17,5,118.0
55079060200,55079014100,-87.9245165328896,43.11556508690733,-87.92097269793881,43.04863570292668,2020-07-17,1,23.0
55079060200,55079050102,-87.9245165328896,43.11556508690733,-87.96743569232115,43.172443064752215,2020-07-17,6,142.0
55079060200,55079007300,-87.9245165328896,43.11556508690733,-87.88807891595606,43.0779148594549,2020-07-17,1,23.0
55079060200,55079080200,-87.9245165328896,43.11556508690733,-87.8877423232882,43.0942616397457,2020-07-17,3,71.0
55079060200,55079185700,-87.9245165328896,43.11556508690733,-87.91471207902771,43.06752585199898,2020-07-17,1,23.0
55079060200,55079020400,-87.9245165328896,43.11556508690733,-87.9300852632457,42.98834002972675,2020-07-17,1,23.0
55079060200,55079100200,-87.9245165328896,43.11556508690733,-87.99137992566246,43.01460892403096,2020-07-17,2,47.0
55079060200,55079007200,-87.9245165328896,43.11556508690733,-87.89788270005259,43.07774402945858,2020-07-17,1,23.0
55079060200,55079007600,-87.9245165328896,43.11556508690733,-87.87859580944733,43.06399812725538,2020-07-17,1,23.0
55079060200,55079000900,-87.9245165328896,43.11556508690733,-87.95566887882444,43.14970170326806,2020-07-17,1,23.0
55079060200,55079004200,-87.9245165328896,43.11556508690733,-87.94544782159862,43.09516547779425,2020-07-17,1,23.0
55079060200,55079186600,-87.9245165328896,43.11556508690733,-87.91355022125023,43.001384465822476,2020-07-17,1,23.0
55079060200,55079011000,-87.9245165328896,43.11556508690733,-87.89727240641399,43.050053518943756,2020-07-17,1,23.0
55079060200,55079012300,-87.9245165328896,43.11556508690733,-87.96196748080853,43.043599093031496,2020-07-17,1,23.0
55079060200,55079001500,-87.9245165328896,43.11556508690733,-88.01520145334699,43.123754077777434,2020-07-17,1,23.0
55079060200,55079080400,-87.9245165328896,43.11556508690733,-87.88848724040903,43.08594082590386,2020-07-17,5,118.0
55079060200,55079003900,-87.9245165328896,43.11556508690733,-87.96215160813261,43.086172227530916,2020-07-17,1,23.0
55079060200,55079000201,-87.9245165328896,43.11556508690733,-88.0472441211064,43.1799495757708,2020-07-17,3,71.0
55079060200,55079018200,-87.9245165328896,43.11556508690733,-87.87369831321716,42.99249911585218,2020-07-17,1,23.0
55079060200,55079021500,-87.9245165328896,43.11556508690733,-87.94398245259515,42.952098604888974,2020-07-17,1,23.0
55079060200,55079020200,-87.9245165328896,43.11556508690733,-87.94112496275925,42.977527635995024,2020-07-17,1,23.0
55079060200,55079009000,-87.9245165328896,43.11556508690733,-87.9610837883489,43.060355868415826,2020-07-17,1,23.0
55079060200,55079009100,-87.9245165328896,43.11556508690733,-87.96852806703085,43.060675408064526,2020-07-17,1,23.0
55079060200,55079001900,-87.9245165328896,43.11556508690733,-87.98367415791445,43.115686316787006,2020-07-17,1,23.0
55079060200,55079016500,-87.9245165328896,43.11556508690733,-87.91153110922029,43.01579142211555,2020-07-17,1,23.0
55079060200,55079180200,-87.9245165328896,43.11556508690733,-87.85506992096182,42.95465467367753,2020-07-17,1,23.0
55079060200,55079020600,-87.9245165328896,43.11556508690733,-87.90444286867323,42.9810337820488,2020-07-17,1,23.0
55079060200,55079090700,-87.9245165328896,43.11556508690733,-88.02545440842808,43.059193901469925,2020-07-17,1,23.0
55079060200,55079100300,-87.9245165328896,43.11556508690733,-88.00316709835943,43.017354422985534,2020-07-17,1,23.0
55079060200,55079005100,-87.9245165328896,43.11556508690733,-87.99757698420609,43.08261869423604,2020-07-17,1,23.0
55079060200,55079060102,-87.9245165328896,43.11556508690733,-87.93974960524739,43.148654535590595,2020-07-17,4,94.0
55079060200,55079013300,-87.9245165328896,43.11556508690733,-87.96206431187025,43.03483590901066,2020-07-17,1,23.0
55079060200,55079017000,-87.9245165328896,43.11556508690733,-87.9475259715867,43.01041841584858,2020-07-17,1,23.0
55079060200,55079002200,-87.9245165328896,43.11556508690733,-87.9335870089048,43.11469059411332,2020-07-17,3,71.0
55079060200,55079009900,-87.9245165328896,43.11556508690733,-87.94630275235495,43.060274421469344,2020-07-17,1,23.0
55079060200,55079008800,-87.9245165328896,43.11556508690733,-87.94617084834631,43.06788862375971,2020-07-17,3,71.0
55079060200,55079015900,-87.9245165328896,43.11556508690733,-87.9473669417017,43.02159668337006,2020-07-17,1,23.0
55079070100,55079020000,-87.9076583493148,43.12063010988105,-87.95273620994368,42.98405311376188,2020-07-17,2,54.0
55079070100,55079002100,-87.9076583493148,43.12063010988105,-87.95315716160212,43.115529640428136,2020-07-17,1,27.0
55079070100,55079060200,-87.9076583493148,43.12063010988105,-87.9245165328896,43.11556508690733,2020-07-17,19,517.0
55079070100,55079004400,-87.9076583493148,43.12063010988105,-87.90608569163814,43.089298213737145,2020-07-17,1,27.0
55079070100,55079012800,-87.9076583493148,43.12063010988105,-88.03145321223326,43.03059221584991,2020-07-17,1,27.0
55079070100,55079010800,-87.9076583493148,43.12063010988105,-87.88986181293924,43.05733829509928,2020-07-17,2,54.0
55079070100,55079011200,-87.9076583493148,43.12063010988105,-87.89756439120579,43.055476240018415,2020-07-17,1,27.0
55079070100,55079110100,-87.9076583493148,43.12063010988105,-87.9710022364233,43.012448953036525,2020-07-17,1,27.0
55079070100,55079000600,-87.9076583493148,43.12063010988105,-88.00190569680801,43.14010292722225,2020-07-17,2,54.0
55079070100,55079090300,-87.9076583493148,43.12063010988105,-88.0515779905257,43.06739040507833,2020-07-17,2,54.0
55079070100,55079186300,-87.9076583493148,43.12063010988105,-87.91799927397663,43.040616743150025,2020-07-17,3,81.0
55079070100,55079070300,-87.9076583493148,43.12063010988105,-87.90380003116019,43.10631443965618,2020-07-17,7,190.0
55079070100,55079090200,-87.9076583493148,43.12063010988105,-88.05200796218348,43.081902180003375,2020-07-17,1,27.0
55079070100,55079000501,-87.9076583493148,43.12063010988105,-88.04340002069712,43.115390222488664,2020-07-17,3,81.0
55079070100,55079060101,-87.9076583493148,43.12063010988105,-87.92535691568614,43.13950788268824,2020-07-17,9,245.0
55079070100,55079090600,-87.9076583493148,43.12063010988105,-88.05435154566402,43.03795832032663,2020-07-17,1,27.0
55079070100,55079080300,-87.9076583493148,43.12063010988105,-87.87475616434764,43.089996653126924,2020-07-17,4,109.0
55079070100,55079185300,-87.9076583493148,43.12063010988105,-88.04265402690729,43.049880154873065,2020-07-17,2,54.0
55079070100,55079020800,-87.9076583493148,43.12063010988105,-87.87636299879055,42.985307292991365,2020-07-17,1,27.0
55079070100,55079187400,-87.9076583493148,43.12063010988105,-87.90767949876499,43.03217517915639,2020-07-17,3,81.0
55079070100,55079100900,-87.9076583493148,43.12063010988105,-88.05216898532913,43.00959788353506,2020-07-17,1,27.0
55079070100,55079120101,-87.9076583493148,43.12063010988105,-88.04814010007517,42.95916305909443,2020-07-17,1,27.0
55079070100,55079070100,-87.9076583493148,43.12063010988105,-87.9076583493148,43.12063010988105,2020-07-17,149,4061.0
55079070100,55079030100,-87.9076583493148,43.12063010988105,-87.89837270942148,43.1819862198906,2020-07-17,4,109.0
55079070100,55079091100,-87.9076583493148,43.12063010988105,-88.00381885772617,43.05493775558714,2020-07-17,1,27.0
55079070100,55079007700,-87.9076583493148,43.12063010988105,-87.88849935823362,43.06389053422122,2020-07-17,2,54.0
55079070100,55079040100,-87.9076583493148,43.12063010988105,-87.93527423095499,43.17163768621121,2020-07-17,1,27.0
55079070100,55079035100,-87.9076583493148,43.12063010988105,-87.89285549776399,43.15380150659221,2020-07-17,1,27.0
55079070100,55079014400,-87.9076583493148,43.12063010988105,-87.90784049253895,43.042413401572134,2020-07-17,3,81.0
55079070100,55079100400,-87.9076583493148,43.12063010988105,-88.01166560297426,43.0170103539625,2020-07-17,1,27.0
55079070100,55079018000,-87.9076583493148,43.12063010988105,-87.8945288084346,43.01098558683315,2020-07-17,1,27.0
55079070100,55079070200,-87.9076583493148,43.12063010988105,-87.8919112738197,43.1133970416122,2020-07-17,21,572.0
55079070100,55079005500,-87.9076583493148,43.12063010988105,-88.03284541742188,43.08237006688624,2020-07-17,1,27.0
55079070100,55079035200,-87.9076583493148,43.12063010988105,-87.9070718018067,43.16012040860922,2020-07-17,1,27.0
55079070100,55079016600,-87.9076583493148,43.12063010988105,-87.9139279223807,43.010028166006215,2020-07-17,1,27.0
55079070100,55079120102,-87.9076583493148,43.12063010988105,-88.04966546230908,42.97409794368699,2020-07-17,1,27.0
55079070100,55079014100,-87.9076583493148,43.12063010988105,-87.92097269793881,43.04863570292668,2020-07-17,2,54.0
55079070100,55079050102,-87.9076583493148,43.12063010988105,-87.96743569232115,43.172443064752215,2020-07-17,2,54.0
55079070100,55079185100,-87.9076583493148,43.12063010988105,-87.86132764015301,42.9760744263621,2020-07-17,1,27.0
55079070100,55079007300,-87.9076583493148,43.12063010988105,-87.88807891595606,43.0779148594549,2020-07-17,1,27.0
55079070100,55079080200,-87.9076583493148,43.12063010988105,-87.8877423232882,43.0942616397457,2020-07-17,4,109.0
55079070100,55079010700,-87.9076583493148,43.12063010988105,-87.90095083433016,43.0597678010215,2020-07-17,2,54.0
55079070100,55079100200,-87.9076583493148,43.12063010988105,-87.99137992566246,43.01460892403096,2020-07-17,1,27.0
55079070100,55079012600,-87.9076583493148,43.12063010988105,-87.99443577770006,43.034032251200934,2020-07-17,1,27.0
55079070100,55079007600,-87.9076583493148,43.12063010988105,-87.87859580944733,43.06399812725538,2020-07-17,3,81.0
55079070100,55079001300,-87.9076583493148,43.12063010988105,-87.99843350448002,43.126783535933505,2020-07-17,1,27.0
55079070100,55079011000,-87.9076583493148,43.12063010988105,-87.89727240641399,43.050053518943756,2020-07-17,2,54.0
55079070100,55079080400,-87.9076583493148,43.12063010988105,-87.88848724040903,43.08594082590386,2020-07-17,2,54.0
55079070100,55079000201,-87.9076583493148,43.12063010988105,-88.0472441211064,43.1799495757708,2020-07-17,1,27.0
55079070100,55079018500,-87.9076583493148,43.12063010988105,-87.91439743752404,42.98441904059949,2020-07-17,1,27.0
55079070100,55079012700,-87.9076583493148,43.12063010988105,-88.0122777504643,43.029662330242175,2020-07-17,1,27.0
55079070100,55079186400,-87.9076583493148,43.12063010988105,-87.93038892981184,43.03695266796131,2020-07-17,1,27.0
55079070100,55079170100,-87.9076583493148,43.12063010988105,-87.84892368656588,42.919583500675934,2020-07-17,1,27.0
55079070100,55079014800,-87.9076583493148,43.12063010988105,-87.9402035907502,43.042125624825495,2020-07-17,1,27.0
55079070100,55079060102,-87.9076583493148,43.12063010988105,-87.93974960524739,43.148654535590595,2020-07-17,2,54.0
55079070100,55079007400,-87.9076583493148,43.12063010988105,-87.87216855868374,43.078043126250115,2020-07-17,1,27.0
55079070100,55079013000,-87.9076583493148,43.12063010988105,-87.9876687698922,43.02770173765977,2020-07-17,1,27.0
55079070100,55079013500,-87.9076583493148,43.12063010988105,-87.9526122313311,43.040147622140005,2020-07-17,1,27.0
55079160300,55079020000,-87.8893867076047,42.856940087232964,-87.95273620994368,42.98405311376188,2020-07-17,3,38.0
55079160300,55079060200,-87.8893867076047,42.856940087232964,-87.9245165328896,43.11556508690733,2020-07-17,3,38.0
55079160300,55079004500,-87.8893867076047,42.856940087232964,-87.92226909278084,43.08550885272536,2020-07-17,1,12.0
55079160300,55079019000,-87.8893867076047,42.856940087232964,-87.967877289968,42.995496154489715,2020-07-17,2,25.0
55079160300,55079100100,-87.8893867076047,42.856940087232964,-87.98598444052216,43.01659648927991,2020-07-17,1,12.0
55079160300,55079100700,-87.8893867076047,42.856940087232964,-88.03788629567484,43.0213025080197,2020-07-17,1,12.0
55079160300,55079000102,-87.8893867076047,42.856940087232964,-88.01167859828367,43.164645145767146,2020-07-17,2,25.0
55079160300,55079000202,-87.8893867076047,42.856940087232964,-88.04132965001602,43.160382512849615,2020-07-17,2,25.0
55079160300,55079010800,-87.8893867076047,42.856940087232964,-87.88986181293924,43.05733829509928,2020-07-17,1,12.0
55079160300,55079011200,-87.8893867076047,42.856940087232964,-87.89756439120579,43.055476240018415,2020-07-17,1,12.0
55079160300,55079110100,-87.8893867076047,42.856940087232964,-87.9710022364233,43.012448953036525,2020-07-17,3,38.0
55079160300,55079101000,-87.8893867076047,42.856940087232964,-88.05764456171738,42.99173938525954,2020-07-17,2,25.0
55079160300,55079021200,-87.8893867076047,42.856940087232964,-87.92101040508955,42.965284697357816,2020-07-17,4,51.0
55079160300,55079018100,-87.8893867076047,42.856940087232964,-87.88469234682039,42.998709042311724,2020-07-17,1,12.0
55079160300,55079160100,-87.8893867076047,42.856940087232964,-87.91471599062149,42.91513941042769,2020-07-17,85,1094.0
55079160300,55079090300,-87.8893867076047,42.856940087232964,-88.0515779905257,43.06739040507833,2020-07-17,2,25.0
55079160300,55079186300,-87.8893867076047,42.856940087232964,-87.91799927397663,43.040616743150025,2020-07-17,3,38.0
55079160300,55079021700,-87.8893867076047,42.856940087232964,-87.91312462574102,42.94052513723052,2020-07-17,9,115.0
55079160300,55079120501,-87.8893867076047,42.856940087232964,-87.96680035551529,42.94072396992586,2020-07-17,2,25.0
55079160300,55079019100,-87.8893867076047,42.856940087232964,-87.96549351619066,42.982165146288615,2020-07-17,1,12.0
55079160300,55079019200,-87.8893867076047,42.856940087232964,-87.9858350139744,42.99282711086924,2020-07-17,1,12.0
55079160300,55079090200,-87.8893867076047,42.856940087232964,-88.05200796218348,43.081902180003375,2020-07-17,1,12.0
55079160300,55079090900,-87.8893867076047,42.856940087232964,-88.00270912368009,43.06124682618238,2020-07-17,1,12.0
55079160300,55079120400,-87.8893867076047,42.856940087232964,-87.96548496050795,42.96670427425607,2020-07-17,4,51.0
55079160300,55079120203,-87.8893867076047,42.856940087232964,-88.00776394431053,42.95694649923871,2020-07-17,10,128.0
55079160300,55079170500,-87.8893867076047,42.856940087232964,-87.85764758199707,42.897602993060175,2020-07-17,4,51.0
55079160300,55079018400,-87.8893867076047,42.856940087232964,-87.90417459790928,42.9917062933768,2020-07-17,1,12.0
55079160300,55079160300,-87.8893867076047,42.856940087232964,-87.8893867076047,42.856940087232964,2020-07-17,750,9659.0
55079160300,55079187300,-87.8893867076047,42.856940087232964,-87.9656302556773,42.887159701718595,2020-07-17,7,90.0
55079160300,55079003500,-87.8893867076047,42.856940087232964,-87.99830093777771,43.09359369867719,2020-07-17,1,12.0
55079160300,55079185900,-87.8893867076047,42.856940087232964,-87.93229166080955,43.05383765471328,2020-07-17,1,12.0
55079160300,55079021400,-87.8893867076047,42.856940087232964,-87.93891709359613,42.96295890378409,2020-07-17,1,12.0
55079160300,55079060101,-87.8893867076047,42.856940087232964,-87.92535691568614,43.13950788268824,2020-07-17,2,25.0
55079160300,55079185300,-87.8893867076047,42.856940087232964,-88.04265402690729,43.049880154873065,2020-07-17,6,77.0
55079160300,55079120502,-87.8893867076047,42.856940087232964,-87.96510992081555,42.95304728304586,2020-07-17,4,51.0
55079160300,55079020800,-87.8893867076047,42.856940087232964,-87.87636299879055,42.985307292991365,2020-07-17,2,25.0
55079160300,55079187400,-87.8893867076047,42.856940087232964,-87.90767949876499,43.03217517915639,2020-07-17,1,12.0
55079160300,55079150304,-87.8893867076047,42.856940087232964,-88.02760163837803,42.91519132559998,2020-07-17,7,90.0
55079160300,55079180500,-87.8893867076047,42.856940087232964,-87.87471526249948,42.93725893299447,2020-07-17,9,115.0
55079160300,55079012500,-87.8893867076047,42.856940087232964,-87.97654888060033,43.037091021714275,2020-07-17,3,38.0
55079160300,55079021000,-87.8893867076047,42.856940087232964,-87.89993467732904,42.962739149255064,2020-07-17,2,25.0
55079160300,55079160204,-87.8893867076047,42.856940087232964,-87.9317944903397,42.879700165258704,2020-07-17,65,837.0
55079160300,55079186800,-87.8893867076047,42.856940087232964,-87.9506670108877,43.02815858561159,2020-07-17,5,64.0
55079160300,55079187200,-87.8893867076047,42.856940087232964,-88.00769048889484,42.863813659193866,2020-07-17,27,347.0
55079160300,55079080100,-87.8893867076047,42.856940087232964,-87.89773689723896,43.0955518884228,2020-07-17,1,12.0
55079160300,55079006000,-87.8893867076047,42.856940087232964,-87.97554005335066,43.067947929210746,2020-07-17,1,12.0
55079160300,55079160203,-87.8893867076047,42.856940087232964,-87.91638950191752,42.89402789790319,2020-07-17,139,1790.0
55079160300,55079170200,-87.8893867076047,42.856940087232964,-87.87263683893734,42.92275381108851,2020-07-17,7,90.0
55079160300,55079091200,-87.8893867076047,42.856940087232964,-88.00388284004167,43.0467075980639,2020-07-17,4,51.0
55079160300,55079100600,-87.8893867076047,42.856940087232964,-88.02237498004419,43.02035162464835,2020-07-17,1,12.0
55079160300,55079020100,-87.8893867076047,42.856940087232964,-87.94099671150566,42.988482506396224,2020-07-17,6,77.0
55079160300,55079160202,-87.8893867076047,42.856940087232964,-87.87217546542965,42.881379330302295,2020-07-17,72,927.0
55079160300,55079180400,-87.8893867076047,42.856940087232964,-87.85633588550823,42.93709205888796,2020-07-17,8,103.0
55079160300,55079002800,-87.8893867076047,42.856940087232964,-87.97141961541004,43.10830621321033,2020-07-17,1,12.0
55079160300,55079006800,-87.8893867076047,42.856940087232964,-87.92500216567623,43.079683301494654,2020-07-17,1,12.0
55079160300,55079014600,-87.8893867076047,42.856940087232964,-87.93032605572249,43.04237842637439,2020-07-17,1,12.0
55079160300,55079100900,-87.8893867076047,42.856940087232964,-88.05216898532913,43.00959788353506,2020-07-17,2,25.0
55079160300,55079007000,-87.8893867076047,42.856940087232964,-87.91122456687498,43.07424564740019,2020-07-17,1,12.0
55079160300,55079101100,-87.8893867076047,42.856940087232964,-88.04276904850849,42.99420752845147,2020-07-17,2,25.0
55079160300,55079140100,-87.8893867076047,42.856940087232964,-88.0188613886232,42.93745223479677,2020-07-17,1,12.0
55079160300,55079140201,-87.8893867076047,42.856940087232964,-87.99911426080601,42.93902100763907,2020-07-17,6,77.0
55079160300,55079091400,-87.8893867076047,42.856940087232964,-87.99383660813824,43.04031315098078,2020-07-17,2,25.0
55079160300,55079017900,-87.8893867076047,42.856940087232964,-87.90503327479618,42.998772533253295,2020-07-17,4,51.0
55079160300,55079180100,-87.8893867076047,42.856940087232964,-87.84722355247969,42.95102171952154,2020-07-17,1,12.0
55079160300,55079186500,-87.8893867076047,42.856940087232964,-87.9130303085029,43.02319729476483,2020-07-17,2,25.0
55079160300,55079016800,-87.8893867076047,42.856940087232964,-87.92935001478907,43.01036042537408,2020-07-17,1,12.0
55079160300,55079120101,-87.8893867076047,42.856940087232964,-88.04814010007517,42.95916305909443,2020-07-17,4,51.0
55079160300,55079100400,-87.8893867076047,42.856940087232964,-88.01166560297426,43.0170103539625,2020-07-17,2,25.0
55079160300,55079170700,-87.8893867076047,42.856940087232964,-87.84797376219025,42.90256149755693,2020-07-17,1,12.0
55079160300,55079018000,-87.8893867076047,42.856940087232964,-87.8945288084346,43.01098558683315,2020-07-17,2,25.0
55079160300,55079150100,-87.8893867076047,42.856940087232964,-87.97759713310646,42.91424119290261,2020-07-17,40,515.0
55079160300,55079021600,-87.8893867076047,42.856940087232964,-87.92488475274558,42.952251222261935,2020-07-17,9,115.0
55079160300,55079016100,-87.8893867076047,42.856940087232964,-87.95946595975387,43.016089910899275,2020-07-17,1,12.0
55079160300,55079016600,-87.8893867076047,42.856940087232964,-87.9139279223807,43.010028166006215,2020-07-17,2,25.0
55079160300,55079120102,-87.8893867076047,42.856940087232964,-88.04966546230908,42.97409794368699,2020-07-17,3,38.0
55079160300,55079130100,-87.8893867076047,42.856940087232964,-88.04407902007586,42.942752065148895,2020-07-17,6,77.0
55079160300,55079014100,-87.8893867076047,42.856940087232964,-87.92097269793881,43.04863570292668,2020-07-17,2,25.0
55079160300,55079019600,-87.8893867076047,42.856940087232964,-88.00769668957767,42.984657216409644,2020-07-17,1,12.0
55079160300,55079150301,-87.8893867076047,42.856940087232964,-88.05345903025625,42.89781994777656,2020-07-17,8,103.0
55079160300,55079100800,-87.8893867076047,42.856940087232964,-88.05710943935104,43.023654444193184,2020-07-17,1,12.0
55079160300,55079120201,-87.8893867076047,42.856940087232964,-88.01868214174351,42.96737507435749,2020-07-17,1,12.0
55079160300,55079050102,-87.8893867076047,42.856940087232964,-87.96743569232115,43.172443064752215,2020-07-17,2,25.0
55079160300,55079180300,-87.8893867076047,42.856940087232964,-87.87005593266791,42.951885652862586,2020-07-17,14,180.0
55079160300,55079020700,-87.8893867076047,42.856940087232964,-87.89282968229121,42.980391637955094,2020-07-17,2,25.0
55079160300,55079185100,-87.8893867076047,42.856940087232964,-87.86132764015301,42.9760744263621,2020-07-17,1,12.0
55079160300,55079101700,-87.8893867076047,42.856940087232964,-88.00697190300957,43.00173437379505,2020-07-17,1,12.0
55079160300,55079100200,-87.8893867076047,42.856940087232964,-87.99137992566246,43.01460892403096,2020-07-17,2,25.0
55079160300,55079017500,-87.8893867076047,42.856940087232964,-87.92965116916102,43.00287441605045,2020-07-17,1,12.0
55079160300,55079012600,-87.8893867076047,42.856940087232964,-87.99443577770006,43.034032251200934,2020-07-17,1,12.0
55079160300,55079007600,-87.8893867076047,42.856940087232964,-87.87859580944733,43.06399812725538,2020-07-17,3,38.0
55079160300,55079000900,-87.8893867076047,42.856940087232964,-87.95566887882444,43.14970170326806,2020-07-17,1,12.0
55079160300,55079020300,-87.8893867076047,42.856940087232964,-87.92658964497383,42.979242665655576,2020-07-17,3,38.0
55079160300,55079017400,-87.8893867076047,42.856940087232964,-87.9382983850757,43.00476614107047,2020-07-17,2,25.0
55079160300,55079018800,-87.8893867076047,42.856940087232964,-87.94058386370827,42.99929639057026,2020-07-17,1,12.0
55079160300,55079186600,-87.8893867076047,42.856940087232964,-87.91355022125023,43.001384465822476,2020-07-17,6,77.0
55079160300,55079120202,-87.8893867076047,42.856940087232964,-87.99868084532402,42.965848843600455,2020-07-17,1,12.0
55079160300,55079012300,-87.8893867076047,42.856940087232964,-87.96196748080853,43.043599093031496,2020-07-17,1,12.0
55079160300,55079018500,-87.8893867076047,42.856940087232964,-87.91439743752404,42.98441904059949,2020-07-17,4,51.0
55079160300,55079021500,-87.8893867076047,42.856940087232964,-87.94398245259515,42.952098604888974,2020-07-17,4,51.0
55079160300,55079020200,-87.8893867076047,42.856940087232964,-87.94112496275925,42.977527635995024,2020-07-17,1,12.0
55079160300,55079150303,-87.8893867076047,42.856940087232964,-88.02312771344377,42.88960646488504,2020-07-17,1,12.0
55079160300,55079019800,-87.8893867076047,42.856940087232964,-87.98973307517815,42.982078809345225,2020-07-17,2,25.0
55079160300,55079001900,-87.8893867076047,42.856940087232964,-87.98367415791445,43.115686316787006,2020-07-17,1,12.0
55079160300,55079001100,-87.8893867076047,42.856940087232964,-87.96901390366762,43.127689901740844,2020-07-17,1,12.0
55079160300,55079016500,-87.8893867076047,42.856940087232964,-87.91153110922029,43.01579142211555,2020-07-17,1,12.0
55079160300,55079017600,-87.8893867076047,42.856940087232964,-87.92236059293215,43.00280872383964,2020-07-17,1,12.0
55079160300,55079180200,-87.8893867076047,42.856940087232964,-87.85506992096182,42.95465467367753,2020-07-17,3,38.0
55079160300,55079186400,-87.8893867076047,42.856940087232964,-87.93038892981184,43.03695266796131,2020-07-17,2,25.0
55079160300,55079020600,-87.8893867076047,42.856940087232964,-87.90444286867323,42.9810337820488,2020-07-17,1,12.0
55079160300,55079101300,-87.8893867076047,42.856940087232964,-88.02770018483265,42.99907770295741,2020-07-17,3,38.0
55079160300,55079011100,-87.8893867076047,42.856940087232964,-87.90155963599153,43.04933924860895,2020-07-17,1,12.0
55079160300,55079008900,-87.8893867076047,42.856940087232964,-87.95337828163817,43.06706338271535,2020-07-17,2,25.0
55079160300,55079170100,-87.8893867076047,42.856940087232964,-87.84892368656588,42.919583500675934,2020-07-17,8,103.0
55079160300,55079013400,-87.8893867076047,42.856940087232964,-87.95356038604784,43.03496530197635,2020-07-17,1,12.0
55079160300,55079100300,-87.8893867076047,42.856940087232964,-88.00316709835943,43.017354422985534,2020-07-17,1,12.0
55079160300,55079101200,-87.8893867076047,42.856940087232964,-88.02772831407549,42.99180235090393,2020-07-17,1,12.0
55079160300,55079185600,-87.8893867076047,42.856940087232964,-87.91469071944607,43.06026722158336,2020-07-17,2,25.0
55079160300,55079170600,-87.8893867076047,42.856940087232964,-87.86320935056827,42.907724102777856,2020-07-17,28,360.0
55079160300,55079185200,-87.8893867076047,42.856940087232964,-87.88193798921913,42.967674094622936,2020-07-17,5,64.0
55079160300,55079007400,-87.8893867076047,42.856940087232964,-87.87216855868374,43.078043126250115,2020-07-17,1,12.0
55079160300,55079170300,-87.8893867076047,42.856940087232964,-87.87538996197884,42.9095536521384,2020-07-17,2,25.0
55079160300,55079012900,-87.8893867076047,42.856940087232964,-87.99989477924994,43.028140622580246,2020-07-17,1,12.0
55079160300,55079016900,-87.8893867076047,42.856940087232964,-87.93770785693083,43.00951913559766,2020-07-17,3,38.0
55079160300,55079013300,-87.8893867076047,42.856940087232964,-87.96206431187025,43.03483590901066,2020-07-17,1,12.0
55079160300,55079017000,-87.8893867076047,42.856940087232964,-87.9475259715867,43.01041841584858,2020-07-17,3,38.0
55079160300,55079009900,-87.8893867076047,42.856940087232964,-87.94630275235495,43.060274421469344,2020-07-17,1,12.0
55079160300,55079170400,-87.8893867076047,42.856940087232964,-87.8734267877277,42.89848248246609,2020-07-17,3,38.0
55079160300,55079090800,-87.8893867076047,42.856940087232964,-88.01754834659646,43.063072316879136,2020-07-17,1,12.0
55079160300,55079013000,-87.8893867076047,42.856940087232964,-87.9876687698922,43.02770173765977,2020-07-17,1,12.0
55079160300,55079021100,-87.8893867076047,42.856940087232964,-87.91444199314573,42.970152010378044,2020-07-17,4,51.0
55079160100,55079020000,-87.91471599062149,42.91513941042769,-87.95273620994368,42.98405311376188,2020-07-17,3,47.0
55079160100,55079002100,-87.91471599062149,42.91513941042769,-87.95315716160212,43.115529640428136,2020-07-17,1,15.0
55079160100,55079004300,-87.91471599062149,42.91513941042769,-87.93220867621264,43.094799127568905,2020-07-17,1,15.0
55079160100,55079060200,-87.91471599062149,42.91513941042769,-87.9245165328896,43.11556508690733,2020-07-17,3,47.0
55079160100,55079015700,-87.91471599062149,42.91513941042769,-87.92777138656925,43.021663598322064,2020-07-17,1,15.0
55079160100,55079016200,-87.91471599062149,42.91513941042769,-87.94745090497267,43.01660575920564,2020-07-17,1,15.0
55079160100,55079019000,-87.91471599062149,42.91513941042769,-87.967877289968,42.995496154489715,2020-07-17,2,31.0
55079160100,55079100700,-87.91471599062149,42.91513941042769,-88.03788629567484,43.0213025080197,2020-07-17,1,15.0
55079160100,55079000101,-87.91471599062149,42.91513941042769,-88.00922083481396,43.18510784936368,2020-07-17,1,15.0
55079160100,55079000102,-87.91471599062149,42.91513941042769,-88.01167859828367,43.164645145767146,2020-07-17,1,15.0
55079160100,55079002300,-87.91471599062149,42.91513941042769,-87.93621856893152,43.105985427841645,2020-07-17,1,15.0
55079160100,55079010800,-87.91471599062149,42.91513941042769,-87.88986181293924,43.05733829509928,2020-07-17,1,15.0
55079160100,55079110100,-87.91471599062149,42.91513941042769,-87.9710022364233,43.012448953036525,2020-07-17,2,31.0
55079160100,55079101000,-87.91471599062149,42.91513941042769,-88.05764456171738,42.99173938525954,2020-07-17,4,63.0
55079160100,55079021200,-87.91471599062149,42.91513941042769,-87.92101040508955,42.965284697357816,2020-07-17,2,31.0
55079160100,55079160100,-87.91471599062149,42.91513941042769,-87.91471599062149,42.91513941042769,2020-07-17,358,5719.0
55079160100,55079000600,-87.91471599062149,42.91513941042769,-88.00190569680801,43.14010292722225,2020-07-17,1,15.0
55079160100,55079090300,-87.91471599062149,42.91513941042769,-88.0515779905257,43.06739040507833,2020-07-17,2,31.0
55079160100,55079101600,-87.91471599062149,42.91513941042769,-87.98881839806968,43.003113634057684,2020-07-17,1,15.0
55079160100,55079186300,-87.91471599062149,42.91513941042769,-87.91799927397663,43.040616743150025,2020-07-17,6,95.0
55079160100,55079021700,-87.91471599062149,42.91513941042769,-87.91312462574102,42.94052513723052,2020-07-17,23,367.0
55079160100,55079120501,-87.91471599062149,42.91513941042769,-87.96680035551529,42.94072396992586,2020-07-17,3,47.0
55079160100,55079019100,-87.91471599062149,42.91513941042769,-87.96549351619066,42.982165146288615,2020-07-17,1,15.0
55079160100,55079019200,-87.91471599062149,42.91513941042769,-87.9858350139744,42.99282711086924,2020-07-17,1,15.0
55079160100,55079090100,-87.91471599062149,42.91513941042769,-88.04837730790923,43.0973204568905,2020-07-17,1,15.0
55079160100,55079090200,-87.91471599062149,42.91513941042769,-88.05200796218348,43.081902180003375,2020-07-17,2,31.0
55079160100,55079120400,-87.91471599062149,42.91513941042769,-87.96548496050795,42.96670427425607,2020-07-17,4,63.0
55079160100,55079120203,-87.91471599062149,42.91513941042769,-88.00776394431053,42.95694649923871,2020-07-17,11,175.0
55079160100,55079170500,-87.91471599062149,42.91513941042769,-87.85764758199707,42.897602993060175,2020-07-17,3,47.0
55079160100,55079160300,-87.91471599062149,42.91513941042769,-87.8893867076047,42.856940087232964,2020-07-17,17,271.0
55079160100,55079187300,-87.91471599062149,42.91513941042769,-87.9656302556773,42.887159701718595,2020-07-17,4,63.0
55079160100,55079000501,-87.91471599062149,42.91513941042769,-88.04340002069712,43.115390222488664,2020-07-17,2,31.0
55079160100,55079021400,-87.91471599062149,42.91513941042769,-87.93891709359613,42.96295890378409,2020-07-17,1,15.0
55079160100,55079090600,-87.91471599062149,42.91513941042769,-88.05435154566402,43.03795832032663,2020-07-17,2,31.0
55079160100,55079185300,-87.91471599062149,42.91513941042769,-88.04265402690729,43.049880154873065,2020-07-17,4,63.0
55079160100,55079120502,-87.91471599062149,42.91513941042769,-87.96510992081555,42.95304728304586,2020-07-17,5,79.0
55079160100,55079014700,-87.91471599062149,42.91513941042769,-87.93551340137516,43.042200823908786,2020-07-17,2,31.0
55079160100,55079187400,-87.91471599062149,42.91513941042769,-87.90767949876499,43.03217517915639,2020-07-17,4,63.0
55079160100,55079150304,-87.91471599062149,42.91513941042769,-88.02760163837803,42.91519132559998,2020-07-17,4,63.0
55079160100,55079180500,-87.91471599062149,42.91513941042769,-87.87471526249948,42.93725893299447,2020-07-17,8,127.0
55079160100,55079004600,-87.91471599062149,42.91513941042769,-87.9321086251029,43.08569057130924,2020-07-17,1,15.0
55079160100,55079000502,-87.91471599062149,42.91513941042769,-88.03128731150349,43.12480634966938,2020-07-17,1,15.0
55079160100,55079021000,-87.91471599062149,42.91513941042769,-87.89993467732904,42.962739149255064,2020-07-17,1,15.0
55079160100,55079160204,-87.91471599062149,42.91513941042769,-87.9317944903397,42.879700165258704,2020-07-17,16,255.0
55079160100,55079186800,-87.91471599062149,42.91513941042769,-87.9506670108877,43.02815858561159,2020-07-17,1,15.0
55079160100,55079187200,-87.91471599062149,42.91513941042769,-88.00769048889484,42.863813659193866,2020-07-17,9,143.0
55079160100,55079160203,-87.91471599062149,42.91513941042769,-87.91638950191752,42.89402789790319,2020-07-17,41,655.0
55079160100,55079170200,-87.91471599062149,42.91513941042769,-87.87263683893734,42.92275381108851,2020-07-17,2,31.0
55079160100,55079160202,-87.91471599062149,42.91513941042769,-87.87217546542965,42.881379330302295,2020-07-17,17,271.0
55079160100,55079180400,-87.91471599062149,42.91513941042769,-87.85633588550823,42.93709205888796,2020-07-17,3,47.0
55079160100,55079014600,-87.91471599062149,42.91513941042769,-87.93032605572249,43.04237842637439,2020-07-17,1,15.0
55079160100,55079100900,-87.91471599062149,42.91513941042769,-88.05216898532913,43.00959788353506,2020-07-17,2,31.0
55079160100,55079007000,-87.91471599062149,42.91513941042769,-87.91122456687498,43.07424564740019,2020-07-17,1,15.0
55079160100,55079140100,-87.91471599062149,42.91513941042769,-88.0188613886232,42.93745223479677,2020-07-17,3,47.0
55079160100,55079140201,-87.91471599062149,42.91513941042769,-87.99911426080601,42.93902100763907,2020-07-17,6,95.0
55079160100,55079140202,-87.91471599062149,42.91513941042769,-87.981557716435,42.93443757238657,2020-07-17,1,15.0
55079160100,55079180100,-87.91471599062149,42.91513941042769,-87.84722355247969,42.95102171952154,2020-07-17,1,15.0
55079160100,55079003300,-87.91471599062149,42.91513941042769,-88.0173066794685,43.1010408446094,2020-07-17,1,15.0
55079160100,55079007500,-87.91471599062149,42.91513941042769,-87.87772470520909,43.071061371506396,2020-07-17,2,31.0
55079160100,55079120101,-87.91471599062149,42.91513941042769,-88.04814010007517,42.95916305909443,2020-07-17,1,15.0
55079160100,55079101400,-87.91471599062149,42.91513941042769,-88.02735540531337,43.00631524274058,2020-07-17,1,15.0
55079160100,55079007700,-87.91471599062149,42.91513941042769,-87.88849935823362,43.06389053422122,2020-07-17,1,15.0
55079160100,55079003800,-87.91471599062149,42.91513941042769,-87.97215356169055,43.086187842345545,2020-07-17,1,15.0
55079160100,55079014400,-87.91471599062149,42.91513941042769,-87.90784049253895,43.042413401572134,2020-07-17,1,15.0
55079160100,55079100400,-87.91471599062149,42.91513941042769,-88.01166560297426,43.0170103539625,2020-07-17,4,63.0
55079160100,55079170700,-87.91471599062149,42.91513941042769,-87.84797376219025,42.90256149755693,2020-07-17,2,31.0
55079160100,55079018000,-87.91471599062149,42.91513941042769,-87.8945288084346,43.01098558683315,2020-07-17,2,31.0
55079160100,55079150100,-87.91471599062149,42.91513941042769,-87.97759713310646,42.91424119290261,2020-07-17,30,479.0
55079160100,55079021600,-87.91471599062149,42.91513941042769,-87.92488475274558,42.952251222261935,2020-07-17,7,111.0
55079160100,55079021300,-87.91471599062149,42.91513941042769,-87.93877469638159,42.970224160413096,2020-07-17,1,15.0
55079160100,55079187000,-87.91471599062149,42.91513941042769,-87.88728455831759,43.05530607398437,2020-07-17,3,47.0
55079160100,55079016600,-87.91471599062149,42.91513941042769,-87.9139279223807,43.010028166006215,2020-07-17,1,15.0
55079160100,55079130100,-87.91471599062149,42.91513941042769,-88.04407902007586,42.942752065148895,2020-07-17,1,15.0
55079160100,55079019600,-87.91471599062149,42.91513941042769,-88.00769668957767,42.984657216409644,2020-07-17,4,63.0
55079160100,55079150301,-87.91471599062149,42.91513941042769,-88.05345903025625,42.89781994777656,2020-07-17,2,31.0
55079160100,55079009400,-87.91471599062149,42.91513941042769,-87.98309572088205,43.053347935581954,2020-07-17,1,15.0
55079160100,55079120201,-87.91471599062149,42.91513941042769,-88.01868214174351,42.96737507435749,2020-07-17,1,15.0
55079160100,55079050102,-87.91471599062149,42.91513941042769,-87.96743569232115,43.172443064752215,2020-07-17,2,31.0
55079160100,55079180300,-87.91471599062149,42.91513941042769,-87.87005593266791,42.951885652862586,2020-07-17,4,63.0
55079160100,55079020700,-87.91471599062149,42.91513941042769,-87.89282968229121,42.980391637955094,2020-07-17,1,15.0
55079160100,55079185100,-87.91471599062149,42.91513941042769,-87.86132764015301,42.9760744263621,2020-07-17,6,95.0
55079160100,55079080200,-87.91471599062149,42.91513941042769,-87.8877423232882,43.0942616397457,2020-07-17,3,47.0
55079160100,55079185700,-87.91471599062149,42.91513941042769,-87.91471207902771,43.06752585199898,2020-07-17,1,15.0
55079160100,55079016300,-87.91471599062149,42.91513941042769,-87.93764055272034,43.01572710315665,2020-07-17,1,15.0
55079160100,55079000700,-87.91471599062149,42.91513941042769,-87.99009583376943,43.15588909293765,2020-07-17,1,15.0
55079160100,55079101500,-87.91471599062149,42.91513941042769,-88.00747595996755,43.007126720391405,2020-07-17,3,47.0
55079160100,55079100200,-87.91471599062149,42.91513941042769,-87.99137992566246,43.01460892403096,2020-07-17,1,15.0
55079160100,55079007600,-87.91471599062149,42.91513941042769,-87.87859580944733,43.06399812725538,2020-07-17,2,31.0
55079160100,55079004200,-87.91471599062149,42.91513941042769,-87.94544782159862,43.09516547779425,2020-07-17,1,15.0
55079160100,55079186600,-87.91471599062149,42.91513941042769,-87.91355022125023,43.001384465822476,2020-07-17,2,31.0
55079160100,55079120202,-87.91471599062149,42.91513941042769,-87.99868084532402,42.965848843600455,2020-07-17,2,31.0
55079160100,55079018200,-87.91471599062149,42.91513941042769,-87.87369831321716,42.99249911585218,2020-07-17,1,15.0
55079160100,55079007800,-87.91471599062149,42.91513941042769,-87.88801504624632,43.07075279367613,2020-07-17,1,15.0
55079160100,55079004700,-87.91471599062149,42.91513941042769,-87.94760565609727,43.08576787197636,2020-07-17,1,15.0
55079160100,55079018500,-87.91471599062149,42.91513941042769,-87.91439743752404,42.98441904059949,2020-07-17,2,31.0
55079160100,55079020500,-87.91471599062149,42.91513941042769,-87.92272370744391,42.988321496925906,2020-07-17,1,15.0
55079160100,55079021500,-87.91471599062149,42.91513941042769,-87.94398245259515,42.952098604888974,2020-07-17,4,63.0
55079160100,55079018600,-87.91471599062149,42.91513941042769,-87.92255649026754,42.995575414800356,2020-07-17,1,15.0
55079160100,55079150303,-87.91471599062149,42.91513941042769,-88.02312771344377,42.88960646488504,2020-07-17,3,47.0
55079160100,55079019800,-87.91471599062149,42.91513941042769,-87.98973307517815,42.982078809345225,2020-07-17,1,15.0
55079160100,55079001100,-87.91471599062149,42.91513941042769,-87.96901390366762,43.127689901740844,2020-07-17,1,15.0
55079160100,55079017600,-87.91471599062149,42.91513941042769,-87.92236059293215,43.00280872383964,2020-07-17,1,15.0
55079160100,55079018700,-87.91471599062149,42.91513941042769,-87.92991431934564,42.995583237143,2020-07-17,1,15.0
55079160100,55079180200,-87.91471599062149,42.91513941042769,-87.85506992096182,42.95465467367753,2020-07-17,2,31.0
55079160100,55079019300,-87.91471599062149,42.91513941042769,-87.99612754588766,42.99498021323571,2020-07-17,1,15.0
55079160100,55079020600,-87.91471599062149,42.91513941042769,-87.90444286867323,42.9810337820488,2020-07-17,1,15.0
55079160100,55079101300,-87.91471599062149,42.91513941042769,-88.02770018483265,42.99907770295741,2020-07-17,2,31.0
55079160100,55079170100,-87.91471599062149,42.91513941042769,-87.84892368656588,42.919583500675934,2020-07-17,12,191.0
55079160100,55079100300,-87.91471599062149,42.91513941042769,-88.00316709835943,43.017354422985534,2020-07-17,1,15.0
55079160100,55079170600,-87.91471599062149,42.91513941042769,-87.86320935056827,42.907724102777856,2020-07-17,8,127.0
55079160100,55079014800,-87.91471599062149,42.91513941042769,-87.9402035907502,43.042125624825495,2020-07-17,1,15.0
55079160100,55079185200,-87.91471599062149,42.91513941042769,-87.88193798921913,42.967674094622936,2020-07-17,2,31.0
55079160100,55079170300,-87.91471599062149,42.91513941042769,-87.87538996197884,42.9095536521384,2020-07-17,10,159.0
55079160100,55079012900,-87.91471599062149,42.91513941042769,-87.99989477924994,43.028140622580246,2020-07-17,1,15.0
55079160100,55079016900,-87.91471599062149,42.91513941042769,-87.93770785693083,43.00951913559766,2020-07-17,1,15.0
55079160100,55079017100,-87.91471599062149,42.91513941042769,-87.95808412992528,43.01056521552099,2020-07-17,1,15.0
55079160100,55079120300,-87.91471599062149,42.91513941042769,-87.97376432533524,42.98091406493879,2020-07-17,1,15.0
55079160100,55079017000,-87.91471599062149,42.91513941042769,-87.9475259715867,43.01041841584858,2020-07-17,1,15.0
55079160100,55079009900,-87.91471599062149,42.91513941042769,-87.94630275235495,43.060274421469344,2020-07-17,2,31.0
55079160100,55079170400,-87.91471599062149,42.91513941042769,-87.8734267877277,42.89848248246609,2020-07-17,2,31.0
55079160100,55079017200,-87.91471599062149,42.91513941042769,-87.95621680562614,43.002904101727246,2020-07-17,1,15.0
55079160100,55079021100,-87.91471599062149,42.91513941042769,-87.91444199314573,42.970152010378044,2020-07-17,1,15.0
55079160100,55079006900,-87.91471599062149,42.91513941042769,-87.91078185483303,43.07979537793229,2020-07-17,2,31.0
55079090800,55079002100,-88.01754834659646,43.063072316879136,-87.95315716160212,43.115529640428136,2020-07-17,1,28.0
55079090800,55079091300,-88.01754834659646,43.063072316879136,-88.0097444924032,43.037871666045895,2020-07-17,1,28.0
55079090800,55079101000,-88.01754834659646,43.063072316879136,-88.05764456171738,42.99173938525954,2020-07-17,2,56.0
55079090800,55079018100,-88.01754834659646,43.063072316879136,-87.88469234682039,42.998709042311724,2020-07-17,1,28.0
55079090800,55079160100,-88.01754834659646,43.063072316879136,-87.91471599062149,42.91513941042769,2020-07-17,1,28.0
55079090800,55079090300,-88.01754834659646,43.063072316879136,-88.0515779905257,43.06739040507833,2020-07-17,9,252.0
55079090800,55079021700,-88.01754834659646,43.063072316879136,-87.91312462574102,42.94052513723052,2020-07-17,1,28.0
55079090800,55079090100,-88.01754834659646,43.063072316879136,-88.04837730790923,43.0973204568905,2020-07-17,1,28.0
55079090800,55079090200,-88.01754834659646,43.063072316879136,-88.05200796218348,43.081902180003375,2020-07-17,5,140.0
55079090800,55079090900,-88.01754834659646,43.063072316879136,-88.00270912368009,43.06124682618238,2020-07-17,3,84.0
55079090800,55079000501,-88.01754834659646,43.063072316879136,-88.04340002069712,43.115390222488664,2020-07-17,1,28.0
55079090800,55079090600,-88.01754834659646,43.063072316879136,-88.05435154566402,43.03795832032663,2020-07-17,2,56.0
55079090800,55079185300,-88.01754834659646,43.063072316879136,-88.04265402690729,43.049880154873065,2020-07-17,4,112.0
55079090800,55079020800,-88.01754834659646,43.063072316879136,-87.87636299879055,42.985307292991365,2020-07-17,1,28.0
55079090800,55079187400,-88.01754834659646,43.063072316879136,-87.90767949876499,43.03217517915639,2020-07-17,1,28.0
55079090800,55079130200,-88.01754834659646,43.063072316879136,-88.05891051157585,42.93732261654573,2020-07-17,2,56.0
55079090800,55079091200,-88.01754834659646,43.063072316879136,-88.00388284004167,43.0467075980639,2020-07-17,4,112.0
55079090800,55079120101,-88.01754834659646,43.063072316879136,-88.04814010007517,42.95916305909443,2020-07-17,1,28.0
55079090800,55079018000,-88.01754834659646,43.063072316879136,-87.8945288084346,43.01098558683315,2020-07-17,1,28.0
55079090800,55079130100,-88.01754834659646,43.063072316879136,-88.04407902007586,42.942752065148895,2020-07-17,1,28.0
55079090800,55079019600,-88.01754834659646,43.063072316879136,-88.00769668957767,42.984657216409644,2020-07-17,2,56.0
55079090800,55079150301,-88.01754834659646,43.063072316879136,-88.05345903025625,42.89781994777656,2020-07-17,2,56.0
55079090800,55079012600,-88.01754834659646,43.063072316879136,-87.99443577770006,43.034032251200934,2020-07-17,1,28.0
55079090800,55079080400,-88.01754834659646,43.063072316879136,-87.88848724040903,43.08594082590386,2020-07-17,1,28.0
55079090800,55079090700,-88.01754834659646,43.063072316879136,-88.02545440842808,43.059193901469925,2020-07-17,4,112.0
55079090800,55079101300,-88.01754834659646,43.063072316879136,-88.02770018483265,42.99907770295741,2020-07-17,2,56.0
55079090800,55079013400,-88.01754834659646,43.063072316879136,-87.95356038604784,43.03496530197635,2020-07-17,1,28.0
55079090800,55079091000,-88.01754834659646,43.063072316879136,-87.99705672432205,43.06433297165757,2020-07-17,1,28.0
55079090800,55079005600,-88.01754834659646,43.063072316879136,-88.02758035548169,43.071050112322006,2020-07-17,2,56.0
55079090800,55079090800,-88.01754834659646,43.063072316879136,-88.01754834659646,43.063072316879136,2020-07-17,71,1993.0
55079187000,55079020000,-87.88728455831759,43.05530607398437,-87.95273620994368,42.98405311376188,2020-07-17,1,20.0
55079187000,55079004300,-87.88728455831759,43.05530607398437,-87.93220867621264,43.094799127568905,2020-07-17,2,40.0
55079187000,55079060200,-87.88728455831759,43.05530607398437,-87.9245165328896,43.11556508690733,2020-07-17,1,20.0
55079187000,55079004400,-87.88728455831759,43.05530607398437,-87.90608569163814,43.089298213737145,2020-07-17,2,40.0
55079187000,55079010800,-87.88728455831759,43.05530607398437,-87.88986181293924,43.05733829509928,2020-07-17,3,61.0
55079187000,55079011200,-87.88728455831759,43.05530607398437,-87.89756439120579,43.055476240018415,2020-07-17,3,61.0
55079187000,55079018100,-87.88728455831759,43.05530607398437,-87.88469234682039,42.998709042311724,2020-07-17,1,20.0
55079187000,55079000600,-87.88728455831759,43.05530607398437,-88.00190569680801,43.14010292722225,2020-07-17,1,20.0
55079187000,55079186300,-87.88728455831759,43.05530607398437,-87.91799927397663,43.040616743150025,2020-07-17,3,61.0
55079187000,55079120400,-87.88728455831759,43.05530607398437,-87.96548496050795,42.96670427425607,2020-07-17,2,40.0
55079187000,55079018400,-87.88728455831759,43.05530607398437,-87.90417459790928,42.9917062933768,2020-07-17,1,20.0
55079187000,55079185500,-87.88728455831759,43.05530607398437,-87.92624880733425,43.0601763240656,2020-07-17,1,20.0
55079187000,55079000302,-87.88728455831759,43.05530607398437,-88.04649688617519,43.13922972061493,2020-07-17,1,20.0
55079187000,55079090600,-87.88728455831759,43.05530607398437,-88.05435154566402,43.03795832032663,2020-07-17,1,20.0
55079187000,55079080300,-87.88728455831759,43.05530607398437,-87.87475616434764,43.089996653126924,2020-07-17,1,20.0
55079187000,55079185300,-87.88728455831759,43.05530607398437,-88.04265402690729,43.049880154873065,2020-07-17,2,40.0
55079187000,55079014700,-87.88728455831759,43.05530607398437,-87.93551340137516,43.042200823908786,2020-07-17,1,20.0
55079187000,55079187400,-87.88728455831759,43.05530607398437,-87.90767949876499,43.03217517915639,2020-07-17,4,81.0
55079187000,55079150304,-87.88728455831759,43.05530607398437,-88.02760163837803,42.91519132559998,2020-07-17,1,20.0
55079187000,55079004600,-87.88728455831759,43.05530607398437,-87.9321086251029,43.08569057130924,2020-07-17,1,20.0
55079187000,55079160203,-87.88728455831759,43.05530607398437,-87.91638950191752,42.89402789790319,2020-07-17,1,20.0
55079187000,55079014600,-87.88728455831759,43.05530607398437,-87.93032605572249,43.04237842637439,2020-07-17,1,20.0
55079187000,55079007000,-87.88728455831759,43.05530607398437,-87.91122456687498,43.07424564740019,2020-07-17,7,142.0
55079187000,55079186500,-87.88728455831759,43.05530607398437,-87.9130303085029,43.02319729476483,2020-07-17,1,20.0
55079187000,55079007700,-87.88728455831759,43.05530607398437,-87.88849935823362,43.06389053422122,2020-07-17,1,20.0
55079187000,55079008100,-87.88728455831759,43.05530607398437,-87.90743836658615,43.067471782486706,2020-07-17,1,20.0
55079187000,55079011300,-87.88728455831759,43.05530607398437,-87.90713298111844,43.04890661506502,2020-07-17,4,81.0
55079187000,55079014400,-87.88728455831759,43.05530607398437,-87.90784049253895,43.042413401572134,2020-07-17,1,20.0
55079187000,55079150100,-87.88728455831759,43.05530607398437,-87.97759713310646,42.91424119290261,2020-07-17,1,20.0
55079187000,55079003400,-87.88728455831759,43.05530607398437,-88.02444287795417,43.0934576342605,2020-07-17,1,20.0
55079187000,55079187000,-87.88728455831759,43.05530607398437,-87.88728455831759,43.05530607398437,2020-07-17,131,2674.0
55079187000,55079007900,-87.88728455831759,43.05530607398437,-87.89683936352995,43.06599950452746,2020-07-17,1,20.0
55079187000,55079007300,-87.88728455831759,43.05530607398437,-87.88807891595606,43.0779148594549,2020-07-17,4,81.0
55079187000,55079100200,-87.88728455831759,43.05530607398437,-87.99137992566246,43.01460892403096,2020-07-17,1,20.0
55079187000,55079003100,-87.88728455831759,43.05530607398437,-87.98607018194353,43.10091760946077,2020-07-17,1,20.0
55079187000,55079006600,-87.88728455831759,43.05530607398437,-87.93135214789555,43.075399167305534,2020-07-17,1,20.0
55079187000,55079007600,-87.88728455831759,43.05530607398437,-87.87859580944733,43.06399812725538,2020-07-17,2,40.0
55079187000,55079020300,-87.88728455831759,43.05530607398437,-87.92658964497383,42.979242665655576,2020-07-17,1,20.0
55079187000,55079004200,-87.88728455831759,43.05530607398437,-87.94544782159862,43.09516547779425,2020-07-17,1,20.0
55079187000,55079120202,-87.88728455831759,43.05530607398437,-87.99868084532402,42.965848843600455,2020-07-17,1,20.0
55079187000,55079011000,-87.88728455831759,43.05530607398437,-87.89727240641399,43.050053518943756,2020-07-17,2,40.0
55079187000,55079007800,-87.88728455831759,43.05530607398437,-87.88801504624632,43.07075279367613,2020-07-17,1,20.0
55079187000,55079004700,-87.88728455831759,43.05530607398437,-87.94760565609727,43.08576787197636,2020-07-17,1,20.0
55079187000,55079018300,-87.88728455831759,43.05530607398437,-87.89285805580873,42.991354183119796,2020-07-17,1,20.0
55079187000,55079186400,-87.88728455831759,43.05530607398437,-87.93038892981184,43.03695266796131,2020-07-17,2,40.0
55079187000,55079014300,-87.88728455831759,43.05530607398437,-87.90101539256612,43.042731429373134,2020-07-17,1,20.0
55079187000,55079090700,-87.88728455831759,43.05530607398437,-88.02545440842808,43.059193901469925,2020-07-17,1,20.0
55079187000,55079011100,-87.88728455831759,43.05530607398437,-87.90155963599153,43.04933924860895,2020-07-17,1,20.0
55079187000,55079186900,-87.88728455831759,43.05530607398437,-87.88804149673794,43.05226526687869,2020-07-17,6,122.0
55079187000,55079186100,-87.88728455831759,43.05530607398437,-87.94279275484007,43.048652729679134,2020-07-17,1,20.0
55079187000,55079006400,-87.88728455831759,43.05530607398437,-87.94234792087695,43.07421796319209,2020-07-17,1,20.0
55079187000,55079017200,-87.88728455831759,43.05530607398437,-87.95621680562614,43.002904101727246,2020-07-17,1,20.0
55079000900,55079020000,-87.95566887882444,43.14970170326806,-87.95273620994368,42.98405311376188,2020-07-17,3,59.0
55079000900,55079002400,-87.95566887882444,43.14970170326806,-87.95188617843814,43.106404380820805,2020-07-17,3,59.0
55079000900,55079004300,-87.95566887882444,43.14970170326806,-87.93220867621264,43.094799127568905,2020-07-17,1,19.0
55079000900,55079060200,-87.95566887882444,43.14970170326806,-87.9245165328896,43.11556508690733,2020-07-17,8,157.0
55079000900,55079004400,-87.95566887882444,43.14970170326806,-87.90608569163814,43.089298213737145,2020-07-17,1,19.0
55079000900,55079012800,-87.95566887882444,43.14970170326806,-88.03145321223326,43.03059221584991,2020-07-17,2,39.0
55079000900,55079100100,-87.95566887882444,43.14970170326806,-87.98598444052216,43.01659648927991,2020-07-17,1,19.0
55079000900,55079100700,-87.95566887882444,43.14970170326806,-88.03788629567484,43.0213025080197,2020-07-17,1,19.0
55079000900,55079000101,-87.95566887882444,43.14970170326806,-88.00922083481396,43.18510784936368,2020-07-17,3,59.0
55079000900,55079000102,-87.95566887882444,43.14970170326806,-88.01167859828367,43.164645145767146,2020-07-17,11,216.0
55079000900,55079000202,-87.95566887882444,43.14970170326806,-88.04132965001602,43.160382512849615,2020-07-17,2,39.0
55079000900,55079010800,-87.95566887882444,43.14970170326806,-87.88986181293924,43.05733829509928,2020-07-17,1,19.0
55079000900,55079101000,-87.95566887882444,43.14970170326806,-88.05764456171738,42.99173938525954,2020-07-17,1,19.0
55079000900,55079160100,-87.95566887882444,43.14970170326806,-87.91471599062149,42.91513941042769,2020-07-17,1,19.0
55079000900,55079000600,-87.95566887882444,43.14970170326806,-88.00190569680801,43.14010292722225,2020-07-17,8,157.0
55079000900,55079050101,-87.95566887882444,43.14970170326806,-87.98494662348081,43.17683059907653,2020-07-17,5,98.0
55079000900,55079090300,-87.95566887882444,43.14970170326806,-88.0515779905257,43.06739040507833,2020-07-17,4,78.0
55079000900,55079021700,-87.95566887882444,43.14970170326806,-87.91312462574102,42.94052513723052,2020-07-17,1,19.0
55079000900,55079090100,-87.95566887882444,43.14970170326806,-88.04837730790923,43.0973204568905,2020-07-17,2,39.0
55079000900,55079090200,-87.95566887882444,43.14970170326806,-88.05200796218348,43.081902180003375,2020-07-17,2,39.0
55079000900,55079019400,-87.95566887882444,43.14970170326806,-88.02755647500341,42.984577749923744,2020-07-17,1,19.0
55079000900,55079000501,-87.95566887882444,43.14970170326806,-88.04340002069712,43.115390222488664,2020-07-17,1,19.0
55079000900,55079001200,-87.95566887882444,43.14970170326806,-87.98620080987179,43.12617611256525,2020-07-17,1,19.0
55079000900,55079002700,-87.95566887882444,43.14970170326806,-87.97176690626681,43.100825271475365,2020-07-17,1,19.0
55079000900,55079003500,-87.95566887882444,43.14970170326806,-87.99830093777771,43.09359369867719,2020-07-17,1,19.0
55079000900,55079009500,-87.95566887882444,43.14970170326806,-87.97530476217976,43.0530114064315,2020-07-17,1,19.0
55079000900,55079185900,-87.95566887882444,43.14970170326806,-87.93229166080955,43.05383765471328,2020-07-17,1,19.0
55079000900,55079003200,-87.95566887882444,43.14970170326806,-88.00111189801154,43.10115852758208,2020-07-17,1,19.0
55079000900,55079060101,-87.95566887882444,43.14970170326806,-87.92535691568614,43.13950788268824,2020-07-17,1,19.0
55079000900,55079000302,-87.95566887882444,43.14970170326806,-88.04649688617519,43.13922972061493,2020-07-17,3,59.0
55079000900,55079090600,-87.95566887882444,43.14970170326806,-88.05435154566402,43.03795832032663,2020-07-17,1,19.0
55079000900,55079185300,-87.95566887882444,43.14970170326806,-88.04265402690729,43.049880154873065,2020-07-17,2,39.0
55079000900,55079187400,-87.95566887882444,43.14970170326806,-87.90767949876499,43.03217517915639,2020-07-17,1,19.0
55079000900,55079000800,-87.95566887882444,43.14970170326806,-87.97372753660457,43.14064967469203,2020-07-17,4,78.0
55079000900,55079004000,-87.95566887882444,43.14970170326806,-87.97205846198321,43.09342306765945,2020-07-17,1,19.0
55079000900,55079005400,-87.95566887882444,43.14970170326806,-88.02259608100492,43.0824437803151,2020-07-17,2,39.0
55079000900,55079000400,-87.95566887882444,43.14970170326806,-88.05554472050937,43.110954423820296,2020-07-17,1,19.0
55079000900,55079000502,-87.95566887882444,43.14970170326806,-88.03128731150349,43.12480634966938,2020-07-17,1,19.0
55079000900,55079186800,-87.95566887882444,43.14970170326806,-87.9506670108877,43.02815858561159,2020-07-17,1,19.0
55079000900,55079091200,-87.95566887882444,43.14970170326806,-88.00388284004167,43.0467075980639,2020-07-17,1,19.0
55079000900,55079020100,-87.95566887882444,43.14970170326806,-87.94099671150566,42.988482506396224,2020-07-17,1,19.0
55079000900,55079005000,-87.95566887882444,43.14970170326806,-87.98327608357046,43.07665137069942,2020-07-17,1,19.0
55079000900,55079006800,-87.95566887882444,43.14970170326806,-87.92500216567623,43.079683301494654,2020-07-17,1,19.0
55079000900,55079014600,-87.95566887882444,43.14970170326806,-87.93032605572249,43.04237842637439,2020-07-17,1,19.0
55079000900,55079007000,-87.95566887882444,43.14970170326806,-87.91122456687498,43.07424564740019,2020-07-17,1,19.0
55079000900,55079140100,-87.95566887882444,43.14970170326806,-88.0188613886232,42.93745223479677,2020-07-17,1,19.0
55079000900,55079003300,-87.95566887882444,43.14970170326806,-88.0173066794685,43.1010408446094,2020-07-17,2,39.0
55079000900,55079001600,-87.95566887882444,43.14970170326806,-88.01599665750028,43.11588641903863,2020-07-17,1,19.0
55079000900,55079030100,-87.95566887882444,43.14970170326806,-87.89837270942148,43.1819862198906,2020-07-17,1,19.0
55079000900,55079007700,-87.95566887882444,43.14970170326806,-87.88849935823362,43.06389053422122,2020-07-17,1,19.0
55079000900,55079008100,-87.95566887882444,43.14970170326806,-87.90743836658615,43.067471782486706,2020-07-17,1,19.0
55079000900,55079003600,-87.95566887882444,43.14970170326806,-87.98321131530031,43.092736225323044,2020-07-17,4,78.0
55079000900,55079014400,-87.95566887882444,43.14970170326806,-87.90784049253895,43.042413401572134,2020-07-17,1,19.0
55079000900,55079070200,-87.95566887882444,43.14970170326806,-87.8919112738197,43.1133970416122,2020-07-17,2,39.0
55079000900,55079001800,-87.95566887882444,43.14970170326806,-87.99853790291819,43.115847306484916,2020-07-17,1,19.0
55079000900,55079003400,-87.95566887882444,43.14970170326806,-88.02444287795417,43.0934576342605,2020-07-17,1,19.0
55079000900,55079035200,-87.95566887882444,43.14970170326806,-87.9070718018067,43.16012040860922,2020-07-17,1,19.0
55079000900,55079002900,-87.95566887882444,43.14970170326806,-87.98131890013833,43.108341188298006,2020-07-17,1,19.0
55079000900,55079100800,-87.95566887882444,43.14970170326806,-88.05710943935104,43.023654444193184,2020-07-17,1,19.0
55079000900,55079050102,-87.95566887882444,43.14970170326806,-87.96743569232115,43.172443064752215,2020-07-17,7,138.0
55079000900,55079185100,-87.95566887882444,43.14970170326806,-87.86132764015301,42.9760744263621,2020-07-17,1,19.0
55079000900,55079007900,-87.95566887882444,43.14970170326806,-87.89683936352995,43.06599950452746,2020-07-17,1,19.0
55079000900,55079006300,-87.95566887882444,43.14970170326806,-87.95229119818997,43.07635281761954,2020-07-17,3,59.0
55079000900,55079080200,-87.95566887882444,43.14970170326806,-87.8877423232882,43.0942616397457,2020-07-17,1,19.0
55079000900,55079185700,-87.95566887882444,43.14970170326806,-87.91471207902771,43.06752585199898,2020-07-17,1,19.0
55079000900,55079016300,-87.95566887882444,43.14970170326806,-87.93764055272034,43.01572710315665,2020-07-17,1,19.0
55079000900,55079000700,-87.95566887882444,43.14970170326806,-87.99009583376943,43.15588909293765,2020-07-17,8,157.0
55079000900,55079100200,-87.95566887882444,43.14970170326806,-87.99137992566246,43.01460892403096,2020-07-17,1,19.0
55079000900,55079003100,-87.95566887882444,43.14970170326806,-87.98607018194353,43.10091760946077,2020-07-17,1,19.0
55079000900,55079005900,-87.95566887882444,43.14970170326806,-87.98523579862835,43.06821108392844,2020-07-17,1,19.0
55079000900,55079006600,-87.95566887882444,43.14970170326806,-87.93135214789555,43.075399167305534,2020-07-17,1,19.0
55079000900,55079007600,-87.95566887882444,43.14970170326806,-87.87859580944733,43.06399812725538,2020-07-17,1,19.0
55079000900,55079000900,-87.95566887882444,43.14970170326806,-87.95566887882444,43.14970170326806,2020-07-17,167,3292.0
55079000900,55079001300,-87.95566887882444,43.14970170326806,-87.99843350448002,43.126783535933505,2020-07-17,2,39.0
55079000900,55079001700,-87.95566887882444,43.14970170326806,-88.01621221830194,43.10855887721336,2020-07-17,2,39.0
55079000900,55079004200,-87.95566887882444,43.14970170326806,-87.94544782159862,43.09516547779425,2020-07-17,3,59.0
55079000900,55079014900,-87.95566887882444,43.14970170326806,-87.94481830610269,43.03704436935605,2020-07-17,1,19.0
55079000900,55079001500,-87.95566887882444,43.14970170326806,-88.01520145334699,43.123754077777434,2020-07-17,1,19.0
55079000900,55079002000,-87.95566887882444,43.14970170326806,-87.96815137233186,43.115621500302275,2020-07-17,5,98.0
55079000900,55079003900,-87.95566887882444,43.14970170326806,-87.96215160813261,43.086172227530916,2020-07-17,2,39.0
55079000900,55079000201,-87.95566887882444,43.14970170326806,-88.0472441211064,43.1799495757708,2020-07-17,3,59.0
55079000900,55079004700,-87.95566887882444,43.14970170326806,-87.94760565609727,43.08576787197636,2020-07-17,3,59.0
55079000900,55079012700,-87.95566887882444,43.14970170326806,-88.0122777504643,43.029662330242175,2020-07-17,1,19.0
55079000900,55079002600,-87.95566887882444,43.14970170326806,-87.96192834607115,43.10067420371696,2020-07-17,1,19.0
55079000900,55079009000,-87.95566887882444,43.14970170326806,-87.9610837883489,43.060355868415826,2020-07-17,1,19.0
55079000900,55079013700,-87.95566887882444,43.14970170326806,-87.94529508707278,43.04229912697773,2020-07-17,1,19.0
55079000900,55079000304,-87.95566887882444,43.14970170326806,-88.02644618111368,43.14364069729464,2020-07-17,1,19.0
55079000900,55079001900,-87.95566887882444,43.14970170326806,-87.98367415791445,43.115686316787006,2020-07-17,2,39.0
55079000900,55079001100,-87.95566887882444,43.14970170326806,-87.96901390366762,43.127689901740844,2020-07-17,3,59.0
55079000900,55079009600,-87.95566887882444,43.14970170326806,-87.96486502955395,43.05277336645368,2020-07-17,1,19.0
55079000900,55079101300,-87.95566887882444,43.14970170326806,-88.02770018483265,42.99907770295741,2020-07-17,1,19.0
55079000900,55079008900,-87.95566887882444,43.14970170326806,-87.95337828163817,43.06706338271535,2020-07-17,2,39.0
55079000900,55079004100,-87.95566887882444,43.14970170326806,-87.95681147526382,43.0940907627305,2020-07-17,2,39.0
55079000900,55079013400,-87.95566887882444,43.14970170326806,-87.95356038604784,43.03496530197635,2020-07-17,1,19.0
55079000900,55079186900,-87.95566887882444,43.14970170326806,-87.88804149673794,43.05226526687869,2020-07-17,2,39.0
55079000900,55079185600,-87.95566887882444,43.14970170326806,-87.91469071944607,43.06026722158336,2020-07-17,1,19.0
55079000900,55079005100,-87.95566887882444,43.14970170326806,-87.99757698420609,43.08261869423604,2020-07-17,3,59.0
55079000900,55079060102,-87.95566887882444,43.14970170326806,-87.93974960524739,43.148654535590595,2020-07-17,3,59.0
55079000900,55079004900,-87.95566887882444,43.14970170326806,-87.97231517837423,43.077061406485264,2020-07-17,2,39.0
55079000900,55079009200,-87.95566887882444,43.14970170326806,-87.97560474362125,43.06069020349929,2020-07-17,4,78.0
55079000900,55079005600,-87.95566887882444,43.14970170326806,-88.02758035548169,43.071050112322006,2020-07-17,1,19.0
55079000900,55079000301,-87.95566887882444,43.14970170326806,-88.06021668804352,43.1363311013577,2020-07-17,2,39.0
55079000900,55079001000,-87.95566887882444,43.14970170326806,-87.95348314468296,43.12464896388482,2020-07-17,3,59.0
55079000900,55079003000,-87.95566887882444,43.14970170326806,-87.99619059962126,43.10851035065769,2020-07-17,1,19.0
55079000900,55079185400,-87.95566887882444,43.14970170326806,-87.93768935592728,43.06023552955454,2020-07-17,3,59.0
55079000900,55079006700,-87.95566887882444,43.14970170326806,-87.92040407919447,43.07437828581977,2020-07-17,1,19.0
55079005700,55079004400,-88.01309831915184,43.07138814037072,-87.90608569163814,43.089298213737145,2020-07-17,1,22.0
55079005700,55079012800,-88.01309831915184,43.07138814037072,-88.03145321223326,43.03059221584991,2020-07-17,1,22.0
55079005700,55079091300,-88.01309831915184,43.07138814037072,-88.0097444924032,43.037871666045895,2020-07-17,1,22.0
55079005700,55079010800,-88.01309831915184,43.07138814037072,-87.88986181293924,43.05733829509928,2020-07-17,1,22.0
55079005700,55079101000,-88.01309831915184,43.07138814037072,-88.05764456171738,42.99173938525954,2020-07-17,2,45.0
55079005700,55079160100,-88.01309831915184,43.07138814037072,-87.91471599062149,42.91513941042769,2020-07-17,1,22.0
55079005700,55079000600,-88.01309831915184,43.07138814037072,-88.00190569680801,43.14010292722225,2020-07-17,1,22.0
55079005700,55079090300,-88.01309831915184,43.07138814037072,-88.0515779905257,43.06739040507833,2020-07-17,11,248.0
55079005700,55079090100,-88.01309831915184,43.07138814037072,-88.04837730790923,43.0973204568905,2020-07-17,1,22.0
55079005700,55079090200,-88.01309831915184,43.07138814037072,-88.05200796218348,43.081902180003375,2020-07-17,7,158.0
55079005700,55079090900,-88.01309831915184,43.07138814037072,-88.00270912368009,43.06124682618238,2020-07-17,5,113.0
55079005700,55079001200,-88.01309831915184,43.07138814037072,-87.98620080987179,43.12617611256525,2020-07-17,1,22.0
55079005700,55079002700,-88.01309831915184,43.07138814037072,-87.97176690626681,43.100825271475365,2020-07-17,1,22.0
55079005700,55079005300,-88.01309831915184,43.07138814037072,-88.01242727702714,43.07892288175221,2020-07-17,4,90.0
55079005700,55079185500,-88.01309831915184,43.07138814037072,-87.92624880733425,43.0601763240656,2020-07-17,1,22.0
55079005700,55079090600,-88.01309831915184,43.07138814037072,-88.05435154566402,43.03795832032663,2020-07-17,1,22.0
55079005700,55079185300,-88.01309831915184,43.07138814037072,-88.04265402690729,43.049880154873065,2020-07-17,3,67.0
55079005700,55079150304,-88.01309831915184,43.07138814037072,-88.02760163837803,42.91519132559998,2020-07-17,1,22.0
55079005700,55079000800,-88.01309831915184,43.07138814037072,-87.97372753660457,43.14064967469203,2020-07-17,1,22.0
55079005700,55079186800,-88.01309831915184,43.07138814037072,-87.9506670108877,43.02815858561159,2020-07-17,1,22.0
55079005700,55079091200,-88.01309831915184,43.07138814037072,-88.00388284004167,43.0467075980639,2020-07-17,3,67.0
55079005700,55079100500,-88.01309831915184,43.07138814037072,-88.02674691869541,43.01326660162138,2020-07-17,1,22.0
55079005700,55079100900,-88.01309831915184,43.07138814037072,-88.05216898532913,43.00959788353506,2020-07-17,3,67.0
55079005700,55079007000,-88.01309831915184,43.07138814037072,-87.91122456687498,43.07424564740019,2020-07-17,1,22.0
55079005700,55079013600,-88.01309831915184,43.07138814037072,-87.9527511611333,43.04369545920421,2020-07-17,1,22.0
55079005700,55079014400,-88.01309831915184,43.07138814037072,-87.90784049253895,43.042413401572134,2020-07-17,1,22.0
55079005700,55079100400,-88.01309831915184,43.07138814037072,-88.01166560297426,43.0170103539625,2020-07-17,1,22.0
55079005700,55079150100,-88.01309831915184,43.07138814037072,-87.97759713310646,42.91424119290261,2020-07-17,4,90.0
55079005700,55079021600,-88.01309831915184,43.07138814037072,-87.92488475274558,42.952251222261935,2020-07-17,2,45.0
55079005700,55079003400,-88.01309831915184,43.07138814037072,-88.02444287795417,43.0934576342605,2020-07-17,1,22.0
55079005700,55079005500,-88.01309831915184,43.07138814037072,-88.03284541742188,43.08237006688624,2020-07-17,1,22.0
55079005700,55079005800,-88.01309831915184,43.07138814037072,-87.99994620357029,43.072303413103626,2020-07-17,3,67.0
55079005700,55079100800,-88.01309831915184,43.07138814037072,-88.05710943935104,43.023654444193184,2020-07-17,1,22.0
55079005700,55079050102,-88.01309831915184,43.07138814037072,-87.96743569232115,43.172443064752215,2020-07-17,2,45.0
55079005700,55079006300,-88.01309831915184,43.07138814037072,-87.95229119818997,43.07635281761954,2020-07-17,2,45.0
55079005700,55079185700,-88.01309831915184,43.07138814037072,-87.91471207902771,43.06752585199898,2020-07-17,1,22.0
55079005700,55079010700,-88.01309831915184,43.07138814037072,-87.90095083433016,43.0597678010215,2020-07-17,1,22.0
55079005700,55079005700,-88.01309831915184,43.07138814037072,-88.01309831915184,43.07138814037072,2020-07-17,81,1830.0
55079005700,55079006600,-88.01309831915184,43.07138814037072,-87.93135214789555,43.075399167305534,2020-07-17,1,22.0
55079005700,55079007600,-88.01309831915184,43.07138814037072,-87.87859580944733,43.06399812725538,2020-07-17,1,22.0
55079005700,55079000900,-88.01309831915184,43.07138814037072,-87.95566887882444,43.14970170326806,2020-07-17,1,22.0
55079005700,55079001700,-88.01309831915184,43.07138814037072,-88.01621221830194,43.10855887721336,2020-07-17,1,22.0
55079005700,55079004200,-88.01309831915184,43.07138814037072,-87.94544782159862,43.09516547779425,2020-07-17,1,22.0
55079005700,55079120202,-88.01309831915184,43.07138814037072,-87.99868084532402,42.965848843600455,2020-07-17,1,22.0
55079005700,55079003900,-88.01309831915184,43.07138814037072,-87.96215160813261,43.086172227530916,2020-07-17,1,22.0
55079005700,55079000201,-88.01309831915184,43.07138814037072,-88.0472441211064,43.1799495757708,2020-07-17,1,22.0
55079005700,55079002600,-88.01309831915184,43.07138814037072,-87.96192834607115,43.10067420371696,2020-07-17,1,22.0
55079005700,55079090700,-88.01309831915184,43.07138814037072,-88.02545440842808,43.059193901469925,2020-07-17,2,45.0
55079005700,55079011100,-88.01309831915184,43.07138814037072,-87.90155963599153,43.04933924860895,2020-07-17,1,22.0
55079005700,55079091000,-88.01309831915184,43.07138814037072,-87.99705672432205,43.06433297165757,2020-07-17,4,90.0
55079005700,55079100300,-88.01309831915184,43.07138814037072,-88.00316709835943,43.017354422985534,2020-07-17,1,22.0
55079005700,55079005100,-88.01309831915184,43.07138814037072,-87.99757698420609,43.08261869423604,2020-07-17,2,45.0
55079005700,55079060102,-88.01309831915184,43.07138814037072,-87.93974960524739,43.148654535590595,2020-07-17,1,22.0
55079005700,55079005600,-88.01309831915184,43.07138814037072,-88.02758035548169,43.071050112322006,2020-07-17,2,45.0
55079005700,55079000301,-88.01309831915184,43.07138814037072,-88.06021668804352,43.1363311013577,2020-07-17,1,22.0
55079005700,55079009300,-88.01309831915184,43.07138814037072,-87.98314520393755,43.060746025032145,2020-07-17,1,22.0
55079005700,55079008400,-88.01309831915184,43.07138814037072,-87.92332577697063,43.067583013115005,2020-07-17,1,22.0
55079005700,55079006500,-88.01309831915184,43.07138814037072,-87.94229465456391,43.0797331466399,2020-07-17,1,22.0
55079005700,55079090800,-88.01309831915184,43.07138814037072,-88.01754834659646,43.063072316879136,2020-07-17,1,22.0
55079005700,55079006900,-88.01309831915184,43.07138814037072,-87.91078185483303,43.07979537793229,2020-07-17,1,22.0
55079014900,55079020000,-87.94481830610269,43.03704436935605,-87.95273620994368,42.98405311376188,2020-07-17,2,40.0
55079014900,55079060200,-87.94481830610269,43.03704436935605,-87.9245165328896,43.11556508690733,2020-07-17,1,20.0
55079014900,55079004500,-87.94481830610269,43.03704436935605,-87.92226909278084,43.08550885272536,2020-07-17,1,20.0
55079014900,55079015700,-87.94481830610269,43.03704436935605,-87.92777138656925,43.021663598322064,2020-07-17,2,40.0
55079014900,55079110100,-87.94481830610269,43.03704436935605,-87.9710022364233,43.012448953036525,2020-07-17,1,20.0
55079014900,55079101000,-87.94481830610269,43.03704436935605,-88.05764456171738,42.99173938525954,2020-07-17,1,20.0
55079014900,55079021200,-87.94481830610269,43.03704436935605,-87.92101040508955,42.965284697357816,2020-07-17,1,20.0
55079014900,55079160100,-87.94481830610269,43.03704436935605,-87.91471599062149,42.91513941042769,2020-07-17,2,40.0
55079014900,55079090300,-87.94481830610269,43.03704436935605,-88.0515779905257,43.06739040507833,2020-07-17,1,20.0
55079014900,55079186300,-87.94481830610269,43.03704436935605,-87.91799927397663,43.040616743150025,2020-07-17,4,81.0
55079014900,55079021700,-87.94481830610269,43.03704436935605,-87.91312462574102,42.94052513723052,2020-07-17,2,40.0
55079014900,55079000501,-87.94481830610269,43.03704436935605,-88.04340002069712,43.115390222488664,2020-07-17,1,20.0
55079014900,55079185300,-87.94481830610269,43.03704436935605,-88.04265402690729,43.049880154873065,2020-07-17,1,20.0
55079014900,55079014700,-87.94481830610269,43.03704436935605,-87.93551340137516,43.042200823908786,2020-07-17,1,20.0
55079014900,55079187400,-87.94481830610269,43.03704436935605,-87.90767949876499,43.03217517915639,2020-07-17,3,60.0
55079014900,55079004600,-87.94481830610269,43.03704436935605,-87.9321086251029,43.08569057130924,2020-07-17,1,20.0
55079014900,55079005400,-87.94481830610269,43.03704436935605,-88.02259608100492,43.0824437803151,2020-07-17,1,20.0
55079014900,55079186800,-87.94481830610269,43.03704436935605,-87.9506670108877,43.02815858561159,2020-07-17,3,60.0
55079014900,55079091200,-87.94481830610269,43.03704436935605,-88.00388284004167,43.0467075980639,2020-07-17,1,20.0
55079014900,55079017900,-87.94481830610269,43.03704436935605,-87.90503327479618,42.998772533253295,2020-07-17,1,20.0
55079014900,55079186500,-87.94481830610269,43.03704436935605,-87.9130303085029,43.02319729476483,2020-07-17,1,20.0
55079014900,55079014400,-87.94481830610269,43.03704436935605,-87.90784049253895,43.042413401572134,2020-07-17,1,20.0
55079014900,55079100400,-87.94481830610269,43.03704436935605,-88.01166560297426,43.0170103539625,2020-07-17,1,20.0
55079014900,55079150100,-87.94481830610269,43.03704436935605,-87.97759713310646,42.91424119290261,2020-07-17,1,20.0
55079014900,55079001800,-87.94481830610269,43.03704436935605,-87.99853790291819,43.115847306484916,2020-07-17,2,40.0
55079014900,55079021300,-87.94481830610269,43.03704436935605,-87.93877469638159,42.970224160413096,2020-07-17,1,20.0
55079014900,55079009400,-87.94481830610269,43.03704436935605,-87.98309572088205,43.053347935581954,2020-07-17,1,20.0
55079014900,55079180300,-87.94481830610269,43.03704436935605,-87.87005593266791,42.951885652862586,2020-07-17,1,20.0
55079014900,55079015800,-87.94481830610269,43.03704436935605,-87.93761636287321,43.021659379009066,2020-07-17,1,20.0
55079014900,55079019500,-87.94481830610269,43.03704436935605,-88.02769031152603,42.97732706705707,2020-07-17,1,20.0
55079014900,55079016300,-87.94481830610269,43.03704436935605,-87.93764055272034,43.01572710315665,2020-07-17,4,81.0
55079014900,55079100200,-87.94481830610269,43.03704436935605,-87.99137992566246,43.01460892403096,2020-07-17,2,40.0
55079014900,55079017500,-87.94481830610269,43.03704436935605,-87.92965116916102,43.00287441605045,2020-07-17,1,20.0
55079014900,55079009800,-87.94481830610269,43.03704436935605,-87.95409571434068,43.059778012269526,2020-07-17,1,20.0
55079014900,55079001300,-87.94481830610269,43.03704436935605,-87.99843350448002,43.126783535933505,2020-07-17,1,20.0
55079014900,55079186600,-87.94481830610269,43.03704436935605,-87.91355022125023,43.001384465822476,2020-07-17,1,20.0
55079014900,55079014900,-87.94481830610269,43.03704436935605,-87.94481830610269,43.03704436935605,2020-07-17,56,1134.0
55079014900,55079012300,-87.94481830610269,43.03704436935605,-87.96196748080853,43.043599093031496,2020-07-17,1,20.0
55079014900,55079080400,-87.94481830610269,43.03704436935605,-87.88848724040903,43.08594082590386,2020-07-17,1,20.0
55079014900,55079000201,-87.94481830610269,43.03704436935605,-88.0472441211064,43.1799495757708,2020-07-17,1,20.0
55079014900,55079004700,-87.94481830610269,43.03704436935605,-87.94760565609727,43.08576787197636,2020-07-17,1,20.0
55079014900,55079020200,-87.94481830610269,43.03704436935605,-87.94112496275925,42.977527635995024,2020-07-17,1,20.0
55079014900,55079009000,-87.94481830610269,43.03704436935605,-87.9610837883489,43.060355868415826,2020-07-17,1,20.0
55079014900,55079009100,-87.94481830610269,43.03704436935605,-87.96852806703085,43.060675408064526,2020-07-17,2,40.0
55079014900,55079013700,-87.94481830610269,43.03704436935605,-87.94529508707278,43.04229912697773,2020-07-17,2,40.0
55079014900,55079018300,-87.94481830610269,43.03704436935605,-87.89285805580873,42.991354183119796,2020-07-17,1,20.0
55079014900,55079017600,-87.94481830610269,43.03704436935605,-87.92236059293215,43.00280872383964,2020-07-17,2,40.0
55079014900,55079186400,-87.94481830610269,43.03704436935605,-87.93038892981184,43.03695266796131,2020-07-17,2,40.0
55079014900,55079020600,-87.94481830610269,43.03704436935605,-87.90444286867323,42.9810337820488,2020-07-17,2,40.0
55079014900,55079013400,-87.94481830610269,43.03704436935605,-87.95356038604784,43.03496530197635,2020-07-17,3,60.0
55079014900,55079170600,-87.94481830610269,43.03704436935605,-87.86320935056827,42.907724102777856,2020-07-17,1,20.0
55079014900,55079006400,-87.94481830610269,43.03704436935605,-87.94234792087695,43.07421796319209,2020-07-17,1,20.0
55079014900,55079001000,-87.94481830610269,43.03704436935605,-87.95348314468296,43.12464896388482,2020-07-17,1,20.0
55079014900,55079015900,-87.94481830610269,43.03704436935605,-87.9473669417017,43.02159668337006,2020-07-17,1,20.0
55079014900,55079013500,-87.94481830610269,43.03704436935605,-87.9526122313311,43.040147622140005,2020-07-17,1,20.0
55079014900,55079009700,-87.94481830610269,43.03704436935605,-87.95262115062044,43.05393954073114,2020-07-17,1,20.0
55079050101,55079020000,-87.98494662348081,43.17683059907653,-87.95273620994368,42.98405311376188,2020-07-17,5,110.0
55079050101,55079004300,-87.98494662348081,43.17683059907653,-87.93220867621264,43.094799127568905,2020-07-17,3,66.0
55079050101,55079060200,-87.98494662348081,43.17683059907653,-87.9245165328896,43.11556508690733,2020-07-17,4,88.0
55079050101,55079015700,-87.98494662348081,43.17683059907653,-87.92777138656925,43.021663598322064,2020-07-17,1,22.0
55079050101,55079016200,-87.98494662348081,43.17683059907653,-87.94745090497267,43.01660575920564,2020-07-17,1,22.0
55079050101,55079019000,-87.98494662348081,43.17683059907653,-87.967877289968,42.995496154489715,2020-07-17,1,22.0
55079050101,55079000101,-87.98494662348081,43.17683059907653,-88.00922083481396,43.18510784936368,2020-07-17,21,463.0
55079050101,55079000102,-87.98494662348081,43.17683059907653,-88.01167859828367,43.164645145767146,2020-07-17,13,287.0
55079050101,55079000202,-87.98494662348081,43.17683059907653,-88.04132965001602,43.160382512849615,2020-07-17,4,88.0
55079050101,55079002300,-87.98494662348081,43.17683059907653,-87.93621856893152,43.105985427841645,2020-07-17,1,22.0
55079050101,55079010800,-87.98494662348081,43.17683059907653,-87.88986181293924,43.05733829509928,2020-07-17,1,22.0
55079050101,55079011200,-87.98494662348081,43.17683059907653,-87.89756439120579,43.055476240018415,2020-07-17,1,22.0
55079050101,55079110100,-87.98494662348081,43.17683059907653,-87.9710022364233,43.012448953036525,2020-07-17,3,66.0
55079050101,55079101000,-87.98494662348081,43.17683059907653,-88.05764456171738,42.99173938525954,2020-07-17,1,22.0
55079050101,55079000600,-87.98494662348081,43.17683059907653,-88.00190569680801,43.14010292722225,2020-07-17,5,110.0
55079050101,55079050101,-87.98494662348081,43.17683059907653,-87.98494662348081,43.17683059907653,2020-07-17,263,5810.0
55079050101,55079090300,-87.98494662348081,43.17683059907653,-88.0515779905257,43.06739040507833,2020-07-17,2,44.0
55079050101,55079186300,-87.98494662348081,43.17683059907653,-87.91799927397663,43.040616743150025,2020-07-17,2,44.0
55079050101,55079012400,-87.98494662348081,43.17683059907653,-87.97680856828566,43.04580144948212,2020-07-17,1,22.0
55079050101,55079120501,-87.98494662348081,43.17683059907653,-87.96680035551529,42.94072396992586,2020-07-17,2,44.0
55079050101,55079090200,-87.98494662348081,43.17683059907653,-88.05200796218348,43.081902180003375,2020-07-17,4,88.0
55079050101,55079120203,-87.98494662348081,43.17683059907653,-88.00776394431053,42.95694649923871,2020-07-17,1,22.0
55079050101,55079000501,-87.98494662348081,43.17683059907653,-88.04340002069712,43.115390222488664,2020-07-17,3,66.0
55079050101,55079004800,-87.98494662348081,43.17683059907653,-87.96231596301399,43.077035360461494,2020-07-17,2,44.0
55079050101,55079003200,-87.98494662348081,43.17683059907653,-88.00111189801154,43.10115852758208,2020-07-17,1,22.0
55079050101,55079005300,-87.98494662348081,43.17683059907653,-88.01242727702714,43.07892288175221,2020-07-17,2,44.0
55079050101,55079021400,-87.98494662348081,43.17683059907653,-87.93891709359613,42.96295890378409,2020-07-17,1,22.0
55079050101,55079060101,-87.98494662348081,43.17683059907653,-87.92535691568614,43.13950788268824,2020-07-17,3,66.0
55079050101,55079185500,-87.98494662348081,43.17683059907653,-87.92624880733425,43.0601763240656,2020-07-17,1,22.0
55079050101,55079000302,-87.98494662348081,43.17683059907653,-88.04649688617519,43.13922972061493,2020-07-17,1,22.0
55079050101,55079080300,-87.98494662348081,43.17683059907653,-87.87475616434764,43.089996653126924,2020-07-17,2,44.0
55079050101,55079185300,-87.98494662348081,43.17683059907653,-88.04265402690729,43.049880154873065,2020-07-17,6,132.0
55079050101,55079187400,-87.98494662348081,43.17683059907653,-87.90767949876499,43.03217517915639,2020-07-17,1,22.0
55079050101,55079000800,-87.98494662348081,43.17683059907653,-87.97372753660457,43.14064967469203,2020-07-17,4,88.0
55079050101,55079004600,-87.98494662348081,43.17683059907653,-87.9321086251029,43.08569057130924,2020-07-17,2,44.0
55079050101,55079000400,-87.98494662348081,43.17683059907653,-88.05554472050937,43.110954423820296,2020-07-17,1,22.0
55079050101,55079000502,-87.98494662348081,43.17683059907653,-88.03128731150349,43.12480634966938,2020-07-17,1,22.0
55079050101,55079186800,-87.98494662348081,43.17683059907653,-87.9506670108877,43.02815858561159,2020-07-17,1,22.0
55079050101,55079160203,-87.98494662348081,43.17683059907653,-87.91638950191752,42.89402789790319,2020-07-17,1,22.0
55079050101,55079170200,-87.98494662348081,43.17683059907653,-87.87263683893734,42.92275381108851,2020-07-17,1,22.0
55079050101,55079091200,-87.98494662348081,43.17683059907653,-88.00388284004167,43.0467075980639,2020-07-17,1,22.0
55079050101,55079100500,-87.98494662348081,43.17683059907653,-88.02674691869541,43.01326660162138,2020-07-17,1,22.0
55079050101,55079005000,-87.98494662348081,43.17683059907653,-87.98327608357046,43.07665137069942,2020-07-17,1,22.0
55079050101,55079001400,-87.98494662348081,43.17683059907653,-88.01656972395298,43.130900969315825,2020-07-17,1,22.0
55079050101,55079002800,-87.98494662348081,43.17683059907653,-87.97141961541004,43.10830621321033,2020-07-17,1,22.0
55079050101,55079006800,-87.98494662348081,43.17683059907653,-87.92500216567623,43.079683301494654,2020-07-17,1,22.0
55079050101,55079007000,-87.98494662348081,43.17683059907653,-87.91122456687498,43.07424564740019,2020-07-17,1,22.0
55079050101,55079101100,-87.98494662348081,43.17683059907653,-88.04276904850849,42.99420752845147,2020-07-17,1,22.0
55079050101,55079140201,-87.98494662348081,43.17683059907653,-87.99911426080601,42.93902100763907,2020-07-17,3,66.0
55079050101,55079091400,-87.98494662348081,43.17683059907653,-87.99383660813824,43.04031315098078,2020-07-17,1,22.0
55079050101,55079017900,-87.98494662348081,43.17683059907653,-87.90503327479618,42.998772533253295,2020-07-17,1,22.0
55079050101,55079186500,-87.98494662348081,43.17683059907653,-87.9130303085029,43.02319729476483,2020-07-17,1,22.0
55079050101,55079003300,-87.98494662348081,43.17683059907653,-88.0173066794685,43.1010408446094,2020-07-17,2,44.0
55079050101,55079120101,-87.98494662348081,43.17683059907653,-88.04814010007517,42.95916305909443,2020-07-17,2,44.0
55079050101,55079030100,-87.98494662348081,43.17683059907653,-87.89837270942148,43.1819862198906,2020-07-17,3,66.0
55079050101,55079040100,-87.98494662348081,43.17683059907653,-87.93527423095499,43.17163768621121,2020-07-17,2,44.0
55079050101,55079003600,-87.98494662348081,43.17683059907653,-87.98321131530031,43.092736225323044,2020-07-17,5,110.0
55079050101,55079035100,-87.98494662348081,43.17683059907653,-87.89285549776399,43.15380150659221,2020-07-17,1,22.0
55079050101,55079003800,-87.98494662348081,43.17683059907653,-87.97215356169055,43.086187842345545,2020-07-17,1,22.0
55079050101,55079018000,-87.98494662348081,43.17683059907653,-87.8945288084346,43.01098558683315,2020-07-17,1,22.0
55079050101,55079150100,-87.98494662348081,43.17683059907653,-87.97759713310646,42.91424119290261,2020-07-17,2,44.0
55079050101,55079003400,-87.98494662348081,43.17683059907653,-88.02444287795417,43.0934576342605,2020-07-17,3,66.0
55079050101,55079005500,-87.98494662348081,43.17683059907653,-88.03284541742188,43.08237006688624,2020-07-17,1,22.0
55079050101,55079035200,-87.98494662348081,43.17683059907653,-87.9070718018067,43.16012040860922,2020-07-17,3,66.0
55079050101,55079120102,-87.98494662348081,43.17683059907653,-88.04966546230908,42.97409794368699,2020-07-17,2,44.0
55079050101,55079009400,-87.98494662348081,43.17683059907653,-87.98309572088205,43.053347935581954,2020-07-17,1,22.0
55079050101,55079050102,-87.98494662348081,43.17683059907653,-87.96743569232115,43.172443064752215,2020-07-17,30,662.0
55079050101,55079180300,-87.98494662348081,43.17683059907653,-87.87005593266791,42.951885652862586,2020-07-17,1,22.0
55079050101,55079006300,-87.98494662348081,43.17683059907653,-87.95229119818997,43.07635281761954,2020-07-17,2,44.0
55079050101,55079000700,-87.98494662348081,43.17683059907653,-87.99009583376943,43.15588909293765,2020-07-17,8,176.0
55079050101,55079005700,-87.98494662348081,43.17683059907653,-88.01309831915184,43.07138814037072,2020-07-17,1,22.0
55079050101,55079003100,-87.98494662348081,43.17683059907653,-87.98607018194353,43.10091760946077,2020-07-17,2,44.0
55079050101,55079007600,-87.98494662348081,43.17683059907653,-87.87859580944733,43.06399812725538,2020-07-17,3,66.0
55079050101,55079000900,-87.98494662348081,43.17683059907653,-87.95566887882444,43.14970170326806,2020-07-17,2,44.0
55079050101,55079001300,-87.98494662348081,43.17683059907653,-87.99843350448002,43.126783535933505,2020-07-17,2,44.0
55079050101,55079020900,-87.98494662348081,43.17683059907653,-87.90186271433869,42.97013349358029,2020-07-17,1,22.0
55079050101,55079016700,-87.98494662348081,43.17683059907653,-87.92209519609614,43.010301162214034,2020-07-17,1,22.0
55079050101,55079018800,-87.98494662348081,43.17683059907653,-87.94058386370827,42.99929639057026,2020-07-17,1,22.0
55079050101,55079004200,-87.98494662348081,43.17683059907653,-87.94544782159862,43.09516547779425,2020-07-17,1,22.0
55079050101,55079120202,-87.98494662348081,43.17683059907653,-87.99868084532402,42.965848843600455,2020-07-17,2,44.0
55079050101,55079012300,-87.98494662348081,43.17683059907653,-87.96196748080853,43.043599093031496,2020-07-17,1,22.0
55079050101,55079001500,-87.98494662348081,43.17683059907653,-88.01520145334699,43.123754077777434,2020-07-17,2,44.0
55079050101,55079000201,-87.98494662348081,43.17683059907653,-88.0472441211064,43.1799495757708,2020-07-17,8,176.0
55079050101,55079020200,-87.98494662348081,43.17683059907653,-87.94112496275925,42.977527635995024,2020-07-17,1,22.0
55079050101,55079150303,-87.98494662348081,43.17683059907653,-88.02312771344377,42.88960646488504,2020-07-17,2,44.0
55079050101,55079019800,-87.98494662348081,43.17683059907653,-87.98973307517815,42.982078809345225,2020-07-17,1,22.0
55079050101,55079016400,-87.98494662348081,43.17683059907653,-87.92777599229481,43.01665943799343,2020-07-17,1,22.0
55079050101,55079000304,-87.98494662348081,43.17683059907653,-88.02644618111368,43.14364069729464,2020-07-17,1,22.0
55079050101,55079003700,-87.98494662348081,43.17683059907653,-87.98336380852676,43.08546039091554,2020-07-17,1,22.0
55079050101,55079016500,-87.98494662348081,43.17683059907653,-87.91153110922029,43.01579142211555,2020-07-17,1,22.0
55079050101,55079091000,-87.98494662348081,43.17683059907653,-87.99705672432205,43.06433297165757,2020-07-17,1,22.0
55079050101,55079185600,-87.98494662348081,43.17683059907653,-87.91469071944607,43.06026722158336,2020-07-17,2,44.0
55079050101,55079005100,-87.98494662348081,43.17683059907653,-87.99757698420609,43.08261869423604,2020-07-17,1,22.0
55079050101,55079185200,-87.98494662348081,43.17683059907653,-87.88193798921913,42.967674094622936,2020-07-17,2,44.0
55079050101,55079060102,-87.98494662348081,43.17683059907653,-87.93974960524739,43.148654535590595,2020-07-17,2,44.0
55079050101,55079004900,-87.98494662348081,43.17683059907653,-87.97231517837423,43.077061406485264,2020-07-17,1,22.0
55079050101,55079009200,-87.98494662348081,43.17683059907653,-87.97560474362125,43.06069020349929,2020-07-17,1,22.0
55079050101,55079000301,-87.98494662348081,43.17683059907653,-88.06021668804352,43.1363311013577,2020-07-17,1,22.0
55079050101,55079006400,-87.98494662348081,43.17683059907653,-87.94234792087695,43.07421796319209,2020-07-17,2,44.0
55079050101,55079000303,-87.98494662348081,43.17683059907653,-88.04588241201564,43.12968529312476,2020-07-17,1,22.0
55079050101,55079001000,-87.98494662348081,43.17683059907653,-87.95348314468296,43.12464896388482,2020-07-17,4,88.0
55079050101,55079002200,-87.98494662348081,43.17683059907653,-87.9335870089048,43.11469059411332,2020-07-17,2,44.0
55079185700,55079020000,-87.91471207902771,43.06752585199898,-87.95273620994368,42.98405311376188,2020-07-17,2,49.0
55079185700,55079002400,-87.91471207902771,43.06752585199898,-87.95188617843814,43.106404380820805,2020-07-17,1,24.0
55079185700,55079004300,-87.91471207902771,43.06752585199898,-87.93220867621264,43.094799127568905,2020-07-17,5,122.0
55079185700,55079060200,-87.91471207902771,43.06752585199898,-87.9245165328896,43.11556508690733,2020-07-17,5,122.0
55079185700,55079004400,-87.91471207902771,43.06752585199898,-87.90608569163814,43.089298213737145,2020-07-17,5,122.0
55079185700,55079004500,-87.91471207902771,43.06752585199898,-87.92226909278084,43.08550885272536,2020-07-17,1,24.0
55079185700,55079012800,-87.91471207902771,43.06752585199898,-88.03145321223326,43.03059221584991,2020-07-17,1,24.0
55079185700,55079100100,-87.91471207902771,43.06752585199898,-87.98598444052216,43.01659648927991,2020-07-17,1,24.0
55079185700,55079002300,-87.91471207902771,43.06752585199898,-87.93621856893152,43.105985427841645,2020-07-17,1,24.0
55079185700,55079110100,-87.91471207902771,43.06752585199898,-87.9710022364233,43.012448953036525,2020-07-17,5,122.0
55079185700,55079101000,-87.91471207902771,43.06752585199898,-88.05764456171738,42.99173938525954,2020-07-17,2,49.0
55079185700,55079012400,-87.91471207902771,43.06752585199898,-87.97680856828566,43.04580144948212,2020-07-17,1,24.0
55079185700,55079120400,-87.91471207902771,43.06752585199898,-87.96548496050795,42.96670427425607,2020-07-17,1,24.0
55079185700,55079120203,-87.91471207902771,43.06752585199898,-88.00776394431053,42.95694649923871,2020-07-17,1,24.0
55079185700,55079018400,-87.91471207902771,43.06752585199898,-87.90417459790928,42.9917062933768,2020-07-17,1,24.0
55079185700,55079002700,-87.91471207902771,43.06752585199898,-87.97176690626681,43.100825271475365,2020-07-17,1,24.0
55079185700,55079004800,-87.91471207902771,43.06752585199898,-87.96231596301399,43.077035360461494,2020-07-17,2,49.0
55079185700,55079185900,-87.91471207902771,43.06752585199898,-87.93229166080955,43.05383765471328,2020-07-17,1,24.0
55079185700,55079185500,-87.91471207902771,43.06752585199898,-87.92624880733425,43.0601763240656,2020-07-17,3,73.0
55079185700,55079012500,-87.91471207902771,43.06752585199898,-87.97654888060033,43.037091021714275,2020-07-17,1,24.0
55079185700,55079004600,-87.91471207902771,43.06752585199898,-87.9321086251029,43.08569057130924,2020-07-17,1,24.0
55079185700,55079005400,-87.91471207902771,43.06752585199898,-88.02259608100492,43.0824437803151,2020-07-17,1,24.0
55079185700,55079006200,-87.91471207902771,43.06752585199898,-87.96097127315564,43.067902782244275,2020-07-17,1,24.0
55079185700,55079186800,-87.91471207902771,43.06752585199898,-87.9506670108877,43.02815858561159,2020-07-17,2,49.0
55079185700,55079006000,-87.91471207902771,43.06752585199898,-87.97554005335066,43.067947929210746,2020-07-17,1,24.0
55079185700,55079180400,-87.91471207902771,43.06752585199898,-87.85633588550823,42.93709205888796,2020-07-17,1,24.0
55079185700,55079005000,-87.91471207902771,43.06752585199898,-87.98327608357046,43.07665137069942,2020-07-17,1,24.0
55079185700,55079002800,-87.91471207902771,43.06752585199898,-87.97141961541004,43.10830621321033,2020-07-17,2,49.0
55079185700,55079014600,-87.91471207902771,43.06752585199898,-87.93032605572249,43.04237842637439,2020-07-17,1,24.0
55079185700,55079007000,-87.91471207902771,43.06752585199898,-87.91122456687498,43.07424564740019,2020-07-17,3,73.0
55079185700,55079101100,-87.91471207902771,43.06752585199898,-88.04276904850849,42.99420752845147,2020-07-17,1,24.0
55079185700,55079007500,-87.91471207902771,43.06752585199898,-87.87772470520909,43.071061371506396,2020-07-17,1,24.0
55079185700,55079008500,-87.91471207902771,43.06752585199898,-87.9298714910033,43.06776123229879,2020-07-17,4,98.0
55079185700,55079007700,-87.91471207902771,43.06752585199898,-87.88849935823362,43.06389053422122,2020-07-17,2,49.0
55079185700,55079008100,-87.91471207902771,43.06752585199898,-87.90743836658615,43.067471782486706,2020-07-17,1,24.0
55079185700,55079003800,-87.91471207902771,43.06752585199898,-87.97215356169055,43.086187842345545,2020-07-17,1,24.0
55079185700,55079011300,-87.91471207902771,43.06752585199898,-87.90713298111844,43.04890661506502,2020-07-17,1,24.0
55079185700,55079021600,-87.91471207902771,43.06752585199898,-87.92488475274558,42.952251222261935,2020-07-17,1,24.0
55079185700,55079005500,-87.91471207902771,43.06752585199898,-88.03284541742188,43.08237006688624,2020-07-17,1,24.0
55079185700,55079021300,-87.91471207902771,43.06752585199898,-87.93877469638159,42.970224160413096,2020-07-17,1,24.0
55079185700,55079187000,-87.91471207902771,43.06752585199898,-87.88728455831759,43.05530607398437,2020-07-17,3,73.0
55079185700,55079014100,-87.91471207902771,43.06752585199898,-87.92097269793881,43.04863570292668,2020-07-17,1,24.0
55079185700,55079050102,-87.91471207902771,43.06752585199898,-87.96743569232115,43.172443064752215,2020-07-17,2,49.0
55079185700,55079015800,-87.91471207902771,43.06752585199898,-87.93761636287321,43.021659379009066,2020-07-17,1,24.0
55079185700,55079006300,-87.91471207902771,43.06752585199898,-87.95229119818997,43.07635281761954,2020-07-17,1,24.0
55079185700,55079007300,-87.91471207902771,43.06752585199898,-87.88807891595606,43.0779148594549,2020-07-17,1,24.0
55079185700,55079185700,-87.91471207902771,43.06752585199898,-87.91471207902771,43.06752585199898,2020-07-17,69,1694.0
55079185700,55079016300,-87.91471207902771,43.06752585199898,-87.93764055272034,43.01572710315665,2020-07-17,1,24.0
55079185700,55079012600,-87.91471207902771,43.06752585199898,-87.99443577770006,43.034032251200934,2020-07-17,1,24.0
55079185700,55079007200,-87.91471207902771,43.06752585199898,-87.89788270005259,43.07774402945858,2020-07-17,1,24.0
55079185700,55079006600,-87.91471207902771,43.06752585199898,-87.93135214789555,43.075399167305534,2020-07-17,1,24.0
55079185700,55079007600,-87.91471207902771,43.06752585199898,-87.87859580944733,43.06399812725538,2020-07-17,1,24.0
55079185700,55079001700,-87.91471207902771,43.06752585199898,-88.01621221830194,43.10855887721336,2020-07-17,1,24.0
55079185700,55079016700,-87.91471207902771,43.06752585199898,-87.92209519609614,43.010301162214034,2020-07-17,1,24.0
55079185700,55079186600,-87.91471207902771,43.06752585199898,-87.91355022125023,43.001384465822476,2020-07-17,2,49.0
55079185700,55079011000,-87.91471207902771,43.06752585199898,-87.89727240641399,43.050053518943756,2020-07-17,1,24.0
55079185700,55079003900,-87.91471207902771,43.06752585199898,-87.96215160813261,43.086172227530916,2020-07-17,1,24.0
55079185700,55079007800,-87.91471207902771,43.06752585199898,-87.88801504624632,43.07075279367613,2020-07-17,1,24.0
55079185700,55079004700,-87.91471207902771,43.06752585199898,-87.94760565609727,43.08576787197636,2020-07-17,1,24.0
55079185700,55079009100,-87.91471207902771,43.06752585199898,-87.96852806703085,43.060675408064526,2020-07-17,1,24.0
55079185700,55079000304,-87.91471207902771,43.06752585199898,-88.02644618111368,43.14364069729464,2020-07-17,1,24.0
55079185700,55079001900,-87.91471207902771,43.06752585199898,-87.98367415791445,43.115686316787006,2020-07-17,1,24.0
55079185700,55079016500,-87.91471207902771,43.06752585199898,-87.91153110922029,43.01579142211555,2020-07-17,1,24.0
55079185700,55079017600,-87.91471207902771,43.06752585199898,-87.92236059293215,43.00280872383964,2020-07-17,1,24.0
55079185700,55079186400,-87.91471207902771,43.06752585199898,-87.93038892981184,43.03695266796131,2020-07-17,1,24.0
55079185700,55079011100,-87.91471207902771,43.06752585199898,-87.90155963599153,43.04933924860895,2020-07-17,1,24.0
55079185700,55079008900,-87.91471207902771,43.06752585199898,-87.95337828163817,43.06706338271535,2020-07-17,1,24.0
55079185700,55079185800,-87.91471207902771,43.06752585199898,-87.94265216254213,43.0538687550207,2020-07-17,1,24.0
55079185700,55079185600,-87.91471207902771,43.06752585199898,-87.91469071944607,43.06026722158336,2020-07-17,3,73.0
55079185700,55079005100,-87.91471207902771,43.06752585199898,-87.99757698420609,43.08261869423604,2020-07-17,1,24.0
55079185700,55079014800,-87.91471207902771,43.06752585199898,-87.9402035907502,43.042125624825495,2020-07-17,2,49.0
55079185700,55079004900,-87.91471207902771,43.06752585199898,-87.97231517837423,43.077061406485264,2020-07-17,1,24.0
55079185700,55079009300,-87.91471207902771,43.06752585199898,-87.98314520393755,43.060746025032145,2020-07-17,1,24.0
55079185700,55079009900,-87.91471207902771,43.06752585199898,-87.94630275235495,43.060274421469344,2020-07-17,2,49.0
55079185700,55079006500,-87.91471207902771,43.06752585199898,-87.94229465456391,43.0797331466399,2020-07-17,2,49.0
55079185700,55079185400,-87.91471207902771,43.06752585199898,-87.93768935592728,43.06023552955454,2020-07-17,1,24.0
55079185700,55079009700,-87.91471207902771,43.06752585199898,-87.95262115062044,43.05393954073114,2020-07-17,1,24.0
55079185700,55079008700,-87.91471207902771,43.06752585199898,-87.93997122125838,43.06781436915486,2020-07-17,1,24.0
55079008500,55079002100,-87.9298714910033,43.06776123229879,-87.95315716160212,43.115529640428136,2020-07-17,1,30.0
55079008500,55079060200,-87.9298714910033,43.06776123229879,-87.9245165328896,43.11556508690733,2020-07-17,2,60.0
55079008500,55079004400,-87.9298714910033,43.06776123229879,-87.90608569163814,43.089298213737145,2020-07-17,2,60.0
55079008500,55079110100,-87.9298714910033,43.06776123229879,-87.9710022364233,43.012448953036525,2020-07-17,1,30.0
55079008500,55079000501,-87.9298714910033,43.06776123229879,-88.04340002069712,43.115390222488664,2020-07-17,1,30.0
55079008500,55079001200,-87.9298714910033,43.06776123229879,-87.98620080987179,43.12617611256525,2020-07-17,1,30.0
55079008500,55079003500,-87.9298714910033,43.06776123229879,-87.99830093777771,43.09359369867719,2020-07-17,1,30.0
55079008500,55079003200,-87.9298714910033,43.06776123229879,-88.00111189801154,43.10115852758208,2020-07-17,1,30.0
55079008500,55079185500,-87.9298714910033,43.06776123229879,-87.92624880733425,43.0601763240656,2020-07-17,2,60.0
55079008500,55079187400,-87.9298714910033,43.06776123229879,-87.90767949876499,43.03217517915639,2020-07-17,1,30.0
55079008500,55079005400,-87.9298714910033,43.06776123229879,-88.02259608100492,43.0824437803151,2020-07-17,1,30.0
55079008500,55079080100,-87.9298714910033,43.06776123229879,-87.89773689723896,43.0955518884228,2020-07-17,1,30.0
55079008500,55079005000,-87.9298714910033,43.06776123229879,-87.98327608357046,43.07665137069942,2020-07-17,1,30.0
55079008500,55079001400,-87.9298714910033,43.06776123229879,-88.01656972395298,43.130900969315825,2020-07-17,1,30.0
55079008500,55079007000,-87.9298714910033,43.06776123229879,-87.91122456687498,43.07424564740019,2020-07-17,1,30.0
55079008500,55079008500,-87.9298714910033,43.06776123229879,-87.9298714910033,43.06776123229879,2020-07-17,30,902.0
55079008500,55079003600,-87.9298714910033,43.06776123229879,-87.98321131530031,43.092736225323044,2020-07-17,1,30.0
55079008500,55079003800,-87.9298714910033,43.06776123229879,-87.97215356169055,43.086187842345545,2020-07-17,1,30.0
55079008500,55079018000,-87.9298714910033,43.06776123229879,-87.8945288084346,43.01098558683315,2020-07-17,1,30.0
55079008500,55079001800,-87.9298714910033,43.06776123229879,-87.99853790291819,43.115847306484916,2020-07-17,2,60.0
55079008500,55079006300,-87.9298714910033,43.06776123229879,-87.95229119818997,43.07635281761954,2020-07-17,1,30.0
55079008500,55079185700,-87.9298714910033,43.06776123229879,-87.91471207902771,43.06752585199898,2020-07-17,2,60.0
55079008500,55079006600,-87.9298714910033,43.06776123229879,-87.93135214789555,43.075399167305534,2020-07-17,1,30.0
55079008500,55079004700,-87.9298714910033,43.06776123229879,-87.94760565609727,43.08576787197636,2020-07-17,1,30.0
55079008500,55079009100,-87.9298714910033,43.06776123229879,-87.96852806703085,43.060675408064526,2020-07-17,1,30.0
55079008500,55079185600,-87.9298714910033,43.06776123229879,-87.91469071944607,43.06026722158336,2020-07-17,2,60.0
55079008500,55079001000,-87.9298714910033,43.06776123229879,-87.95348314468296,43.12464896388482,2020-07-17,2,60.0
55079008500,55079008400,-87.9298714910033,43.06776123229879,-87.92332577697063,43.067583013115005,2020-07-17,4,120.0
55079008500,55079002200,-87.9298714910033,43.06776123229879,-87.9335870089048,43.11469059411332,2020-07-17,1,30.0
55079008500,55079003000,-87.9298714910033,43.06776123229879,-87.99619059962126,43.10851035065769,2020-07-17,1,30.0
55079008500,55079008600,-87.9298714910033,43.06776123229879,-87.93517868399437,43.06762170689756,2020-07-17,2,60.0
55079008500,55079006500,-87.9298714910033,43.06776123229879,-87.94229465456391,43.0797331466399,2020-07-17,1,30.0
55079008500,55079185400,-87.9298714910033,43.06776123229879,-87.93768935592728,43.06023552955454,2020-07-17,1,30.0
55079008500,55079008800,-87.9298714910033,43.06776123229879,-87.94617084834631,43.06788862375971,2020-07-17,1,30.0
55079008500,55079006700,-87.9298714910033,43.06776123229879,-87.92040407919447,43.07437828581977,2020-07-17,1,30.0
55079019400,55079020000,-88.02755647500341,42.984577749923744,-87.95273620994368,42.98405311376188,2020-07-17,2,47.0
55079019400,55079060200,-88.02755647500341,42.984577749923744,-87.9245165328896,43.11556508690733,2020-07-17,3,70.0
55079019400,55079100700,-88.02755647500341,42.984577749923744,-88.03788629567484,43.0213025080197,2020-07-17,1,23.0
55079019400,55079000101,-88.02755647500341,42.984577749923744,-88.00922083481396,43.18510784936368,2020-07-17,1,23.0
55079019400,55079000102,-88.02755647500341,42.984577749923744,-88.01167859828367,43.164645145767146,2020-07-17,1,23.0
55079019400,55079110100,-88.02755647500341,42.984577749923744,-87.9710022364233,43.012448953036525,2020-07-17,4,94.0
55079019400,55079101000,-88.02755647500341,42.984577749923744,-88.05764456171738,42.99173938525954,2020-07-17,11,259.0
55079019400,55079160100,-88.02755647500341,42.984577749923744,-87.91471599062149,42.91513941042769,2020-07-17,1,23.0
55079019400,55079000600,-88.02755647500341,42.984577749923744,-88.00190569680801,43.14010292722225,2020-07-17,1,23.0
55079019400,55079090300,-88.02755647500341,42.984577749923744,-88.0515779905257,43.06739040507833,2020-07-17,3,70.0
55079019400,55079101600,-88.02755647500341,42.984577749923744,-87.98881839806968,43.003113634057684,2020-07-17,1,23.0
55079019400,55079186300,-88.02755647500341,42.984577749923744,-87.91799927397663,43.040616743150025,2020-07-17,2,47.0
55079019400,55079021700,-88.02755647500341,42.984577749923744,-87.91312462574102,42.94052513723052,2020-07-17,2,47.0
55079019400,55079120501,-88.02755647500341,42.984577749923744,-87.96680035551529,42.94072396992586,2020-07-17,1,23.0
55079019400,55079019200,-88.02755647500341,42.984577749923744,-87.9858350139744,42.99282711086924,2020-07-17,3,70.0
55079019400,55079120400,-88.02755647500341,42.984577749923744,-87.96548496050795,42.96670427425607,2020-07-17,2,47.0
55079019400,55079120203,-88.02755647500341,42.984577749923744,-88.00776394431053,42.95694649923871,2020-07-17,3,70.0
55079019400,55079017300,-88.02755647500341,42.984577749923744,-87.94877202549131,43.0036525046766,2020-07-17,1,23.0
55079019400,55079019400,-88.02755647500341,42.984577749923744,-88.02755647500341,42.984577749923744,2020-07-17,136,3213.0
55079019400,55079000501,-88.02755647500341,42.984577749923744,-88.04340002069712,43.115390222488664,2020-07-17,1,23.0
55079019400,55079185300,-88.02755647500341,42.984577749923744,-88.04265402690729,43.049880154873065,2020-07-17,3,70.0
55079019400,55079120502,-88.02755647500341,42.984577749923744,-87.96510992081555,42.95304728304586,2020-07-17,2,47.0
55079019400,55079187400,-88.02755647500341,42.984577749923744,-87.90767949876499,43.03217517915639,2020-07-17,2,47.0
55079019400,55079150304,-88.02755647500341,42.984577749923744,-88.02760163837803,42.91519132559998,2020-07-17,1,23.0
55079019400,55079130200,-88.02755647500341,42.984577749923744,-88.05891051157585,42.93732261654573,2020-07-17,1,23.0
55079019400,55079005400,-88.02755647500341,42.984577749923744,-88.02259608100492,43.0824437803151,2020-07-17,1,23.0
55079019400,55079186800,-88.02755647500341,42.984577749923744,-87.9506670108877,43.02815858561159,2020-07-17,3,70.0
55079019400,55079187200,-88.02755647500341,42.984577749923744,-88.00769048889484,42.863813659193866,2020-07-17,1,23.0
55079019400,55079160203,-88.02755647500341,42.984577749923744,-87.91638950191752,42.89402789790319,2020-07-17,1,23.0
55079019400,55079018900,-88.02755647500341,42.984577749923744,-87.95323213052187,42.995654122863776,2020-07-17,1,23.0
55079019400,55079020100,-88.02755647500341,42.984577749923744,-87.94099671150566,42.988482506396224,2020-07-17,2,47.0
55079019400,55079180400,-88.02755647500341,42.984577749923744,-87.85633588550823,42.93709205888796,2020-07-17,1,23.0
55079019400,55079101100,-88.02755647500341,42.984577749923744,-88.04276904850849,42.99420752845147,2020-07-17,5,118.0
55079019400,55079140100,-88.02755647500341,42.984577749923744,-88.0188613886232,42.93745223479677,2020-07-17,2,47.0
55079019400,55079140201,-88.02755647500341,42.984577749923744,-87.99911426080601,42.93902100763907,2020-07-17,1,23.0
55079019400,55079120101,-88.02755647500341,42.984577749923744,-88.04814010007517,42.95916305909443,2020-07-17,3,70.0
55079019400,55079070100,-88.02755647500341,42.984577749923744,-87.9076583493148,43.12063010988105,2020-07-17,1,23.0
55079019400,55079101400,-88.02755647500341,42.984577749923744,-88.02735540531337,43.00631524274058,2020-07-17,2,47.0
55079019400,55079040100,-88.02755647500341,42.984577749923744,-87.93527423095499,43.17163768621121,2020-07-17,1,23.0
55079019400,55079100400,-88.02755647500341,42.984577749923744,-88.01166560297426,43.0170103539625,2020-07-17,3,70.0
55079019400,55079150100,-88.02755647500341,42.984577749923744,-87.97759713310646,42.91424119290261,2020-07-17,1,23.0
55079019400,55079021600,-88.02755647500341,42.984577749923744,-87.92488475274558,42.952251222261935,2020-07-17,1,23.0
55079019400,55079035200,-88.02755647500341,42.984577749923744,-87.9070718018067,43.16012040860922,2020-07-17,1,23.0
55079019400,55079016100,-88.02755647500341,42.984577749923744,-87.95946595975387,43.016089910899275,2020-07-17,1,23.0
55079019400,55079021300,-88.02755647500341,42.984577749923744,-87.93877469638159,42.970224160413096,2020-07-17,2,47.0
55079019400,55079120102,-88.02755647500341,42.984577749923744,-88.04966546230908,42.97409794368699,2020-07-17,5,118.0
55079019400,55079130100,-88.02755647500341,42.984577749923744,-88.04407902007586,42.942752065148895,2020-07-17,5,118.0
55079019400,55079019600,-88.02755647500341,42.984577749923744,-88.00769668957767,42.984657216409644,2020-07-17,6,141.0
55079019400,55079150301,-88.02755647500341,42.984577749923744,-88.05345903025625,42.89781994777656,2020-07-17,5,118.0
55079019400,55079100800,-88.02755647500341,42.984577749923744,-88.05710943935104,43.023654444193184,2020-07-17,1,23.0
55079019400,55079120201,-88.02755647500341,42.984577749923744,-88.01868214174351,42.96737507435749,2020-07-17,3,70.0
55079019400,55079180300,-88.02755647500341,42.984577749923744,-87.87005593266791,42.951885652862586,2020-07-17,1,23.0
55079019400,55079019500,-88.02755647500341,42.984577749923744,-88.02769031152603,42.97732706705707,2020-07-17,3,70.0
55079019400,55079020700,-88.02755647500341,42.984577749923744,-87.89282968229121,42.980391637955094,2020-07-17,1,23.0
55079019400,55079020400,-88.02755647500341,42.984577749923744,-87.9300852632457,42.98834002972675,2020-07-17,1,23.0
55079019400,55079005900,-88.02755647500341,42.984577749923744,-87.98523579862835,43.06821108392844,2020-07-17,1,23.0
55079019400,55079000900,-88.02755647500341,42.984577749923744,-87.95566887882444,43.14970170326806,2020-07-17,2,47.0
55079019400,55079018800,-88.02755647500341,42.984577749923744,-87.94058386370827,42.99929639057026,2020-07-17,1,23.0
55079019400,55079020500,-88.02755647500341,42.984577749923744,-87.92272370744391,42.988321496925906,2020-07-17,1,23.0
55079019400,55079019800,-88.02755647500341,42.984577749923744,-87.98973307517815,42.982078809345225,2020-07-17,1,23.0
55079019400,55079002600,-88.02755647500341,42.984577749923744,-87.96192834607115,43.10067420371696,2020-07-17,1,23.0
55079019400,55079018700,-88.02755647500341,42.984577749923744,-87.92991431934564,42.995583237143,2020-07-17,1,23.0
55079019400,55079186400,-88.02755647500341,42.984577749923744,-87.93038892981184,43.03695266796131,2020-07-17,1,23.0
55079019400,55079019300,-88.02755647500341,42.984577749923744,-87.99612754588766,42.99498021323571,2020-07-17,1,23.0
55079019400,55079101300,-88.02755647500341,42.984577749923744,-88.02770018483265,42.99907770295741,2020-07-17,2,47.0
55079019400,55079100300,-88.02755647500341,42.984577749923744,-88.00316709835943,43.017354422985534,2020-07-17,2,47.0
55079019400,55079101200,-88.02755647500341,42.984577749923744,-88.02772831407549,42.99180235090393,2020-07-17,4,94.0
55079019400,55079005600,-88.02755647500341,42.984577749923744,-88.02758035548169,43.071050112322006,2020-07-17,1,23.0
55079019400,55079015900,-88.02755647500341,42.984577749923744,-87.9473669417017,43.02159668337006,2020-07-17,2,47.0
55079020000,55079020000,-87.95273620994368,42.98405311376188,-87.95273620994368,42.98405311376188,2020-07-17,130,3167.0
55079020000,55079002100,-87.95273620994368,42.98405311376188,-87.95315716160212,43.115529640428136,2020-07-17,1,24.0
55079020000,55079012800,-87.95273620994368,42.98405311376188,-88.03145321223326,43.03059221584991,2020-07-17,2,48.0
55079020000,55079100100,-87.95273620994368,42.98405311376188,-87.98598444052216,43.01659648927991,2020-07-17,3,73.0
55079020000,55079010800,-87.95273620994368,42.98405311376188,-87.88986181293924,43.05733829509928,2020-07-17,1,24.0
55079020000,55079110100,-87.95273620994368,42.98405311376188,-87.9710022364233,43.012448953036525,2020-07-17,6,146.0
55079020000,55079101000,-87.95273620994368,42.98405311376188,-88.05764456171738,42.99173938525954,2020-07-17,2,48.0
55079020000,55079160100,-87.95273620994368,42.98405311376188,-87.91471599062149,42.91513941042769,2020-07-17,2,48.0
55079020000,55079000600,-87.95273620994368,42.98405311376188,-88.00190569680801,43.14010292722225,2020-07-17,1,24.0
55079020000,55079101600,-87.95273620994368,42.98405311376188,-87.98881839806968,43.003113634057684,2020-07-17,1,24.0
55079020000,55079012400,-87.95273620994368,42.98405311376188,-87.97680856828566,43.04580144948212,2020-07-17,1,24.0
55079020000,55079021700,-87.95273620994368,42.98405311376188,-87.91312462574102,42.94052513723052,2020-07-17,2,48.0
55079020000,55079019100,-87.95273620994368,42.98405311376188,-87.96549351619066,42.982165146288615,2020-07-17,4,97.0
55079020000,55079090100,-87.95273620994368,42.98405311376188,-88.04837730790923,43.0973204568905,2020-07-17,1,24.0
55079020000,55079090200,-87.95273620994368,42.98405311376188,-88.05200796218348,43.081902180003375,2020-07-17,2,48.0
55079020000,55079120400,-87.95273620994368,42.98405311376188,-87.96548496050795,42.96670427425607,2020-07-17,11,268.0
55079020000,55079120203,-87.95273620994368,42.98405311376188,-88.00776394431053,42.95694649923871,2020-07-17,5,121.0
55079020000,55079018400,-87.95273620994368,42.98405311376188,-87.90417459790928,42.9917062933768,2020-07-17,1,24.0
55079020000,55079160300,-87.95273620994368,42.98405311376188,-87.8893867076047,42.856940087232964,2020-07-17,1,24.0
55079020000,55079003500,-87.95273620994368,42.98405311376188,-87.99830093777771,43.09359369867719,2020-07-17,1,24.0
55079020000,55079004800,-87.95273620994368,42.98405311376188,-87.96231596301399,43.077035360461494,2020-07-17,1,24.0
55079020000,55079021400,-87.95273620994368,42.98405311376188,-87.93891709359613,42.96295890378409,2020-07-17,1,24.0
55079020000,55079185300,-87.95273620994368,42.98405311376188,-88.04265402690729,43.049880154873065,2020-07-17,4,97.0
55079020000,55079120502,-87.95273620994368,42.98405311376188,-87.96510992081555,42.95304728304586,2020-07-17,4,97.0
55079020000,55079187400,-87.95273620994368,42.98405311376188,-87.90767949876499,43.03217517915639,2020-07-17,2,48.0
55079020000,55079000502,-87.95273620994368,42.98405311376188,-88.03128731150349,43.12480634966938,2020-07-17,1,24.0
55079020000,55079186800,-87.95273620994368,42.98405311376188,-87.9506670108877,43.02815858561159,2020-07-17,1,24.0
55079020000,55079160203,-87.95273620994368,42.98405311376188,-87.91638950191752,42.89402789790319,2020-07-17,2,48.0
55079020000,55079091200,-87.95273620994368,42.98405311376188,-88.00388284004167,43.0467075980639,2020-07-17,3,73.0
55079020000,55079020100,-87.95273620994368,42.98405311376188,-87.94099671150566,42.988482506396224,2020-07-17,6,146.0
55079020000,55079005000,-87.95273620994368,42.98405311376188,-87.98327608357046,43.07665137069942,2020-07-17,1,24.0
55079020000,55079014600,-87.95273620994368,42.98405311376188,-87.93032605572249,43.04237842637439,2020-07-17,1,24.0
55079020000,55079100900,-87.95273620994368,42.98405311376188,-88.05216898532913,43.00959788353506,2020-07-17,1,24.0
55079020000,55079101100,-87.95273620994368,42.98405311376188,-88.04276904850849,42.99420752845147,2020-07-17,2,48.0
55079020000,55079140201,-87.95273620994368,42.98405311376188,-87.99911426080601,42.93902100763907,2020-07-17,3,73.0
55079020000,55079180100,-87.95273620994368,42.98405311376188,-87.84722355247969,42.95102171952154,2020-07-17,1,24.0
55079020000,55079186500,-87.95273620994368,42.98405311376188,-87.9130303085029,43.02319729476483,2020-07-17,1,24.0
55079020000,55079120101,-87.95273620994368,42.98405311376188,-88.04814010007517,42.95916305909443,2020-07-17,1,24.0
55079020000,55079014400,-87.95273620994368,42.98405311376188,-87.90784049253895,43.042413401572134,2020-07-17,1,24.0
55079020000,55079100400,-87.95273620994368,42.98405311376188,-88.01166560297426,43.0170103539625,2020-07-17,1,24.0
55079020000,55079150100,-87.95273620994368,42.98405311376188,-87.97759713310646,42.91424119290261,2020-07-17,5,121.0
55079020000,55079021600,-87.95273620994368,42.98405311376188,-87.92488475274558,42.952251222261935,2020-07-17,4,97.0
55079020000,55079021300,-87.95273620994368,42.98405311376188,-87.93877469638159,42.970224160413096,2020-07-17,1,24.0
55079020000,55079130100,-87.95273620994368,42.98405311376188,-88.04407902007586,42.942752065148895,2020-07-17,1,24.0
55079020000,55079101800,-87.95273620994368,42.98405311376188,-88.00969812606968,42.99373426381014,2020-07-17,2,48.0
55079020000,55079100800,-87.95273620994368,42.98405311376188,-88.05710943935104,43.023654444193184,2020-07-17,1,24.0
55079020000,55079050102,-87.95273620994368,42.98405311376188,-87.96743569232115,43.172443064752215,2020-07-17,1,24.0
55079020000,55079180300,-87.95273620994368,42.98405311376188,-87.87005593266791,42.951885652862586,2020-07-17,1,24.0
55079020000,55079020700,-87.95273620994368,42.98405311376188,-87.89282968229121,42.980391637955094,2020-07-17,1,24.0
55079020000,55079019900,-87.95273620994368,42.98405311376188,-87.98235255712866,42.973172118392476,2020-07-17,1,24.0
55079020000,55079101500,-87.95273620994368,42.98405311376188,-88.00747595996755,43.007126720391405,2020-07-17,1,24.0
55079020000,55079101700,-87.95273620994368,42.98405311376188,-88.00697190300957,43.00173437379505,2020-07-17,2,48.0
55079020000,55079020400,-87.95273620994368,42.98405311376188,-87.9300852632457,42.98834002972675,2020-07-17,2,48.0
55079020000,55079100200,-87.95273620994368,42.98405311376188,-87.99137992566246,43.01460892403096,2020-07-17,2,48.0
55079020000,55079006600,-87.95273620994368,42.98405311376188,-87.93135214789555,43.075399167305534,2020-07-17,1,24.0
55079020000,55079001300,-87.95273620994368,42.98405311376188,-87.99843350448002,43.126783535933505,2020-07-17,1,24.0
55079020000,55079001700,-87.95273620994368,42.98405311376188,-88.01621221830194,43.10855887721336,2020-07-17,1,24.0
55079020000,55079020300,-87.95273620994368,42.98405311376188,-87.92658964497383,42.979242665655576,2020-07-17,1,24.0
55079020000,55079020900,-87.95273620994368,42.98405311376188,-87.90186271433869,42.97013349358029,2020-07-17,1,24.0
55079020000,55079018800,-87.95273620994368,42.98405311376188,-87.94058386370827,42.99929639057026,2020-07-17,1,24.0
55079020000,55079120202,-87.95273620994368,42.98405311376188,-87.99868084532402,42.965848843600455,2020-07-17,2,48.0
55079020000,55079001500,-87.95273620994368,42.98405311376188,-88.01520145334699,43.123754077777434,2020-07-17,1,24.0
55079020000,55079000201,-87.95273620994368,42.98405311376188,-88.0472441211064,43.1799495757708,2020-07-17,1,24.0
55079020000,55079018500,-87.95273620994368,42.98405311376188,-87.91439743752404,42.98441904059949,2020-07-17,1,24.0
55079020000,55079020500,-87.95273620994368,42.98405311376188,-87.92272370744391,42.988321496925906,2020-07-17,1,24.0
55079020000,55079021500,-87.95273620994368,42.98405311376188,-87.94398245259515,42.952098604888974,2020-07-17,2,48.0
55079020000,55079020200,-87.95273620994368,42.98405311376188,-87.94112496275925,42.977527635995024,2020-07-17,3,73.0
55079020000,55079018600,-87.95273620994368,42.98405311376188,-87.92255649026754,42.995575414800356,2020-07-17,2,48.0
55079020000,55079016000,-87.95273620994368,42.98405311376188,-87.95725941865898,43.02137414837421,2020-07-17,1,24.0
55079020000,55079019700,-87.95273620994368,42.98405311376188,-88.00741820523533,42.97570820507905,2020-07-17,3,73.0
55079020000,55079019800,-87.95273620994368,42.98405311376188,-87.98973307517815,42.982078809345225,2020-07-17,1,24.0
55079020000,55079003700,-87.95273620994368,42.98405311376188,-87.98336380852676,43.08546039091554,2020-07-17,1,24.0
55079020000,55079018700,-87.95273620994368,42.98405311376188,-87.92991431934564,42.995583237143,2020-07-17,1,24.0
55079020000,55079004100,-87.95273620994368,42.98405311376188,-87.95681147526382,43.0940907627305,2020-07-17,1,24.0
55079020000,55079170100,-87.95273620994368,42.98405311376188,-87.84892368656588,42.919583500675934,2020-07-17,1,24.0
55079020000,55079005100,-87.95273620994368,42.98405311376188,-87.99757698420609,43.08261869423604,2020-07-17,1,24.0
55079020000,55079185200,-87.95273620994368,42.98405311376188,-87.88193798921913,42.967674094622936,2020-07-17,2,48.0
55079020000,55079006400,-87.95273620994368,42.98405311376188,-87.94234792087695,43.07421796319209,2020-07-17,1,24.0
55079020000,55079017000,-87.95273620994368,42.98405311376188,-87.9475259715867,43.01041841584858,2020-07-17,1,24.0
55079020000,55079185400,-87.95273620994368,42.98405311376188,-87.93768935592728,43.06023552955454,2020-07-17,2,48.0
55079020000,55079017200,-87.95273620994368,42.98405311376188,-87.95621680562614,43.002904101727246,2020-07-17,1,24.0
55079020000,55079008800,-87.95273620994368,42.98405311376188,-87.94617084834631,43.06788862375971,2020-07-17,1,24.0
55079020000,55079006900,-87.95273620994368,42.98405311376188,-87.91078185483303,43.07979537793229,2020-07-17,1,24.0
55079120102,55079020000,-88.04966546230908,42.97409794368699,-87.95273620994368,42.98405311376188,2020-07-17,3,56.0
55079120102,55079100700,-88.04966546230908,42.97409794368699,-88.03788629567484,43.0213025080197,2020-07-17,1,18.0
55079120102,55079000101,-88.04966546230908,42.97409794368699,-88.00922083481396,43.18510784936368,2020-07-17,1,18.0
55079120102,55079010800,-88.04966546230908,42.97409794368699,-87.88986181293924,43.05733829509928,2020-07-17,1,18.0
55079120102,55079011200,-88.04966546230908,42.97409794368699,-87.89756439120579,43.055476240018415,2020-07-17,1,18.0
55079120102,55079101000,-88.04966546230908,42.97409794368699,-88.05764456171738,42.99173938525954,2020-07-17,5,93.0
55079120102,55079021200,-88.04966546230908,42.97409794368699,-87.92101040508955,42.965284697357816,2020-07-17,2,37.0
55079120102,55079160100,-88.04966546230908,42.97409794368699,-87.91471599062149,42.91513941042769,2020-07-17,3,56.0
55079120102,55079090300,-88.04966546230908,42.97409794368699,-88.0515779905257,43.06739040507833,2020-07-17,1,18.0
55079120102,55079012400,-88.04966546230908,42.97409794368699,-87.97680856828566,43.04580144948212,2020-07-17,1,18.0
55079120102,55079021700,-88.04966546230908,42.97409794368699,-87.91312462574102,42.94052513723052,2020-07-17,5,93.0
55079120102,55079019100,-88.04966546230908,42.97409794368699,-87.96549351619066,42.982165146288615,2020-07-17,1,18.0
55079120102,55079090200,-88.04966546230908,42.97409794368699,-88.05200796218348,43.081902180003375,2020-07-17,2,37.0
55079120102,55079120400,-88.04966546230908,42.97409794368699,-87.96548496050795,42.96670427425607,2020-07-17,1,18.0
55079120102,55079120203,-88.04966546230908,42.97409794368699,-88.00776394431053,42.95694649923871,2020-07-17,16,299.0
55079120102,55079160300,-88.04966546230908,42.97409794368699,-87.8893867076047,42.856940087232964,2020-07-17,2,37.0
55079120102,55079019400,-88.04966546230908,42.97409794368699,-88.02755647500341,42.984577749923744,2020-07-17,1,18.0
55079120102,55079000501,-88.04966546230908,42.97409794368699,-88.04340002069712,43.115390222488664,2020-07-17,1,18.0
55079120102,55079004800,-88.04966546230908,42.97409794368699,-87.96231596301399,43.077035360461494,2020-07-17,1,18.0
55079120102,55079186000,-88.04966546230908,42.97409794368699,-87.92039854147795,43.053956957431964,2020-07-17,1,18.0
55079120102,55079021400,-88.04966546230908,42.97409794368699,-87.93891709359613,42.96295890378409,2020-07-17,1,18.0
55079120102,55079000302,-88.04966546230908,42.97409794368699,-88.04649688617519,43.13922972061493,2020-07-17,2,37.0
55079120102,55079185300,-88.04966546230908,42.97409794368699,-88.04265402690729,43.049880154873065,2020-07-17,2,37.0
55079120102,55079120502,-88.04966546230908,42.97409794368699,-87.96510992081555,42.95304728304586,2020-07-17,1,18.0
55079120102,55079187400,-88.04966546230908,42.97409794368699,-87.90767949876499,43.03217517915639,2020-07-17,1,18.0
55079120102,55079150304,-88.04966546230908,42.97409794368699,-88.02760163837803,42.91519132559998,2020-07-17,3,56.0
55079120102,55079180500,-88.04966546230908,42.97409794368699,-87.87471526249948,42.93725893299447,2020-07-17,2,37.0
55079120102,55079130200,-88.04966546230908,42.97409794368699,-88.05891051157585,42.93732261654573,2020-07-17,2,37.0
55079120102,55079006200,-88.04966546230908,42.97409794368699,-87.96097127315564,43.067902782244275,2020-07-17,2,37.0
55079120102,55079186800,-88.04966546230908,42.97409794368699,-87.9506670108877,43.02815858561159,2020-07-17,2,37.0
55079120102,55079187200,-88.04966546230908,42.97409794368699,-88.00769048889484,42.863813659193866,2020-07-17,5,93.0
55079120102,55079006000,-88.04966546230908,42.97409794368699,-87.97554005335066,43.067947929210746,2020-07-17,1,18.0
55079120102,55079160203,-88.04966546230908,42.97409794368699,-87.91638950191752,42.89402789790319,2020-07-17,4,74.0
55079120102,55079170200,-88.04966546230908,42.97409794368699,-87.87263683893734,42.92275381108851,2020-07-17,1,18.0
55079120102,55079020100,-88.04966546230908,42.97409794368699,-87.94099671150566,42.988482506396224,2020-07-17,2,37.0
55079120102,55079160202,-88.04966546230908,42.97409794368699,-87.87217546542965,42.881379330302295,2020-07-17,1,18.0
55079120102,55079002800,-88.04966546230908,42.97409794368699,-87.97141961541004,43.10830621321033,2020-07-17,1,18.0
55079120102,55079100900,-88.04966546230908,42.97409794368699,-88.05216898532913,43.00959788353506,2020-07-17,3,56.0
55079120102,55079101100,-88.04966546230908,42.97409794368699,-88.04276904850849,42.99420752845147,2020-07-17,7,130.0
55079120102,55079140100,-88.04966546230908,42.97409794368699,-88.0188613886232,42.93745223479677,2020-07-17,1,18.0
55079120102,55079140201,-88.04966546230908,42.97409794368699,-87.99911426080601,42.93902100763907,2020-07-17,4,74.0
55079120102,55079091400,-88.04966546230908,42.97409794368699,-87.99383660813824,43.04031315098078,2020-07-17,1,18.0
55079120102,55079180100,-88.04966546230908,42.97409794368699,-87.84722355247969,42.95102171952154,2020-07-17,1,18.0
55079120102,55079120101,-88.04966546230908,42.97409794368699,-88.04814010007517,42.95916305909443,2020-07-17,14,261.0
55079120102,55079003600,-88.04966546230908,42.97409794368699,-87.98321131530031,43.092736225323044,2020-07-17,1,18.0
55079120102,55079003800,-88.04966546230908,42.97409794368699,-87.97215356169055,43.086187842345545,2020-07-17,1,18.0
55079120102,55079011300,-88.04966546230908,42.97409794368699,-87.90713298111844,43.04890661506502,2020-07-17,2,37.0
55079120102,55079014400,-88.04966546230908,42.97409794368699,-87.90784049253895,43.042413401572134,2020-07-17,1,18.0
55079120102,55079150100,-88.04966546230908,42.97409794368699,-87.97759713310646,42.91424119290261,2020-07-17,2,37.0
55079120102,55079016600,-88.04966546230908,42.97409794368699,-87.9139279223807,43.010028166006215,2020-07-17,1,18.0
55079120102,55079002900,-88.04966546230908,42.97409794368699,-87.98131890013833,43.108341188298006,2020-07-17,1,18.0
55079120102,55079120102,-88.04966546230908,42.97409794368699,-88.04966546230908,42.97409794368699,2020-07-17,178,3331.0
55079120102,55079130100,-88.04966546230908,42.97409794368699,-88.04407902007586,42.942752065148895,2020-07-17,19,355.0
55079120102,55079101800,-88.04966546230908,42.97409794368699,-88.00969812606968,42.99373426381014,2020-07-17,3,56.0
55079120102,55079150301,-88.04966546230908,42.97409794368699,-88.05345903025625,42.89781994777656,2020-07-17,3,56.0
55079120102,55079120201,-88.04966546230908,42.97409794368699,-88.01868214174351,42.96737507435749,2020-07-17,3,56.0
55079120102,55079019500,-88.04966546230908,42.97409794368699,-88.02769031152603,42.97732706705707,2020-07-17,5,93.0
55079120102,55079020700,-88.04966546230908,42.97409794368699,-87.89282968229121,42.980391637955094,2020-07-17,4,74.0
55079120102,55079019900,-88.04966546230908,42.97409794368699,-87.98235255712866,42.973172118392476,2020-07-17,2,37.0
55079120102,55079101500,-88.04966546230908,42.97409794368699,-88.00747595996755,43.007126720391405,2020-07-17,1,18.0
55079120102,55079101700,-88.04966546230908,42.97409794368699,-88.00697190300957,43.00173437379505,2020-07-17,1,18.0
55079120102,55079100200,-88.04966546230908,42.97409794368699,-87.99137992566246,43.01460892403096,2020-07-17,1,18.0
55079120102,55079000900,-88.04966546230908,42.97409794368699,-87.95566887882444,43.14970170326806,2020-07-17,1,18.0
55079120102,55079001700,-88.04966546230908,42.97409794368699,-88.01621221830194,43.10855887721336,2020-07-17,1,18.0
55079120102,55079020300,-88.04966546230908,42.97409794368699,-87.92658964497383,42.979242665655576,2020-07-17,1,18.0
55079120102,55079120202,-88.04966546230908,42.97409794368699,-87.99868084532402,42.965848843600455,2020-07-17,3,56.0
55079120102,55079002000,-88.04966546230908,42.97409794368699,-87.96815137233186,43.115621500302275,2020-07-17,1,18.0
55079120102,55079007800,-88.04966546230908,42.97409794368699,-87.88801504624632,43.07075279367613,2020-07-17,1,18.0
55079120102,55079018500,-88.04966546230908,42.97409794368699,-87.91439743752404,42.98441904059949,2020-07-17,1,18.0
55079120102,55079021500,-88.04966546230908,42.97409794368699,-87.94398245259515,42.952098604888974,2020-07-17,1,18.0
55079120102,55079020200,-88.04966546230908,42.97409794368699,-87.94112496275925,42.977527635995024,2020-07-17,1,18.0
55079120102,55079016000,-88.04966546230908,42.97409794368699,-87.95725941865898,43.02137414837421,2020-07-17,1,18.0
55079120102,55079019700,-88.04966546230908,42.97409794368699,-88.00741820523533,42.97570820507905,2020-07-17,2,37.0
55079120102,55079019800,-88.04966546230908,42.97409794368699,-87.98973307517815,42.982078809345225,2020-07-17,1,18.0
55079120102,55079001100,-88.04966546230908,42.97409794368699,-87.96901390366762,43.127689901740844,2020-07-17,1,18.0
55079120102,55079016500,-88.04966546230908,42.97409794368699,-87.91153110922029,43.01579142211555,2020-07-17,1,18.0
55079120102,55079186400,-88.04966546230908,42.97409794368699,-87.93038892981184,43.03695266796131,2020-07-17,2,37.0
55079120102,55079101300,-88.04966546230908,42.97409794368699,-88.02770018483265,42.99907770295741,2020-07-17,4,74.0
55079120102,55079101200,-88.04966546230908,42.97409794368699,-88.02772831407549,42.99180235090393,2020-07-17,1,18.0
55079120102,55079007400,-88.04966546230908,42.97409794368699,-87.87216855868374,43.078043126250115,2020-07-17,2,37.0
55079120102,55079016900,-88.04966546230908,42.97409794368699,-87.93770785693083,43.00951913559766,2020-07-17,1,18.0
55079120102,55079185400,-88.04966546230908,42.97409794368699,-87.93768935592728,43.06023552955454,2020-07-17,1,18.0
55079130100,55079020000,-88.04407902007586,42.942752065148895,-87.95273620994368,42.98405311376188,2020-07-17,4,73.0
55079130100,55079060200,-88.04407902007586,42.942752065148895,-87.9245165328896,43.11556508690733,2020-07-17,6,109.0
55079130100,55079100700,-88.04407902007586,42.942752065148895,-88.03788629567484,43.0213025080197,2020-07-17,1,18.0
55079130100,55079091300,-88.04407902007586,42.942752065148895,-88.0097444924032,43.037871666045895,2020-07-17,1,18.0
55079130100,55079000202,-88.04407902007586,42.942752065148895,-88.04132965001602,43.160382512849615,2020-07-17,1,18.0
55079130100,55079110100,-88.04407902007586,42.942752065148895,-87.9710022364233,43.012448953036525,2020-07-17,3,54.0
55079130100,55079101000,-88.04407902007586,42.942752065148895,-88.05764456171738,42.99173938525954,2020-07-17,5,91.0
55079130100,55079021200,-88.04407902007586,42.942752065148895,-87.92101040508955,42.965284697357816,2020-07-17,2,36.0
55079130100,55079160100,-88.04407902007586,42.942752065148895,-87.91471599062149,42.91513941042769,2020-07-17,6,109.0
55079130100,55079000600,-88.04407902007586,42.942752065148895,-88.00190569680801,43.14010292722225,2020-07-17,1,18.0
55079130100,55079186300,-88.04407902007586,42.942752065148895,-87.91799927397663,43.040616743150025,2020-07-17,1,18.0
55079130100,55079021700,-88.04407902007586,42.942752065148895,-87.91312462574102,42.94052513723052,2020-07-17,1,18.0
55079130100,55079120501,-88.04407902007586,42.942752065148895,-87.96680035551529,42.94072396992586,2020-07-17,1,18.0
55079130100,55079120400,-88.04407902007586,42.942752065148895,-87.96548496050795,42.96670427425607,2020-07-17,3,54.0
55079130100,55079120203,-88.04407902007586,42.942752065148895,-88.00776394431053,42.95694649923871,2020-07-17,16,292.0
55079130100,55079170500,-88.04407902007586,42.942752065148895,-87.85764758199707,42.897602993060175,2020-07-17,2,36.0
55079130100,55079160300,-88.04407902007586,42.942752065148895,-87.8893867076047,42.856940087232964,2020-07-17,3,54.0
55079130100,55079187300,-88.04407902007586,42.942752065148895,-87.9656302556773,42.887159701718595,2020-07-17,1,18.0
55079130100,55079090600,-88.04407902007586,42.942752065148895,-88.05435154566402,43.03795832032663,2020-07-17,2,36.0
55079130100,55079185300,-88.04407902007586,42.942752065148895,-88.04265402690729,43.049880154873065,2020-07-17,6,109.0
55079130100,55079120502,-88.04407902007586,42.942752065148895,-87.96510992081555,42.95304728304586,2020-07-17,5,91.0
55079130100,55079187400,-88.04407902007586,42.942752065148895,-87.90767949876499,43.03217517915639,2020-07-17,3,54.0
55079130100,55079150304,-88.04407902007586,42.942752065148895,-88.02760163837803,42.91519132559998,2020-07-17,4,73.0
55079130100,55079180500,-88.04407902007586,42.942752065148895,-87.87471526249948,42.93725893299447,2020-07-17,2,36.0
55079130100,55079012500,-88.04407902007586,42.942752065148895,-87.97654888060033,43.037091021714275,2020-07-17,1,18.0
55079130100,55079130200,-88.04407902007586,42.942752065148895,-88.05891051157585,42.93732261654573,2020-07-17,11,201.0
55079130100,55079160204,-88.04407902007586,42.942752065148895,-87.9317944903397,42.879700165258704,2020-07-17,1,18.0
55079130100,55079187200,-88.04407902007586,42.942752065148895,-88.00769048889484,42.863813659193866,2020-07-17,5,91.0
55079130100,55079160203,-88.04407902007586,42.942752065148895,-87.91638950191752,42.89402789790319,2020-07-17,5,91.0
55079130100,55079091200,-88.04407902007586,42.942752065148895,-88.00388284004167,43.0467075980639,2020-07-17,1,18.0
55079130100,55079180400,-88.04407902007586,42.942752065148895,-87.85633588550823,42.93709205888796,2020-07-17,1,18.0
55079130100,55079002800,-88.04407902007586,42.942752065148895,-87.97141961541004,43.10830621321033,2020-07-17,1,18.0
55079130100,55079100900,-88.04407902007586,42.942752065148895,-88.05216898532913,43.00959788353506,2020-07-17,2,36.0
55079130100,55079101100,-88.04407902007586,42.942752065148895,-88.04276904850849,42.99420752845147,2020-07-17,2,36.0
55079130100,55079140100,-88.04407902007586,42.942752065148895,-88.0188613886232,42.93745223479677,2020-07-17,5,91.0
55079130100,55079140201,-88.04407902007586,42.942752065148895,-87.99911426080601,42.93902100763907,2020-07-17,10,182.0
55079130100,55079140202,-88.04407902007586,42.942752065148895,-87.981557716435,42.93443757238657,2020-07-17,1,18.0
55079130100,55079186500,-88.04407902007586,42.942752065148895,-87.9130303085029,43.02319729476483,2020-07-17,3,54.0
55079130100,55079120101,-88.04407902007586,42.942752065148895,-88.04814010007517,42.95916305909443,2020-07-17,14,255.0
55079130100,55079101400,-88.04407902007586,42.942752065148895,-88.02735540531337,43.00631524274058,2020-07-17,2,36.0
55079130100,55079150100,-88.04407902007586,42.942752065148895,-87.97759713310646,42.91424119290261,2020-07-17,5,91.0
55079130100,55079120102,-88.04407902007586,42.942752065148895,-88.04966546230908,42.97409794368699,2020-07-17,4,73.0
55079130100,55079130100,-88.04407902007586,42.942752065148895,-88.04407902007586,42.942752065148895,2020-07-17,258,4716.0
55079130100,55079150301,-88.04407902007586,42.942752065148895,-88.05345903025625,42.89781994777656,2020-07-17,5,91.0
55079130100,55079120201,-88.04407902007586,42.942752065148895,-88.01868214174351,42.96737507435749,2020-07-17,3,54.0
55079130100,55079180300,-88.04407902007586,42.942752065148895,-87.87005593266791,42.951885652862586,2020-07-17,1,18.0
55079130100,55079019500,-88.04407902007586,42.942752065148895,-88.02769031152603,42.97732706705707,2020-07-17,2,36.0
55079130100,55079007900,-88.04407902007586,42.942752065148895,-87.89683936352995,43.06599950452746,2020-07-17,1,18.0
55079130100,55079000700,-88.04407902007586,42.942752065148895,-87.99009583376943,43.15588909293765,2020-07-17,1,18.0
55079130100,55079101700,-88.04407902007586,42.942752065148895,-88.00697190300957,43.00173437379505,2020-07-17,1,18.0
55079130100,55079012600,-88.04407902007586,42.942752065148895,-87.99443577770006,43.034032251200934,2020-07-17,1,18.0
55079130100,55079186600,-88.04407902007586,42.942752065148895,-87.91355022125023,43.001384465822476,2020-07-17,1,18.0
55079130100,55079011000,-88.04407902007586,42.942752065148895,-87.89727240641399,43.050053518943756,2020-07-17,1,18.0
55079130100,55079001500,-88.04407902007586,42.942752065148895,-88.01520145334699,43.123754077777434,2020-07-17,1,18.0
55079130100,55079018500,-88.04407902007586,42.942752065148895,-87.91439743752404,42.98441904059949,2020-07-17,3,54.0
55079130100,55079020500,-88.04407902007586,42.942752065148895,-87.92272370744391,42.988321496925906,2020-07-17,1,18.0
55079130100,55079020200,-88.04407902007586,42.942752065148895,-87.94112496275925,42.977527635995024,2020-07-17,1,18.0
55079130100,55079150303,-88.04407902007586,42.942752065148895,-88.02312771344377,42.88960646488504,2020-07-17,13,237.0
55079130100,55079019800,-88.04407902007586,42.942752065148895,-87.98973307517815,42.982078809345225,2020-07-17,2,36.0
55079130100,55079018700,-88.04407902007586,42.942752065148895,-87.92991431934564,42.995583237143,2020-07-17,1,18.0
55079130100,55079180200,-88.04407902007586,42.942752065148895,-87.85506992096182,42.95465467367753,2020-07-17,2,36.0
55079130100,55079186400,-88.04407902007586,42.942752065148895,-87.93038892981184,43.03695266796131,2020-07-17,1,18.0
55079130100,55079019300,-88.04407902007586,42.942752065148895,-87.99612754588766,42.99498021323571,2020-07-17,2,36.0
55079130100,55079101300,-88.04407902007586,42.942752065148895,-88.02770018483265,42.99907770295741,2020-07-17,1,18.0
55079130100,55079101200,-88.04407902007586,42.942752065148895,-88.02772831407549,42.99180235090393,2020-07-17,2,36.0
55079130100,55079021800,-88.04407902007586,42.942752065148895,-87.95694377227925,42.94079756603018,2020-07-17,1,18.0
55079130100,55079005100,-88.04407902007586,42.942752065148895,-87.99757698420609,43.08261869423604,2020-07-17,1,18.0
55079130100,55079170600,-88.04407902007586,42.942752065148895,-87.86320935056827,42.907724102777856,2020-07-17,2,36.0
55079130100,55079185200,-88.04407902007586,42.942752065148895,-87.88193798921913,42.967674094622936,2020-07-17,1,18.0
55079130100,55079017100,-88.04407902007586,42.942752065148895,-87.95808412992528,43.01056521552099,2020-07-17,1,18.0
55079130100,55079012200,-88.04407902007586,42.942752065148895,-87.95271101560115,43.04866661559741,2020-07-17,1,18.0
55079003100,55079020000,-87.98607018194353,43.10091760946077,-87.95273620994368,42.98405311376188,2020-07-17,1,23.0
55079003100,55079002400,-87.98607018194353,43.10091760946077,-87.95188617843814,43.106404380820805,2020-07-17,1,23.0
55079003100,55079004500,-87.98607018194353,43.10091760946077,-87.92226909278084,43.08550885272536,2020-07-17,1,23.0
55079003100,55079000101,-87.98607018194353,43.10091760946077,-88.00922083481396,43.18510784936368,2020-07-17,1,23.0
55079003100,55079000102,-87.98607018194353,43.10091760946077,-88.01167859828367,43.164645145767146,2020-07-17,1,23.0
55079003100,55079000202,-87.98607018194353,43.10091760946077,-88.04132965001602,43.160382512849615,2020-07-17,1,23.0
55079003100,55079002300,-87.98607018194353,43.10091760946077,-87.93621856893152,43.105985427841645,2020-07-17,4,92.0
55079003100,55079010800,-87.98607018194353,43.10091760946077,-87.88986181293924,43.05733829509928,2020-07-17,3,69.0
55079003100,55079110100,-87.98607018194353,43.10091760946077,-87.9710022364233,43.012448953036525,2020-07-17,1,23.0
55079003100,55079000600,-87.98607018194353,43.10091760946077,-88.00190569680801,43.14010292722225,2020-07-17,5,115.0
55079003100,55079090300,-87.98607018194353,43.10091760946077,-88.0515779905257,43.06739040507833,2020-07-17,2,46.0
55079003100,55079186300,-87.98607018194353,43.10091760946077,-87.91799927397663,43.040616743150025,2020-07-17,1,23.0
55079003100,55079019200,-87.98607018194353,43.10091760946077,-87.9858350139744,42.99282711086924,2020-07-17,1,23.0
55079003100,55079090100,-87.98607018194353,43.10091760946077,-88.04837730790923,43.0973204568905,2020-07-17,5,115.0
55079003100,55079090200,-87.98607018194353,43.10091760946077,-88.05200796218348,43.081902180003375,2020-07-17,3,69.0
55079003100,55079000501,-87.98607018194353,43.10091760946077,-88.04340002069712,43.115390222488664,2020-07-17,3,69.0
55079003100,55079001200,-87.98607018194353,43.10091760946077,-87.98620080987179,43.12617611256525,2020-07-17,2,46.0
55079003100,55079002700,-87.98607018194353,43.10091760946077,-87.97176690626681,43.100825271475365,2020-07-17,2,46.0
55079003100,55079003500,-87.98607018194353,43.10091760946077,-87.99830093777771,43.09359369867719,2020-07-17,9,208.0
55079003100,55079004800,-87.98607018194353,43.10091760946077,-87.96231596301399,43.077035360461494,2020-07-17,3,69.0
55079003100,55079185900,-87.98607018194353,43.10091760946077,-87.93229166080955,43.05383765471328,2020-07-17,3,69.0
55079003100,55079003200,-87.98607018194353,43.10091760946077,-88.00111189801154,43.10115852758208,2020-07-17,6,138.0
55079003100,55079005300,-87.98607018194353,43.10091760946077,-88.01242727702714,43.07892288175221,2020-07-17,1,23.0
55079003100,55079060101,-87.98607018194353,43.10091760946077,-87.92535691568614,43.13950788268824,2020-07-17,1,23.0
55079003100,55079185500,-87.98607018194353,43.10091760946077,-87.92624880733425,43.0601763240656,2020-07-17,4,92.0
55079003100,55079090600,-87.98607018194353,43.10091760946077,-88.05435154566402,43.03795832032663,2020-07-17,2,46.0
55079003100,55079185300,-87.98607018194353,43.10091760946077,-88.04265402690729,43.049880154873065,2020-07-17,1,23.0
55079003100,55079187400,-87.98607018194353,43.10091760946077,-87.90767949876499,43.03217517915639,2020-07-17,2,46.0
55079003100,55079180500,-87.98607018194353,43.10091760946077,-87.87471526249948,42.93725893299447,2020-07-17,1,23.0
55079003100,55079000800,-87.98607018194353,43.10091760946077,-87.97372753660457,43.14064967469203,2020-07-17,2,46.0
55079003100,55079004000,-87.98607018194353,43.10091760946077,-87.97205846198321,43.09342306765945,2020-07-17,4,92.0
55079003100,55079000400,-87.98607018194353,43.10091760946077,-88.05554472050937,43.110954423820296,2020-07-17,2,46.0
55079003100,55079000502,-87.98607018194353,43.10091760946077,-88.03128731150349,43.12480634966938,2020-07-17,2,46.0
55079003100,55079006200,-87.98607018194353,43.10091760946077,-87.96097127315564,43.067902782244275,2020-07-17,1,23.0
55079003100,55079006000,-87.98607018194353,43.10091760946077,-87.97554005335066,43.067947929210746,2020-07-17,3,69.0
55079003100,55079170200,-87.98607018194353,43.10091760946077,-87.87263683893734,42.92275381108851,2020-07-17,1,23.0
55079003100,55079018900,-87.98607018194353,43.10091760946077,-87.95323213052187,42.995654122863776,2020-07-17,1,23.0
55079003100,55079100900,-87.98607018194353,43.10091760946077,-88.05216898532913,43.00959788353506,2020-07-17,1,23.0
55079003100,55079140201,-87.98607018194353,43.10091760946077,-87.99911426080601,42.93902100763907,2020-07-17,1,23.0
55079003100,55079140202,-87.98607018194353,43.10091760946077,-87.981557716435,42.93443757238657,2020-07-17,1,23.0
55079003100,55079186500,-87.98607018194353,43.10091760946077,-87.9130303085029,43.02319729476483,2020-07-17,2,46.0
55079003100,55079003300,-87.98607018194353,43.10091760946077,-88.0173066794685,43.1010408446094,2020-07-17,5,115.0
55079003100,55079070100,-87.98607018194353,43.10091760946077,-87.9076583493148,43.12063010988105,2020-07-17,1,23.0
55079003100,55079007700,-87.98607018194353,43.10091760946077,-87.88849935823362,43.06389053422122,2020-07-17,1,23.0
55079003100,55079003600,-87.98607018194353,43.10091760946077,-87.98321131530031,43.092736225323044,2020-07-17,5,115.0
55079003100,55079014400,-87.98607018194353,43.10091760946077,-87.90784049253895,43.042413401572134,2020-07-17,1,23.0
55079003100,55079100400,-87.98607018194353,43.10091760946077,-88.01166560297426,43.0170103539625,2020-07-17,1,23.0
55079003100,55079001800,-87.98607018194353,43.10091760946077,-87.99853790291819,43.115847306484916,2020-07-17,3,69.0
55079003100,55079003400,-87.98607018194353,43.10091760946077,-88.02444287795417,43.0934576342605,2020-07-17,5,115.0
55079003100,55079005800,-87.98607018194353,43.10091760946077,-87.99994620357029,43.072303413103626,2020-07-17,1,23.0
55079003100,55079050102,-87.98607018194353,43.10091760946077,-87.96743569232115,43.172443064752215,2020-07-17,1,23.0
55079003100,55079010700,-87.98607018194353,43.10091760946077,-87.90095083433016,43.0597678010215,2020-07-17,1,23.0
55079003100,55079100200,-87.98607018194353,43.10091760946077,-87.99137992566246,43.01460892403096,2020-07-17,1,23.0
55079003100,55079003100,-87.98607018194353,43.10091760946077,-87.98607018194353,43.10091760946077,2020-07-17,133,3079.0
55079003100,55079005900,-87.98607018194353,43.10091760946077,-87.98523579862835,43.06821108392844,2020-07-17,2,46.0
55079003100,55079009800,-87.98607018194353,43.10091760946077,-87.95409571434068,43.059778012269526,2020-07-17,1,23.0
55079003100,55079000900,-87.98607018194353,43.10091760946077,-87.95566887882444,43.14970170326806,2020-07-17,1,23.0
55079003100,55079001300,-87.98607018194353,43.10091760946077,-87.99843350448002,43.126783535933505,2020-07-17,3,69.0
55079003100,55079001700,-87.98607018194353,43.10091760946077,-88.01621221830194,43.10855887721336,2020-07-17,2,46.0
55079003100,55079011000,-87.98607018194353,43.10091760946077,-87.89727240641399,43.050053518943756,2020-07-17,3,69.0
55079003100,55079014900,-87.98607018194353,43.10091760946077,-87.94481830610269,43.03704436935605,2020-07-17,1,23.0
55079003100,55079002000,-87.98607018194353,43.10091760946077,-87.96815137233186,43.115621500302275,2020-07-17,1,23.0
55079003100,55079003900,-87.98607018194353,43.10091760946077,-87.96215160813261,43.086172227530916,2020-07-17,1,23.0
55079003100,55079000201,-87.98607018194353,43.10091760946077,-88.0472441211064,43.1799495757708,2020-07-17,2,46.0
55079003100,55079004700,-87.98607018194353,43.10091760946077,-87.94760565609727,43.08576787197636,2020-07-17,4,92.0
55079003100,55079019800,-87.98607018194353,43.10091760946077,-87.98973307517815,42.982078809345225,2020-07-17,1,23.0
55079003100,55079016400,-87.98607018194353,43.10091760946077,-87.92777599229481,43.01665943799343,2020-07-17,1,23.0
55079003100,55079002600,-87.98607018194353,43.10091760946077,-87.96192834607115,43.10067420371696,2020-07-17,1,23.0
55079003100,55079009000,-87.98607018194353,43.10091760946077,-87.9610837883489,43.060355868415826,2020-07-17,1,23.0
55079003100,55079001900,-87.98607018194353,43.10091760946077,-87.98367415791445,43.115686316787006,2020-07-17,7,162.0
55079003100,55079009600,-87.98607018194353,43.10091760946077,-87.96486502955395,43.05277336645368,2020-07-17,1,23.0
55079003100,55079004100,-87.98607018194353,43.10091760946077,-87.95681147526382,43.0940907627305,2020-07-17,3,69.0
55079003100,55079186900,-87.98607018194353,43.10091760946077,-87.88804149673794,43.05226526687869,2020-07-17,1,23.0
55079003100,55079005100,-87.98607018194353,43.10091760946077,-87.99757698420609,43.08261869423604,2020-07-17,4,92.0
55079003100,55079185200,-87.98607018194353,43.10091760946077,-87.88193798921913,42.967674094622936,2020-07-17,1,23.0
55079003100,55079004900,-87.98607018194353,43.10091760946077,-87.97231517837423,43.077061406485264,2020-07-17,1,23.0
55079003100,55079007400,-87.98607018194353,43.10091760946077,-87.87216855868374,43.078043126250115,2020-07-17,1,23.0
55079003100,55079006100,-87.98607018194353,43.10091760946077,-87.96847508739953,43.06791249267312,2020-07-17,1,23.0
55079003100,55079009300,-87.98607018194353,43.10091760946077,-87.98314520393755,43.060746025032145,2020-07-17,1,23.0
55079003100,55079003000,-87.98607018194353,43.10091760946077,-87.99619059962126,43.10851035065769,2020-07-17,3,69.0
55079020900,55079020000,-87.90186271433869,42.97013349358029,-87.95273620994368,42.98405311376188,2020-07-17,3,73.0
55079020900,55079004300,-87.90186271433869,42.97013349358029,-87.93220867621264,43.094799127568905,2020-07-17,1,24.0
55079020900,55079110100,-87.90186271433869,42.97013349358029,-87.9710022364233,43.012448953036525,2020-07-17,1,24.0
55079020900,55079018100,-87.90186271433869,42.97013349358029,-87.88469234682039,42.998709042311724,2020-07-17,1,24.0
55079020900,55079160100,-87.90186271433869,42.97013349358029,-87.91471599062149,42.91513941042769,2020-07-17,2,48.0
55079020900,55079090300,-87.90186271433869,42.97013349358029,-88.0515779905257,43.06739040507833,2020-07-17,1,24.0
55079020900,55079186300,-87.90186271433869,42.97013349358029,-87.91799927397663,43.040616743150025,2020-07-17,2,48.0
55079020900,55079021700,-87.90186271433869,42.97013349358029,-87.91312462574102,42.94052513723052,2020-07-17,2,48.0
55079020900,55079120203,-87.90186271433869,42.97013349358029,-88.00776394431053,42.95694649923871,2020-07-17,3,73.0
55079020900,55079170500,-87.90186271433869,42.97013349358029,-87.85764758199707,42.897602993060175,2020-07-17,1,24.0
55079020900,55079018400,-87.90186271433869,42.97013349358029,-87.90417459790928,42.9917062933768,2020-07-17,3,73.0
55079020900,55079160300,-87.90186271433869,42.97013349358029,-87.8893867076047,42.856940087232964,2020-07-17,1,24.0
55079020900,55079185900,-87.90186271433869,42.97013349358029,-87.93229166080955,43.05383765471328,2020-07-17,1,24.0
55079020900,55079186000,-87.90186271433869,42.97013349358029,-87.92039854147795,43.053956957431964,2020-07-17,1,24.0
55079020900,55079090600,-87.90186271433869,42.97013349358029,-88.05435154566402,43.03795832032663,2020-07-17,1,24.0
55079020900,55079185300,-87.90186271433869,42.97013349358029,-88.04265402690729,43.049880154873065,2020-07-17,1,24.0
55079020900,55079020800,-87.90186271433869,42.97013349358029,-87.87636299879055,42.985307292991365,2020-07-17,1,24.0
55079020900,55079130200,-87.90186271433869,42.97013349358029,-88.05891051157585,42.93732261654573,2020-07-17,1,24.0
55079020900,55079021000,-87.90186271433869,42.97013349358029,-87.89993467732904,42.962739149255064,2020-07-17,2,48.0
55079020900,55079160204,-87.90186271433869,42.97013349358029,-87.9317944903397,42.879700165258704,2020-07-17,2,48.0
55079020900,55079186800,-87.90186271433869,42.97013349358029,-87.9506670108877,43.02815858561159,2020-07-17,1,24.0
55079020900,55079160203,-87.90186271433869,42.97013349358029,-87.91638950191752,42.89402789790319,2020-07-17,2,48.0
55079020900,55079018900,-87.90186271433869,42.97013349358029,-87.95323213052187,42.995654122863776,2020-07-17,1,24.0
55079020900,55079160202,-87.90186271433869,42.97013349358029,-87.87217546542965,42.881379330302295,2020-07-17,1,24.0
55079020900,55079014600,-87.90186271433869,42.97013349358029,-87.93032605572249,43.04237842637439,2020-07-17,1,24.0
55079020900,55079007000,-87.90186271433869,42.97013349358029,-87.91122456687498,43.07424564740019,2020-07-17,1,24.0
55079020900,55079101100,-87.90186271433869,42.97013349358029,-88.04276904850849,42.99420752845147,2020-07-17,1,24.0
55079020900,55079140100,-87.90186271433869,42.97013349358029,-88.0188613886232,42.93745223479677,2020-07-17,2,48.0
55079020900,55079017900,-87.90186271433869,42.97013349358029,-87.90503327479618,42.998772533253295,2020-07-17,2,48.0
55079020900,55079186500,-87.90186271433869,42.97013349358029,-87.9130303085029,43.02319729476483,2020-07-17,2,48.0
55079020900,55079003300,-87.90186271433869,42.97013349358029,-88.0173066794685,43.1010408446094,2020-07-17,1,24.0
55079020900,55079011300,-87.90186271433869,42.97013349358029,-87.90713298111844,43.04890661506502,2020-07-17,1,24.0
55079020900,55079014400,-87.90186271433869,42.97013349358029,-87.90784049253895,43.042413401572134,2020-07-17,1,24.0
55079020900,55079018000,-87.90186271433869,42.97013349358029,-87.8945288084346,43.01098558683315,2020-07-17,2,48.0
55079020900,55079150100,-87.90186271433869,42.97013349358029,-87.97759713310646,42.91424119290261,2020-07-17,1,24.0
55079020900,55079021600,-87.90186271433869,42.97013349358029,-87.92488475274558,42.952251222261935,2020-07-17,4,97.0
55079020900,55079021300,-87.90186271433869,42.97013349358029,-87.93877469638159,42.970224160413096,2020-07-17,2,48.0
55079020900,55079120102,-87.90186271433869,42.97013349358029,-88.04966546230908,42.97409794368699,2020-07-17,1,24.0
55079020900,55079120201,-87.90186271433869,42.97013349358029,-88.01868214174351,42.96737507435749,2020-07-17,1,24.0
55079020900,55079180300,-87.90186271433869,42.97013349358029,-87.87005593266791,42.951885652862586,2020-07-17,1,24.0
55079020900,55079020700,-87.90186271433869,42.97013349358029,-87.89282968229121,42.980391637955094,2020-07-17,2,48.0
55079020900,55079007100,-87.90186271433869,42.97013349358029,-87.90149576859913,43.07383574480911,2020-07-17,1,24.0
55079020900,55079020400,-87.90186271433869,42.97013349358029,-87.9300852632457,42.98834002972675,2020-07-17,1,24.0
55079020900,55079006600,-87.90186271433869,42.97013349358029,-87.93135214789555,43.075399167305534,2020-07-17,1,24.0
55079020900,55079007600,-87.90186271433869,42.97013349358029,-87.87859580944733,43.06399812725538,2020-07-17,1,24.0
55079020900,55079020900,-87.90186271433869,42.97013349358029,-87.90186271433869,42.97013349358029,2020-07-17,95,2316.0
55079020900,55079017400,-87.90186271433869,42.97013349358029,-87.9382983850757,43.00476614107047,2020-07-17,1,24.0
55079020900,55079011000,-87.90186271433869,42.97013349358029,-87.89727240641399,43.050053518943756,2020-07-17,1,24.0
55079020900,55079004700,-87.90186271433869,42.97013349358029,-87.94760565609727,43.08576787197636,2020-07-17,1,24.0
55079020900,55079018600,-87.90186271433869,42.97013349358029,-87.92255649026754,42.995575414800356,2020-07-17,1,24.0
55079020900,55079150303,-87.90186271433869,42.97013349358029,-88.02312771344377,42.88960646488504,2020-07-17,1,24.0
55079020900,55079018300,-87.90186271433869,42.97013349358029,-87.89285805580873,42.991354183119796,2020-07-17,1,24.0
55079020900,55079016500,-87.90186271433869,42.97013349358029,-87.91153110922029,43.01579142211555,2020-07-17,2,48.0
55079020900,55079017600,-87.90186271433869,42.97013349358029,-87.92236059293215,43.00280872383964,2020-07-17,1,24.0
55079020900,55079180200,-87.90186271433869,42.97013349358029,-87.85506992096182,42.95465467367753,2020-07-17,1,24.0
55079020900,55079014300,-87.90186271433869,42.97013349358029,-87.90101539256612,43.042731429373134,2020-07-17,1,24.0
55079020900,55079020600,-87.90186271433869,42.97013349358029,-87.90444286867323,42.9810337820488,2020-07-17,2,48.0
55079020900,55079011100,-87.90186271433869,42.97013349358029,-87.90155963599153,43.04933924860895,2020-07-17,1,24.0
55079020900,55079185600,-87.90186271433869,42.97013349358029,-87.91469071944607,43.06026722158336,2020-07-17,1,24.0
55079020900,55079185200,-87.90186271433869,42.97013349358029,-87.88193798921913,42.967674094622936,2020-07-17,6,146.0
55079020900,55079012200,-87.90186271433869,42.97013349358029,-87.95271101560115,43.04866661559741,2020-07-17,1,24.0
55079060102,55079060200,-87.93974960524739,43.148654535590595,-87.9245165328896,43.11556508690733,2020-07-17,24,417.0
55079060102,55079091300,-87.93974960524739,43.148654535590595,-88.0097444924032,43.037871666045895,2020-07-17,1,17.0
55079060102,55079000101,-87.93974960524739,43.148654535590595,-88.00922083481396,43.18510784936368,2020-07-17,6,104.0
55079060102,55079000102,-87.93974960524739,43.148654535590595,-88.01167859828367,43.164645145767146,2020-07-17,1,17.0
55079060102,55079000202,-87.93974960524739,43.148654535590595,-88.04132965001602,43.160382512849615,2020-07-17,1,17.0
55079060102,55079002300,-87.93974960524739,43.148654535590595,-87.93621856893152,43.105985427841645,2020-07-17,1,17.0
55079060102,55079110100,-87.93974960524739,43.148654535590595,-87.9710022364233,43.012448953036525,2020-07-17,1,17.0
55079060102,55079160100,-87.93974960524739,43.148654535590595,-87.91471599062149,42.91513941042769,2020-07-17,1,17.0
55079060102,55079000600,-87.93974960524739,43.148654535590595,-88.00190569680801,43.14010292722225,2020-07-17,1,17.0
55079060102,55079050101,-87.93974960524739,43.148654535590595,-87.98494662348081,43.17683059907653,2020-07-17,2,34.0
55079060102,55079186300,-87.93974960524739,43.148654535590595,-87.91799927397663,43.040616743150025,2020-07-17,4,69.0
55079060102,55079120203,-87.93974960524739,43.148654535590595,-88.00776394431053,42.95694649923871,2020-07-17,3,52.0
55079060102,55079000501,-87.93974960524739,43.148654535590595,-88.04340002069712,43.115390222488664,2020-07-17,6,104.0
55079060102,55079002700,-87.93974960524739,43.148654535590595,-87.97176690626681,43.100825271475365,2020-07-17,1,17.0
55079060102,55079004800,-87.93974960524739,43.148654535590595,-87.96231596301399,43.077035360461494,2020-07-17,1,17.0
55079060102,55079060101,-87.93974960524739,43.148654535590595,-87.92535691568614,43.13950788268824,2020-07-17,19,330.0
55079060102,55079080300,-87.93974960524739,43.148654535590595,-87.87475616434764,43.089996653126924,2020-07-17,1,17.0
55079060102,55079185300,-87.93974960524739,43.148654535590595,-88.04265402690729,43.049880154873065,2020-07-17,2,34.0
55079060102,55079120502,-87.93974960524739,43.148654535590595,-87.96510992081555,42.95304728304586,2020-07-17,2,34.0
55079060102,55079187400,-87.93974960524739,43.148654535590595,-87.90767949876499,43.03217517915639,2020-07-17,2,34.0
55079060102,55079000800,-87.93974960524739,43.148654535590595,-87.97372753660457,43.14064967469203,2020-07-17,1,17.0
55079060102,55079012500,-87.93974960524739,43.148654535590595,-87.97654888060033,43.037091021714275,2020-07-17,1,17.0
55079060102,55079004000,-87.93974960524739,43.148654535590595,-87.97205846198321,43.09342306765945,2020-07-17,1,17.0
55079060102,55079004600,-87.93974960524739,43.148654535590595,-87.9321086251029,43.08569057130924,2020-07-17,1,17.0
55079060102,55079021000,-87.93974960524739,43.148654535590595,-87.89993467732904,42.962739149255064,2020-07-17,1,17.0
55079060102,55079186800,-87.93974960524739,43.148654535590595,-87.9506670108877,43.02815858561159,2020-07-17,1,17.0
55079060102,55079187200,-87.93974960524739,43.148654535590595,-88.00769048889484,42.863813659193866,2020-07-17,1,17.0
55079060102,55079002800,-87.93974960524739,43.148654535590595,-87.97141961541004,43.10830621321033,2020-07-17,2,34.0
55079060102,55079100900,-87.93974960524739,43.148654535590595,-88.05216898532913,43.00959788353506,2020-07-17,1,17.0
55079060102,55079140201,-87.93974960524739,43.148654535590595,-87.99911426080601,42.93902100763907,2020-07-17,1,17.0
55079060102,55079017900,-87.93974960524739,43.148654535590595,-87.90503327479618,42.998772533253295,2020-07-17,1,17.0
55079060102,55079001600,-87.93974960524739,43.148654535590595,-88.01599665750028,43.11588641903863,2020-07-17,1,17.0
55079060102,55079070100,-87.93974960524739,43.148654535590595,-87.9076583493148,43.12063010988105,2020-07-17,3,52.0
55079060102,55079003600,-87.93974960524739,43.148654535590595,-87.98321131530031,43.092736225323044,2020-07-17,3,52.0
55079060102,55079035100,-87.93974960524739,43.148654535590595,-87.89285549776399,43.15380150659221,2020-07-17,1,17.0
55079060102,55079014400,-87.93974960524739,43.148654535590595,-87.90784049253895,43.042413401572134,2020-07-17,1,17.0
55079060102,55079070200,-87.93974960524739,43.148654535590595,-87.8919112738197,43.1133970416122,2020-07-17,4,69.0
55079060102,55079005800,-87.93974960524739,43.148654535590595,-87.99994620357029,43.072303413103626,2020-07-17,1,17.0
55079060102,55079035200,-87.93974960524739,43.148654535590595,-87.9070718018067,43.16012040860922,2020-07-17,7,121.0
55079060102,55079100800,-87.93974960524739,43.148654535590595,-88.05710943935104,43.023654444193184,2020-07-17,1,17.0
55079060102,55079050102,-87.93974960524739,43.148654535590595,-87.96743569232115,43.172443064752215,2020-07-17,5,87.0
55079060102,55079185100,-87.93974960524739,43.148654535590595,-87.86132764015301,42.9760744263621,2020-07-17,1,17.0
55079060102,55079007100,-87.93974960524739,43.148654535590595,-87.90149576859913,43.07383574480911,2020-07-17,2,34.0
55079060102,55079185700,-87.93974960524739,43.148654535590595,-87.91471207902771,43.06752585199898,2020-07-17,1,17.0
55079060102,55079000700,-87.93974960524739,43.148654535590595,-87.99009583376943,43.15588909293765,2020-07-17,1,17.0
55079060102,55079000900,-87.93974960524739,43.148654535590595,-87.95566887882444,43.14970170326806,2020-07-17,2,34.0
55079060102,55079004200,-87.93974960524739,43.148654535590595,-87.94544782159862,43.09516547779425,2020-07-17,1,17.0
55079060102,55079000201,-87.93974960524739,43.148654535590595,-88.0472441211064,43.1799495757708,2020-07-17,2,34.0
55079060102,55079010600,-87.93974960524739,43.148654535590595,-87.90749884397533,43.060136167504425,2020-07-17,2,34.0
55079060102,55079000304,-87.93974960524739,43.148654535590595,-88.02644618111368,43.14364069729464,2020-07-17,1,17.0
55079060102,55079018300,-87.93974960524739,43.148654535590595,-87.89285805580873,42.991354183119796,2020-07-17,1,17.0
55079060102,55079001100,-87.93974960524739,43.148654535590595,-87.96901390366762,43.127689901740844,2020-07-17,1,17.0
55079060102,55079004100,-87.93974960524739,43.148654535590595,-87.95681147526382,43.0940907627305,2020-07-17,3,52.0
55079060102,55079005100,-87.93974960524739,43.148654535590595,-87.99757698420609,43.08261869423604,2020-07-17,2,34.0
55079060102,55079185200,-87.93974960524739,43.148654535590595,-87.88193798921913,42.967674094622936,2020-07-17,1,17.0
55079060102,55079060102,-87.93974960524739,43.148654535590595,-87.93974960524739,43.148654535590595,2020-07-17,153,2662.0
55079060102,55079012200,-87.93974960524739,43.148654535590595,-87.95271101560115,43.04866661559741,2020-07-17,1,17.0
55079060102,55079002500,-87.93974960524739,43.148654535590595,-87.96218045466739,43.10795733493045,2020-07-17,1,17.0
55079060102,55079185400,-87.93974960524739,43.148654535590595,-87.93768935592728,43.06023552955454,2020-07-17,1,17.0
55079060102,55079013000,-87.93974960524739,43.148654535590595,-87.9876687698922,43.02770173765977,2020-07-17,1,17.0
55079170100,55079020000,-87.84892368656588,42.919583500675934,-87.95273620994368,42.98405311376188,2020-07-17,2,40.0
55079170100,55079060200,-87.84892368656588,42.919583500675934,-87.9245165328896,43.11556508690733,2020-07-17,1,20.0
55079170100,55079110100,-87.84892368656588,42.919583500675934,-87.9710022364233,43.012448953036525,2020-07-17,1,20.0
55079170100,55079021200,-87.84892368656588,42.919583500675934,-87.92101040508955,42.965284697357816,2020-07-17,2,40.0
55079170100,55079018100,-87.84892368656588,42.919583500675934,-87.88469234682039,42.998709042311724,2020-07-17,2,40.0
55079170100,55079160100,-87.84892368656588,42.919583500675934,-87.91471599062149,42.91513941042769,2020-07-17,13,263.0
55079170100,55079186300,-87.84892368656588,42.919583500675934,-87.91799927397663,43.040616743150025,2020-07-17,1,20.0
55079170100,55079021700,-87.84892368656588,42.919583500675934,-87.91312462574102,42.94052513723052,2020-07-17,1,20.0
55079170100,55079120501,-87.84892368656588,42.919583500675934,-87.96680035551529,42.94072396992586,2020-07-17,1,20.0
55079170100,55079120400,-87.84892368656588,42.919583500675934,-87.96548496050795,42.96670427425607,2020-07-17,1,20.0
55079170100,55079120203,-87.84892368656588,42.919583500675934,-88.00776394431053,42.95694649923871,2020-07-17,5,101.0
55079170100,55079170500,-87.84892368656588,42.919583500675934,-87.85764758199707,42.897602993060175,2020-07-17,4,81.0
55079170100,55079160300,-87.84892368656588,42.919583500675934,-87.8893867076047,42.856940087232964,2020-07-17,3,60.0
55079170100,55079000501,-87.84892368656588,42.919583500675934,-88.04340002069712,43.115390222488664,2020-07-17,2,40.0
55079170100,55079021400,-87.84892368656588,42.919583500675934,-87.93891709359613,42.96295890378409,2020-07-17,1,20.0
55079170100,55079060101,-87.84892368656588,42.919583500675934,-87.92535691568614,43.13950788268824,2020-07-17,1,20.0
55079170100,55079185300,-87.84892368656588,42.919583500675934,-88.04265402690729,43.049880154873065,2020-07-17,1,20.0
55079170100,55079020800,-87.84892368656588,42.919583500675934,-87.87636299879055,42.985307292991365,2020-07-17,1,20.0
55079170100,55079150304,-87.84892368656588,42.919583500675934,-88.02760163837803,42.91519132559998,2020-07-17,4,81.0
55079170100,55079021000,-87.84892368656588,42.919583500675934,-87.89993467732904,42.962739149255064,2020-07-17,1,20.0
55079170100,55079160204,-87.84892368656588,42.919583500675934,-87.9317944903397,42.879700165258704,2020-07-17,2,40.0
55079170100,55079186800,-87.84892368656588,42.919583500675934,-87.9506670108877,43.02815858561159,2020-07-17,1,20.0
55079170100,55079187200,-87.84892368656588,42.919583500675934,-88.00769048889484,42.863813659193866,2020-07-17,3,60.0
55079170100,55079160203,-87.84892368656588,42.919583500675934,-87.91638950191752,42.89402789790319,2020-07-17,9,182.0
55079170100,55079170200,-87.84892368656588,42.919583500675934,-87.87263683893734,42.92275381108851,2020-07-17,1,20.0
55079170100,55079020100,-87.84892368656588,42.919583500675934,-87.94099671150566,42.988482506396224,2020-07-17,1,20.0
55079170100,55079160202,-87.84892368656588,42.919583500675934,-87.87217546542965,42.881379330302295,2020-07-17,2,40.0
55079170100,55079180400,-87.84892368656588,42.919583500675934,-87.85633588550823,42.93709205888796,2020-07-17,12,243.0
55079170100,55079101100,-87.84892368656588,42.919583500675934,-88.04276904850849,42.99420752845147,2020-07-17,2,40.0
55079170100,55079140100,-87.84892368656588,42.919583500675934,-88.0188613886232,42.93745223479677,2020-07-17,1,20.0
55079170100,55079140201,-87.84892368656588,42.919583500675934,-87.99911426080601,42.93902100763907,2020-07-17,1,20.0
55079170100,55079140202,-87.84892368656588,42.919583500675934,-87.981557716435,42.93443757238657,2020-07-17,1,20.0
55079170100,55079180100,-87.84892368656588,42.919583500675934,-87.84722355247969,42.95102171952154,2020-07-17,1,20.0
55079170100,55079186500,-87.84892368656588,42.919583500675934,-87.9130303085029,43.02319729476483,2020-07-17,1,20.0
55079170100,55079040100,-87.84892368656588,42.919583500675934,-87.93527423095499,43.17163768621121,2020-07-17,1,20.0
55079170100,55079014400,-87.84892368656588,42.919583500675934,-87.90784049253895,43.042413401572134,2020-07-17,4,81.0
55079170100,55079170700,-87.84892368656588,42.919583500675934,-87.84797376219025,42.90256149755693,2020-07-17,2,40.0
55079170100,55079018000,-87.84892368656588,42.919583500675934,-87.8945288084346,43.01098558683315,2020-07-17,2,40.0
55079170100,55079150100,-87.84892368656588,42.919583500675934,-87.97759713310646,42.91424119290261,2020-07-17,4,81.0
55079170100,55079021600,-87.84892368656588,42.919583500675934,-87.92488475274558,42.952251222261935,2020-07-17,2,40.0
55079170100,55079021300,-87.84892368656588,42.919583500675934,-87.93877469638159,42.970224160413096,2020-07-17,1,20.0
55079170100,55079016600,-87.84892368656588,42.919583500675934,-87.9139279223807,43.010028166006215,2020-07-17,3,60.0
55079170100,55079120102,-87.84892368656588,42.919583500675934,-88.04966546230908,42.97409794368699,2020-07-17,2,40.0
55079170100,55079014100,-87.84892368656588,42.919583500675934,-87.92097269793881,43.04863570292668,2020-07-17,1,20.0
55079170100,55079101800,-87.84892368656588,42.919583500675934,-88.00969812606968,42.99373426381014,2020-07-17,1,20.0
55079170100,55079150301,-87.84892368656588,42.919583500675934,-88.05345903025625,42.89781994777656,2020-07-17,1,20.0
55079170100,55079180300,-87.84892368656588,42.919583500675934,-87.87005593266791,42.951885652862586,2020-07-17,1,20.0
55079170100,55079185100,-87.84892368656588,42.919583500675934,-87.86132764015301,42.9760744263621,2020-07-17,1,20.0
55079170100,55079120202,-87.84892368656588,42.919583500675934,-87.99868084532402,42.965848843600455,2020-07-17,2,40.0
55079170100,55079014900,-87.84892368656588,42.919583500675934,-87.94481830610269,43.03704436935605,2020-07-17,1,20.0
55079170100,55079018500,-87.84892368656588,42.919583500675934,-87.91439743752404,42.98441904059949,2020-07-17,1,20.0
55079170100,55079019800,-87.84892368656588,42.919583500675934,-87.98973307517815,42.982078809345225,2020-07-17,1,20.0
55079170100,55079180200,-87.84892368656588,42.919583500675934,-87.85506992096182,42.95465467367753,2020-07-17,2,40.0
55079170100,55079014300,-87.84892368656588,42.919583500675934,-87.90101539256612,43.042731429373134,2020-07-17,1,20.0
55079170100,55079170100,-87.84892368656588,42.919583500675934,-87.84892368656588,42.919583500675934,2020-07-17,110,2229.0
55079170100,55079185800,-87.84892368656588,42.919583500675934,-87.94265216254213,43.0538687550207,2020-07-17,1,20.0
55079170100,55079100300,-87.84892368656588,42.919583500675934,-88.00316709835943,43.017354422985534,2020-07-17,1,20.0
55079170100,55079101200,-87.84892368656588,42.919583500675934,-88.02772831407549,42.99180235090393,2020-07-17,1,20.0
55079170100,55079170600,-87.84892368656588,42.919583500675934,-87.86320935056827,42.907724102777856,2020-07-17,8,162.0
55079170100,55079185200,-87.84892368656588,42.919583500675934,-87.88193798921913,42.967674094622936,2020-07-17,3,60.0
55079170100,55079170300,-87.84892368656588,42.919583500675934,-87.87538996197884,42.9095536521384,2020-07-17,3,60.0
55079170100,55079016900,-87.84892368656588,42.919583500675934,-87.93770785693083,43.00951913559766,2020-07-17,1,20.0
55079004500,55079004300,-87.92226909278084,43.08550885272536,-87.93220867621264,43.094799127568905,2020-07-17,6,122.0
55079004500,55079060200,-87.92226909278084,43.08550885272536,-87.9245165328896,43.11556508690733,2020-07-17,9,183.0
55079004500,55079004400,-87.92226909278084,43.08550885272536,-87.90608569163814,43.089298213737145,2020-07-17,3,61.0
55079004500,55079004500,-87.92226909278084,43.08550885272536,-87.92226909278084,43.08550885272536,2020-07-17,81,1651.0
55079004500,55079012800,-87.92226909278084,43.08550885272536,-88.03145321223326,43.03059221584991,2020-07-17,1,20.0
55079004500,55079015700,-87.92226909278084,43.08550885272536,-87.92777138656925,43.021663598322064,2020-07-17,4,81.0
55079004500,55079016200,-87.92226909278084,43.08550885272536,-87.94745090497267,43.01660575920564,2020-07-17,2,40.0
55079004500,55079000101,-87.92226909278084,43.08550885272536,-88.00922083481396,43.18510784936368,2020-07-17,1,20.0
55079004500,55079002300,-87.92226909278084,43.08550885272536,-87.93621856893152,43.105985427841645,2020-07-17,1,20.0
55079004500,55079010800,-87.92226909278084,43.08550885272536,-87.88986181293924,43.05733829509928,2020-07-17,1,20.0
55079004500,55079110100,-87.92226909278084,43.08550885272536,-87.9710022364233,43.012448953036525,2020-07-17,2,40.0
55079004500,55079160100,-87.92226909278084,43.08550885272536,-87.91471599062149,42.91513941042769,2020-07-17,1,20.0
55079004500,55079090300,-87.92226909278084,43.08550885272536,-88.0515779905257,43.06739040507833,2020-07-17,2,40.0
55079004500,55079186300,-87.92226909278084,43.08550885272536,-87.91799927397663,43.040616743150025,2020-07-17,1,20.0
55079004500,55079160300,-87.92226909278084,43.08550885272536,-87.8893867076047,42.856940087232964,2020-07-17,1,20.0
55079004500,55079003500,-87.92226909278084,43.08550885272536,-87.99830093777771,43.09359369867719,2020-07-17,1,20.0
55079004500,55079004800,-87.92226909278084,43.08550885272536,-87.96231596301399,43.077035360461494,2020-07-17,2,40.0
55079004500,55079186000,-87.92226909278084,43.08550885272536,-87.92039854147795,43.053956957431964,2020-07-17,1,20.0
55079004500,55079060101,-87.92226909278084,43.08550885272536,-87.92535691568614,43.13950788268824,2020-07-17,1,20.0
55079004500,55079185500,-87.92226909278084,43.08550885272536,-87.92624880733425,43.0601763240656,2020-07-17,1,20.0
55079004500,55079090600,-87.92226909278084,43.08550885272536,-88.05435154566402,43.03795832032663,2020-07-17,1,20.0
55079004500,55079185300,-87.92226909278084,43.08550885272536,-88.04265402690729,43.049880154873065,2020-07-17,3,61.0
55079004500,55079000800,-87.92226909278084,43.08550885272536,-87.97372753660457,43.14064967469203,2020-07-17,1,20.0
55079004500,55079004600,-87.92226909278084,43.08550885272536,-87.9321086251029,43.08569057130924,2020-07-17,2,40.0
55079004500,55079000502,-87.92226909278084,43.08550885272536,-88.03128731150349,43.12480634966938,2020-07-17,1,20.0
55079004500,55079160204,-87.92226909278084,43.08550885272536,-87.9317944903397,42.879700165258704,2020-07-17,1,20.0
55079004500,55079006800,-87.92226909278084,43.08550885272536,-87.92500216567623,43.079683301494654,2020-07-17,2,40.0
55079004500,55079014600,-87.92226909278084,43.08550885272536,-87.93032605572249,43.04237842637439,2020-07-17,3,61.0
55079004500,55079007000,-87.92226909278084,43.08550885272536,-87.91122456687498,43.07424564740019,2020-07-17,2,40.0
55079004500,55079003300,-87.92226909278084,43.08550885272536,-88.0173066794685,43.1010408446094,2020-07-17,1,20.0
55079004500,55079091100,-87.92226909278084,43.08550885272536,-88.00381885772617,43.05493775558714,2020-07-17,1,20.0
55079004500,55079070200,-87.92226909278084,43.08550885272536,-87.8919112738197,43.1133970416122,2020-07-17,1,20.0
55079004500,55079005800,-87.92226909278084,43.08550885272536,-87.99994620357029,43.072303413103626,2020-07-17,1,20.0
55079004500,55079130100,-87.92226909278084,43.08550885272536,-88.04407902007586,42.942752065148895,2020-07-17,1,20.0
55079004500,55079007300,-87.92226909278084,43.08550885272536,-87.88807891595606,43.0779148594549,2020-07-17,1,20.0
55079004500,55079080200,-87.92226909278084,43.08550885272536,-87.8877423232882,43.0942616397457,2020-07-17,1,20.0
55079004500,55079016300,-87.92226909278084,43.08550885272536,-87.93764055272034,43.01572710315665,2020-07-17,1,20.0
55079004500,55079006600,-87.92226909278084,43.08550885272536,-87.93135214789555,43.075399167305534,2020-07-17,3,61.0
55079004500,55079007600,-87.92226909278084,43.08550885272536,-87.87859580944733,43.06399812725538,2020-07-17,1,20.0
55079004500,55079004200,-87.92226909278084,43.08550885272536,-87.94544782159862,43.09516547779425,2020-07-17,2,40.0
55079004500,55079011000,-87.92226909278084,43.08550885272536,-87.89727240641399,43.050053518943756,2020-07-17,1,20.0
55079004500,55079080400,-87.92226909278084,43.08550885272536,-87.88848724040903,43.08594082590386,2020-07-17,1,20.0
55079004500,55079000201,-87.92226909278084,43.08550885272536,-88.0472441211064,43.1799495757708,2020-07-17,3,61.0
55079004500,55079004700,-87.92226909278084,43.08550885272536,-87.94760565609727,43.08576787197636,2020-07-17,1,20.0
55079004500,55079001900,-87.92226909278084,43.08550885272536,-87.98367415791445,43.115686316787006,2020-07-17,1,20.0
55079004500,55079008900,-87.92226909278084,43.08550885272536,-87.95337828163817,43.06706338271535,2020-07-17,1,20.0
55079004500,55079013400,-87.92226909278084,43.08550885272536,-87.95356038604784,43.03496530197635,2020-07-17,1,20.0
55079004500,55079091000,-87.92226909278084,43.08550885272536,-87.99705672432205,43.06433297165757,2020-07-17,1,20.0
55079004500,55079185600,-87.92226909278084,43.08550885272536,-87.91469071944607,43.06026722158336,2020-07-17,1,20.0
55079004500,55079014800,-87.92226909278084,43.08550885272536,-87.9402035907502,43.042125624825495,2020-07-17,1,20.0
55079004500,55079004900,-87.92226909278084,43.08550885272536,-87.97231517837423,43.077061406485264,2020-07-17,1,20.0
55079004500,55079012900,-87.92226909278084,43.08550885272536,-87.99989477924994,43.028140622580246,2020-07-17,1,20.0
55079004500,55079006400,-87.92226909278084,43.08550885272536,-87.94234792087695,43.07421796319209,2020-07-17,1,20.0
55079004500,55079013300,-87.92226909278084,43.08550885272536,-87.96206431187025,43.03483590901066,2020-07-17,1,20.0
55079004500,55079002200,-87.92226909278084,43.08550885272536,-87.9335870089048,43.11469059411332,2020-07-17,1,20.0
55079004500,55079008800,-87.92226909278084,43.08550885272536,-87.94617084834631,43.06788862375971,2020-07-17,1,20.0
55079001800,55079002100,-87.99853790291819,43.115847306484916,-87.95315716160212,43.115529640428136,2020-07-17,1,24.0
55079001800,55079002400,-87.99853790291819,43.115847306484916,-87.95188617843814,43.106404380820805,2020-07-17,3,73.0
55079001800,55079060200,-87.99853790291819,43.115847306484916,-87.9245165328896,43.11556508690733,2020-07-17,1,24.0
55079001800,55079004400,-87.99853790291819,43.115847306484916,-87.90608569163814,43.089298213737145,2020-07-17,2,48.0
55079001800,55079004500,-87.99853790291819,43.115847306484916,-87.92226909278084,43.08550885272536,2020-07-17,1,24.0
55079001800,55079000102,-87.99853790291819,43.115847306484916,-88.01167859828367,43.164645145767146,2020-07-17,2,48.0
55079001800,55079000202,-87.99853790291819,43.115847306484916,-88.04132965001602,43.160382512849615,2020-07-17,1,24.0
55079001800,55079021200,-87.99853790291819,43.115847306484916,-87.92101040508955,42.965284697357816,2020-07-17,1,24.0
55079001800,55079160100,-87.99853790291819,43.115847306484916,-87.91471599062149,42.91513941042769,2020-07-17,1,24.0
55079001800,55079000600,-87.99853790291819,43.115847306484916,-88.00190569680801,43.14010292722225,2020-07-17,3,73.0
55079001800,55079050101,-87.99853790291819,43.115847306484916,-87.98494662348081,43.17683059907653,2020-07-17,1,24.0
55079001800,55079090300,-87.99853790291819,43.115847306484916,-88.0515779905257,43.06739040507833,2020-07-17,3,73.0
55079001800,55079186300,-87.99853790291819,43.115847306484916,-87.91799927397663,43.040616743150025,2020-07-17,1,24.0
55079001800,55079012400,-87.99853790291819,43.115847306484916,-87.97680856828566,43.04580144948212,2020-07-17,1,24.0
55079001800,55079021700,-87.99853790291819,43.115847306484916,-87.91312462574102,42.94052513723052,2020-07-17,1,24.0
55079001800,55079090100,-87.99853790291819,43.115847306484916,-88.04837730790923,43.0973204568905,2020-07-17,1,24.0
55079001800,55079090200,-87.99853790291819,43.115847306484916,-88.05200796218348,43.081902180003375,2020-07-17,1,24.0
55079001800,55079120203,-87.99853790291819,43.115847306484916,-88.00776394431053,42.95694649923871,2020-07-17,2,48.0
55079001800,55079000501,-87.99853790291819,43.115847306484916,-88.04340002069712,43.115390222488664,2020-07-17,5,121.0
55079001800,55079001200,-87.99853790291819,43.115847306484916,-87.98620080987179,43.12617611256525,2020-07-17,4,97.0
55079001800,55079003500,-87.99853790291819,43.115847306484916,-87.99830093777771,43.09359369867719,2020-07-17,1,24.0
55079001800,55079004800,-87.99853790291819,43.115847306484916,-87.96231596301399,43.077035360461494,2020-07-17,1,24.0
55079001800,55079185900,-87.99853790291819,43.115847306484916,-87.93229166080955,43.05383765471328,2020-07-17,1,24.0
55079001800,55079186000,-87.99853790291819,43.115847306484916,-87.92039854147795,43.053956957431964,2020-07-17,1,24.0
55079001800,55079003200,-87.99853790291819,43.115847306484916,-88.00111189801154,43.10115852758208,2020-07-17,1,24.0
55079001800,55079060101,-87.99853790291819,43.115847306484916,-87.92535691568614,43.13950788268824,2020-07-17,1,24.0
55079001800,55079185300,-87.99853790291819,43.115847306484916,-88.04265402690729,43.049880154873065,2020-07-17,2,48.0
55079001800,55079187400,-87.99853790291819,43.115847306484916,-87.90767949876499,43.03217517915639,2020-07-17,1,24.0
55079001800,55079005400,-87.99853790291819,43.115847306484916,-88.02259608100492,43.0824437803151,2020-07-17,1,24.0
55079001800,55079000400,-87.99853790291819,43.115847306484916,-88.05554472050937,43.110954423820296,2020-07-17,1,24.0
55079001800,55079000502,-87.99853790291819,43.115847306484916,-88.03128731150349,43.12480634966938,2020-07-17,1,24.0
55079001800,55079021000,-87.99853790291819,43.115847306484916,-87.89993467732904,42.962739149255064,2020-07-17,1,24.0
55079001800,55079186800,-87.99853790291819,43.115847306484916,-87.9506670108877,43.02815858561159,2020-07-17,2,48.0
55079001800,55079180400,-87.99853790291819,43.115847306484916,-87.85633588550823,42.93709205888796,2020-07-17,1,24.0
55079001800,55079005000,-87.99853790291819,43.115847306484916,-87.98327608357046,43.07665137069942,2020-07-17,1,24.0
55079001800,55079002800,-87.99853790291819,43.115847306484916,-87.97141961541004,43.10830621321033,2020-07-17,1,24.0
55079001800,55079006800,-87.99853790291819,43.115847306484916,-87.92500216567623,43.079683301494654,2020-07-17,1,24.0
55079001800,55079007000,-87.99853790291819,43.115847306484916,-87.91122456687498,43.07424564740019,2020-07-17,2,48.0
55079001800,55079001600,-87.99853790291819,43.115847306484916,-88.01599665750028,43.11588641903863,2020-07-17,1,24.0
55079001800,55079003600,-87.99853790291819,43.115847306484916,-87.98321131530031,43.092736225323044,2020-07-17,2,48.0
55079001800,55079011300,-87.99853790291819,43.115847306484916,-87.90713298111844,43.04890661506502,2020-07-17,1,24.0
55079001800,55079014400,-87.99853790291819,43.115847306484916,-87.90784049253895,43.042413401572134,2020-07-17,1,24.0
55079001800,55079021600,-87.99853790291819,43.115847306484916,-87.92488475274558,42.952251222261935,2020-07-17,1,24.0
55079001800,55079001800,-87.99853790291819,43.115847306484916,-87.99853790291819,43.115847306484916,2020-07-17,92,2243.0
55079001800,55079003400,-87.99853790291819,43.115847306484916,-88.02444287795417,43.0934576342605,2020-07-17,2,48.0
55079001800,55079014100,-87.99853790291819,43.115847306484916,-87.92097269793881,43.04863570292668,2020-07-17,1,24.0
55079001800,55079019500,-87.99853790291819,43.115847306484916,-88.02769031152603,42.97732706705707,2020-07-17,1,24.0
55079001800,55079006300,-87.99853790291819,43.115847306484916,-87.95229119818997,43.07635281761954,2020-07-17,4,97.0
55079001800,55079000700,-87.99853790291819,43.115847306484916,-87.99009583376943,43.15588909293765,2020-07-17,1,24.0
55079001800,55079100200,-87.99853790291819,43.115847306484916,-87.99137992566246,43.01460892403096,2020-07-17,1,24.0
55079001800,55079005700,-87.99853790291819,43.115847306484916,-88.01309831915184,43.07138814037072,2020-07-17,1,24.0
55079001800,55079003100,-87.99853790291819,43.115847306484916,-87.98607018194353,43.10091760946077,2020-07-17,4,97.0
55079001800,55079005200,-87.99853790291819,43.115847306484916,-88.0124256780363,43.086227920709504,2020-07-17,2,48.0
55079001800,55079005900,-87.99853790291819,43.115847306484916,-87.98523579862835,43.06821108392844,2020-07-17,2,48.0
55079001800,55079001300,-87.99853790291819,43.115847306484916,-87.99843350448002,43.126783535933505,2020-07-17,4,97.0
55079001800,55079001700,-87.99853790291819,43.115847306484916,-88.01621221830194,43.10855887721336,2020-07-17,2,48.0
55079001800,55079012300,-87.99853790291819,43.115847306484916,-87.96196748080853,43.043599093031496,2020-07-17,1,24.0
55079001800,55079001500,-87.99853790291819,43.115847306484916,-88.01520145334699,43.123754077777434,2020-07-17,4,97.0
55079001800,55079002000,-87.99853790291819,43.115847306484916,-87.96815137233186,43.115621500302275,2020-07-17,1,24.0
55079001800,55079000201,-87.99853790291819,43.115847306484916,-88.0472441211064,43.1799495757708,2020-07-17,2,48.0
55079001800,55079000304,-87.99853790291819,43.115847306484916,-88.02644618111368,43.14364069729464,2020-07-17,1,24.0
55079001800,55079001900,-87.99853790291819,43.115847306484916,-87.98367415791445,43.115686316787006,2020-07-17,7,170.0
55079001800,55079003700,-87.99853790291819,43.115847306484916,-87.98336380852676,43.08546039091554,2020-07-17,1,24.0
55079001800,55079001100,-87.99853790291819,43.115847306484916,-87.96901390366762,43.127689901740844,2020-07-17,1,24.0
55079001800,55079101300,-87.99853790291819,43.115847306484916,-88.02770018483265,42.99907770295741,2020-07-17,1,24.0
55079001800,55079170100,-87.99853790291819,43.115847306484916,-87.84892368656588,42.919583500675934,2020-07-17,1,24.0
55079001800,55079185600,-87.99853790291819,43.115847306484916,-87.91469071944607,43.06026722158336,2020-07-17,1,24.0
55079001800,55079004900,-87.99853790291819,43.115847306484916,-87.97231517837423,43.077061406485264,2020-07-17,2,48.0
55079001800,55079002500,-87.99853790291819,43.115847306484916,-87.96218045466739,43.10795733493045,2020-07-17,2,48.0
55079001800,55079006100,-87.99853790291819,43.115847306484916,-87.96847508739953,43.06791249267312,2020-07-17,1,24.0
55079001800,55079000303,-87.99853790291819,43.115847306484916,-88.04588241201564,43.12968529312476,2020-07-17,1,24.0
55079001800,55079009900,-87.99853790291819,43.115847306484916,-87.94630275235495,43.060274421469344,2020-07-17,1,24.0
55079001800,55079003000,-87.99853790291819,43.115847306484916,-87.99619059962126,43.10851035065769,2020-07-17,2,48.0
55079001800,55079021100,-87.99853790291819,43.115847306484916,-87.91444199314573,42.970152010378044,2020-07-17,1,24.0
55079170200,55079020000,-87.87263683893734,42.92275381108851,-87.95273620994368,42.98405311376188,2020-07-17,2,37.0
55079170200,55079002100,-87.87263683893734,42.92275381108851,-87.95315716160212,43.115529640428136,2020-07-17,1,18.0
55079170200,55079060200,-87.87263683893734,42.92275381108851,-87.9245165328896,43.11556508690733,2020-07-17,1,18.0
55079170200,55079004400,-87.87263683893734,42.92275381108851,-87.90608569163814,43.089298213737145,2020-07-17,1,18.0
55079170200,55079011400,-87.87263683893734,42.92275381108851,-87.9106574898586,43.05269479350376,2020-07-17,1,18.0
55079170200,55079110100,-87.87263683893734,42.92275381108851,-87.9710022364233,43.012448953036525,2020-07-17,4,75.0
55079170200,55079021200,-87.87263683893734,42.92275381108851,-87.92101040508955,42.965284697357816,2020-07-17,2,37.0
55079170200,55079160100,-87.87263683893734,42.92275381108851,-87.91471599062149,42.91513941042769,2020-07-17,14,262.0
55079170200,55079000600,-87.87263683893734,42.92275381108851,-88.00190569680801,43.14010292722225,2020-07-17,2,37.0
55079170200,55079090300,-87.87263683893734,42.92275381108851,-88.0515779905257,43.06739040507833,2020-07-17,2,37.0
55079170200,55079186300,-87.87263683893734,42.92275381108851,-87.91799927397663,43.040616743150025,2020-07-17,1,18.0
55079170200,55079012400,-87.87263683893734,42.92275381108851,-87.97680856828566,43.04580144948212,2020-07-17,1,18.0
55079170200,55079021700,-87.87263683893734,42.92275381108851,-87.91312462574102,42.94052513723052,2020-07-17,6,112.0
55079170200,55079120501,-87.87263683893734,42.92275381108851,-87.96680035551529,42.94072396992586,2020-07-17,2,37.0
55079170200,55079090200,-87.87263683893734,42.92275381108851,-88.05200796218348,43.081902180003375,2020-07-17,1,18.0
55079170200,55079120203,-87.87263683893734,42.92275381108851,-88.00776394431053,42.95694649923871,2020-07-17,5,93.0
55079170200,55079170500,-87.87263683893734,42.92275381108851,-87.85764758199707,42.897602993060175,2020-07-17,2,37.0
55079170200,55079160300,-87.87263683893734,42.92275381108851,-87.8893867076047,42.856940087232964,2020-07-17,6,112.0
55079170200,55079019400,-87.87263683893734,42.92275381108851,-88.02755647500341,42.984577749923744,2020-07-17,1,18.0
55079170200,55079000501,-87.87263683893734,42.92275381108851,-88.04340002069712,43.115390222488664,2020-07-17,1,18.0
55079170200,55079003500,-87.87263683893734,42.92275381108851,-87.99830093777771,43.09359369867719,2020-07-17,1,18.0
55079170200,55079004800,-87.87263683893734,42.92275381108851,-87.96231596301399,43.077035360461494,2020-07-17,1,18.0
55079170200,55079021400,-87.87263683893734,42.92275381108851,-87.93891709359613,42.96295890378409,2020-07-17,3,56.0
55079170200,55079120502,-87.87263683893734,42.92275381108851,-87.96510992081555,42.95304728304586,2020-07-17,1,18.0
55079170200,55079187400,-87.87263683893734,42.92275381108851,-87.90767949876499,43.03217517915639,2020-07-17,1,18.0
55079170200,55079180500,-87.87263683893734,42.92275381108851,-87.87471526249948,42.93725893299447,2020-07-17,9,168.0
55079170200,55079130200,-87.87263683893734,42.92275381108851,-88.05891051157585,42.93732261654573,2020-07-17,1,18.0
55079170200,55079000400,-87.87263683893734,42.92275381108851,-88.05554472050937,43.110954423820296,2020-07-17,2,37.0
55079170200,55079006200,-87.87263683893734,42.92275381108851,-87.96097127315564,43.067902782244275,2020-07-17,1,18.0
55079170200,55079160204,-87.87263683893734,42.92275381108851,-87.9317944903397,42.879700165258704,2020-07-17,7,131.0
55079170200,55079187200,-87.87263683893734,42.92275381108851,-88.00769048889484,42.863813659193866,2020-07-17,3,56.0
55079170200,55079160203,-87.87263683893734,42.92275381108851,-87.91638950191752,42.89402789790319,2020-07-17,13,243.0
55079170200,55079170200,-87.87263683893734,42.92275381108851,-87.87263683893734,42.92275381108851,2020-07-17,180,3377.0
55079170200,55079091200,-87.87263683893734,42.92275381108851,-88.00388284004167,43.0467075980639,2020-07-17,1,18.0
55079170200,55079020100,-87.87263683893734,42.92275381108851,-87.94099671150566,42.988482506396224,2020-07-17,1,18.0
55079170200,55079160202,-87.87263683893734,42.92275381108851,-87.87217546542965,42.881379330302295,2020-07-17,5,93.0
55079170200,55079180400,-87.87263683893734,42.92275381108851,-87.85633588550823,42.93709205888796,2020-07-17,14,262.0
55079170200,55079001400,-87.87263683893734,42.92275381108851,-88.01656972395298,43.130900969315825,2020-07-17,2,37.0
55079170200,55079007000,-87.87263683893734,42.92275381108851,-87.91122456687498,43.07424564740019,2020-07-17,2,37.0
55079170200,55079101100,-87.87263683893734,42.92275381108851,-88.04276904850849,42.99420752845147,2020-07-17,2,37.0
55079170200,55079140100,-87.87263683893734,42.92275381108851,-88.0188613886232,42.93745223479677,2020-07-17,1,18.0
55079170200,55079140201,-87.87263683893734,42.92275381108851,-87.99911426080601,42.93902100763907,2020-07-17,1,18.0
55079170200,55079140202,-87.87263683893734,42.92275381108851,-87.981557716435,42.93443757238657,2020-07-17,1,18.0
55079170200,55079180100,-87.87263683893734,42.92275381108851,-87.84722355247969,42.95102171952154,2020-07-17,2,37.0
55079170200,55079120101,-87.87263683893734,42.92275381108851,-88.04814010007517,42.95916305909443,2020-07-17,2,37.0
55079170200,55079014400,-87.87263683893734,42.92275381108851,-87.90784049253895,43.042413401572134,2020-07-17,3,56.0
55079170200,55079170700,-87.87263683893734,42.92275381108851,-87.84797376219025,42.90256149755693,2020-07-17,5,93.0
55079170200,55079150100,-87.87263683893734,42.92275381108851,-87.97759713310646,42.91424119290261,2020-07-17,9,168.0
55079170200,55079021600,-87.87263683893734,42.92275381108851,-87.92488475274558,42.952251222261935,2020-07-17,10,187.0
55079170200,55079001800,-87.87263683893734,42.92275381108851,-87.99853790291819,43.115847306484916,2020-07-17,1,18.0
55079170200,55079130100,-87.87263683893734,42.92275381108851,-88.04407902007586,42.942752065148895,2020-07-17,4,75.0
55079170200,55079014100,-87.87263683893734,42.92275381108851,-87.92097269793881,43.04863570292668,2020-07-17,1,18.0
55079170200,55079101800,-87.87263683893734,42.92275381108851,-88.00969812606968,42.99373426381014,2020-07-17,1,18.0
55079170200,55079150301,-87.87263683893734,42.92275381108851,-88.05345903025625,42.89781994777656,2020-07-17,1,18.0
55079170200,55079180300,-87.87263683893734,42.92275381108851,-87.87005593266791,42.951885652862586,2020-07-17,11,206.0
55079170200,55079015800,-87.87263683893734,42.92275381108851,-87.93761636287321,43.021659379009066,2020-07-17,1,18.0
55079170200,55079185100,-87.87263683893734,42.92275381108851,-87.86132764015301,42.9760744263621,2020-07-17,1,18.0
55079170200,55079006300,-87.87263683893734,42.92275381108851,-87.95229119818997,43.07635281761954,2020-07-17,1,18.0
55079170200,55079016300,-87.87263683893734,42.92275381108851,-87.93764055272034,43.01572710315665,2020-07-17,1,18.0
55079170200,55079101700,-87.87263683893734,42.92275381108851,-88.00697190300957,43.00173437379505,2020-07-17,1,18.0
55079170200,55079017500,-87.87263683893734,42.92275381108851,-87.92965116916102,43.00287441605045,2020-07-17,1,18.0
55079170200,55079000900,-87.87263683893734,42.92275381108851,-87.95566887882444,43.14970170326806,2020-07-17,1,18.0
55079170200,55079020900,-87.87263683893734,42.92275381108851,-87.90186271433869,42.97013349358029,2020-07-17,1,18.0
55079170200,55079016700,-87.87263683893734,42.92275381108851,-87.92209519609614,43.010301162214034,2020-07-17,2,37.0
55079170200,55079186600,-87.87263683893734,42.92275381108851,-87.91355022125023,43.001384465822476,2020-07-17,2,37.0
55079170200,55079120202,-87.87263683893734,42.92275381108851,-87.99868084532402,42.965848843600455,2020-07-17,1,18.0
55079170200,55079021500,-87.87263683893734,42.92275381108851,-87.94398245259515,42.952098604888974,2020-07-17,1,18.0
55079170200,55079020200,-87.87263683893734,42.92275381108851,-87.94112496275925,42.977527635995024,2020-07-17,1,18.0
55079170200,55079012700,-87.87263683893734,42.92275381108851,-88.0122777504643,43.029662330242175,2020-07-17,1,18.0
55079170200,55079019700,-87.87263683893734,42.92275381108851,-88.00741820523533,42.97570820507905,2020-07-17,1,18.0
55079170200,55079002600,-87.87263683893734,42.92275381108851,-87.96192834607115,43.10067420371696,2020-07-17,1,18.0
55079170200,55079009000,-87.87263683893734,42.92275381108851,-87.9610837883489,43.060355868415826,2020-07-17,2,37.0
55079170200,55079009100,-87.87263683893734,42.92275381108851,-87.96852806703085,43.060675408064526,2020-07-17,1,18.0
55079170200,55079003700,-87.87263683893734,42.92275381108851,-87.98336380852676,43.08546039091554,2020-07-17,1,18.0
55079170200,55079018300,-87.87263683893734,42.92275381108851,-87.89285805580873,42.991354183119796,2020-07-17,1,18.0
55079170200,55079180200,-87.87263683893734,42.92275381108851,-87.85506992096182,42.95465467367753,2020-07-17,1,18.0
55079170200,55079186400,-87.87263683893734,42.92275381108851,-87.93038892981184,43.03695266796131,2020-07-17,1,18.0
55079170200,55079170100,-87.87263683893734,42.92275381108851,-87.84892368656588,42.919583500675934,2020-07-17,18,337.0
55079170200,55079013400,-87.87263683893734,42.92275381108851,-87.95356038604784,43.03496530197635,2020-07-17,1,18.0
55079170200,55079100300,-87.87263683893734,42.92275381108851,-88.00316709835943,43.017354422985534,2020-07-17,1,18.0
55079170200,55079170600,-87.87263683893734,42.92275381108851,-87.86320935056827,42.907724102777856,2020-07-17,12,225.0
55079170200,55079185200,-87.87263683893734,42.92275381108851,-87.88193798921913,42.967674094622936,2020-07-17,3,56.0
55079170200,55079004900,-87.87263683893734,42.92275381108851,-87.97231517837423,43.077061406485264,2020-07-17,1,18.0
55079170200,55079170300,-87.87263683893734,42.92275381108851,-87.87538996197884,42.9095536521384,2020-07-17,6,112.0
55079170200,55079012900,-87.87263683893734,42.92275381108851,-87.99989477924994,43.028140622580246,2020-07-17,1,18.0
55079170200,55079170400,-87.87263683893734,42.92275381108851,-87.8734267877277,42.89848248246609,2020-07-17,1,18.0
55079170200,55079006900,-87.87263683893734,42.92275381108851,-87.91078185483303,43.07979537793229,2020-07-17,1,18.0
55079170200,55079013500,-87.87263683893734,42.92275381108851,-87.9526122313311,43.040147622140005,2020-07-17,1,18.0
55079002300,55079002100,-87.93621856893152,43.105985427841645,-87.95315716160212,43.115529640428136,2020-07-17,5,115.0
55079002300,55079002400,-87.93621856893152,43.105985427841645,-87.95188617843814,43.106404380820805,2020-07-17,8,184.0
55079002300,55079004300,-87.93621856893152,43.105985427841645,-87.93220867621264,43.094799127568905,2020-07-17,15,345.0
55079002300,55079060200,-87.93621856893152,43.105985427841645,-87.9245165328896,43.11556508690733,2020-07-17,17,391.0
55079002300,55079004400,-87.93621856893152,43.105985427841645,-87.90608569163814,43.089298213737145,2020-07-17,10,230.0
55079002300,55079004500,-87.93621856893152,43.105985427841645,-87.92226909278084,43.08550885272536,2020-07-17,3,69.0
55079002300,55079000101,-87.93621856893152,43.105985427841645,-88.00922083481396,43.18510784936368,2020-07-17,1,23.0
55079002300,55079000102,-87.93621856893152,43.105985427841645,-88.01167859828367,43.164645145767146,2020-07-17,5,115.0
55079002300,55079000202,-87.93621856893152,43.105985427841645,-88.04132965001602,43.160382512849615,2020-07-17,1,23.0
55079002300,55079002300,-87.93621856893152,43.105985427841645,-87.93621856893152,43.105985427841645,2020-07-17,160,3683.0
55079002300,55079011200,-87.93621856893152,43.105985427841645,-87.89756439120579,43.055476240018415,2020-07-17,1,23.0
55079002300,55079110100,-87.93621856893152,43.105985427841645,-87.9710022364233,43.012448953036525,2020-07-17,3,69.0
55079002300,55079101000,-87.93621856893152,43.105985427841645,-88.05764456171738,42.99173938525954,2020-07-17,3,69.0
55079002300,55079000600,-87.93621856893152,43.105985427841645,-88.00190569680801,43.14010292722225,2020-07-17,1,23.0
55079002300,55079050101,-87.93621856893152,43.105985427841645,-87.98494662348081,43.17683059907653,2020-07-17,1,23.0
55079002300,55079090300,-87.93621856893152,43.105985427841645,-88.0515779905257,43.06739040507833,2020-07-17,3,69.0
55079002300,55079186300,-87.93621856893152,43.105985427841645,-87.91799927397663,43.040616743150025,2020-07-17,3,69.0
55079002300,55079012400,-87.93621856893152,43.105985427841645,-87.97680856828566,43.04580144948212,2020-07-17,1,23.0
55079002300,55079021700,-87.93621856893152,43.105985427841645,-87.91312462574102,42.94052513723052,2020-07-17,1,23.0
55079002300,55079070300,-87.93621856893152,43.105985427841645,-87.90380003116019,43.10631443965618,2020-07-17,2,46.0
55079002300,55079090200,-87.93621856893152,43.105985427841645,-88.05200796218348,43.081902180003375,2020-07-17,5,115.0
55079002300,55079120400,-87.93621856893152,43.105985427841645,-87.96548496050795,42.96670427425607,2020-07-17,1,23.0
55079002300,55079120203,-87.93621856893152,43.105985427841645,-88.00776394431053,42.95694649923871,2020-07-17,1,23.0
55079002300,55079000501,-87.93621856893152,43.105985427841645,-88.04340002069712,43.115390222488664,2020-07-17,6,138.0
55079002300,55079001200,-87.93621856893152,43.105985427841645,-87.98620080987179,43.12617611256525,2020-07-17,1,23.0
55079002300,55079003500,-87.93621856893152,43.105985427841645,-87.99830093777771,43.09359369867719,2020-07-17,4,92.0
55079002300,55079004800,-87.93621856893152,43.105985427841645,-87.96231596301399,43.077035360461494,2020-07-17,1,23.0
55079002300,55079186000,-87.93621856893152,43.105985427841645,-87.92039854147795,43.053956957431964,2020-07-17,1,23.0
55079002300,55079005300,-87.93621856893152,43.105985427841645,-88.01242727702714,43.07892288175221,2020-07-17,1,23.0
55079002300,55079021400,-87.93621856893152,43.105985427841645,-87.93891709359613,42.96295890378409,2020-07-17,1,23.0
55079002300,55079060101,-87.93621856893152,43.105985427841645,-87.92535691568614,43.13950788268824,2020-07-17,2,46.0
55079002300,55079000302,-87.93621856893152,43.105985427841645,-88.04649688617519,43.13922972061493,2020-07-17,1,23.0
55079002300,55079090600,-87.93621856893152,43.105985427841645,-88.05435154566402,43.03795832032663,2020-07-17,3,69.0
55079002300,55079185300,-87.93621856893152,43.105985427841645,-88.04265402690729,43.049880154873065,2020-07-17,2,46.0
55079002300,55079187400,-87.93621856893152,43.105985427841645,-87.90767949876499,43.03217517915639,2020-07-17,3,69.0
55079002300,55079000800,-87.93621856893152,43.105985427841645,-87.97372753660457,43.14064967469203,2020-07-17,2,46.0
55079002300,55079004000,-87.93621856893152,43.105985427841645,-87.97205846198321,43.09342306765945,2020-07-17,1,23.0
55079002300,55079004600,-87.93621856893152,43.105985427841645,-87.9321086251029,43.08569057130924,2020-07-17,5,115.0
55079002300,55079006200,-87.93621856893152,43.105985427841645,-87.96097127315564,43.067902782244275,2020-07-17,1,23.0
55079002300,55079186800,-87.93621856893152,43.105985427841645,-87.9506670108877,43.02815858561159,2020-07-17,1,23.0
55079002300,55079091200,-87.93621856893152,43.105985427841645,-88.00388284004167,43.0467075980639,2020-07-17,1,23.0
55079002300,55079001400,-87.93621856893152,43.105985427841645,-88.01656972395298,43.130900969315825,2020-07-17,1,23.0
55079002300,55079002800,-87.93621856893152,43.105985427841645,-87.97141961541004,43.10830621321033,2020-07-17,1,23.0
55079002300,55079006800,-87.93621856893152,43.105985427841645,-87.92500216567623,43.079683301494654,2020-07-17,3,69.0
55079002300,55079101100,-87.93621856893152,43.105985427841645,-88.04276904850849,42.99420752845147,2020-07-17,2,46.0
55079002300,55079140202,-87.93621856893152,43.105985427841645,-87.981557716435,42.93443757238657,2020-07-17,1,23.0
55079002300,55079186500,-87.93621856893152,43.105985427841645,-87.9130303085029,43.02319729476483,2020-07-17,4,92.0
55079002300,55079016800,-87.93621856893152,43.105985427841645,-87.92935001478907,43.01036042537408,2020-07-17,1,23.0
55079002300,55079120101,-87.93621856893152,43.105985427841645,-88.04814010007517,42.95916305909443,2020-07-17,1,23.0
55079002300,55079008500,-87.93621856893152,43.105985427841645,-87.9298714910033,43.06776123229879,2020-07-17,2,46.0
55079002300,55079070100,-87.93621856893152,43.105985427841645,-87.9076583493148,43.12063010988105,2020-07-17,2,46.0
55079002300,55079007700,-87.93621856893152,43.105985427841645,-87.88849935823362,43.06389053422122,2020-07-17,1,23.0
55079002300,55079003600,-87.93621856893152,43.105985427841645,-87.98321131530031,43.092736225323044,2020-07-17,1,23.0
55079002300,55079003800,-87.93621856893152,43.105985427841645,-87.97215356169055,43.086187842345545,2020-07-17,1,23.0
55079002300,55079001800,-87.93621856893152,43.105985427841645,-87.99853790291819,43.115847306484916,2020-07-17,1,23.0
55079002300,55079003400,-87.93621856893152,43.105985427841645,-88.02444287795417,43.0934576342605,2020-07-17,1,23.0
55079002300,55079005800,-87.93621856893152,43.105985427841645,-87.99994620357029,43.072303413103626,2020-07-17,1,23.0
55079002300,55079035200,-87.93621856893152,43.105985427841645,-87.9070718018067,43.16012040860922,2020-07-17,3,69.0
55079002300,55079002900,-87.93621856893152,43.105985427841645,-87.98131890013833,43.108341188298006,2020-07-17,1,23.0
55079002300,55079101800,-87.93621856893152,43.105985427841645,-88.00969812606968,42.99373426381014,2020-07-17,1,23.0
55079002300,55079120201,-87.93621856893152,43.105985427841645,-88.01868214174351,42.96737507435749,2020-07-17,1,23.0
55079002300,55079050102,-87.93621856893152,43.105985427841645,-87.96743569232115,43.172443064752215,2020-07-17,5,115.0
55079002300,55079006300,-87.93621856893152,43.105985427841645,-87.95229119818997,43.07635281761954,2020-07-17,2,46.0
55079002300,55079007300,-87.93621856893152,43.105985427841645,-87.88807891595606,43.0779148594549,2020-07-17,1,23.0
55079002300,55079185700,-87.93621856893152,43.105985427841645,-87.91471207902771,43.06752585199898,2020-07-17,2,46.0
55079002300,55079000700,-87.93621856893152,43.105985427841645,-87.99009583376943,43.15588909293765,2020-07-17,2,46.0
55079002300,55079010700,-87.93621856893152,43.105985427841645,-87.90095083433016,43.0597678010215,2020-07-17,1,23.0
55079002300,55079100200,-87.93621856893152,43.105985427841645,-87.99137992566246,43.01460892403096,2020-07-17,1,23.0
55079002300,55079017500,-87.93621856893152,43.105985427841645,-87.92965116916102,43.00287441605045,2020-07-17,1,23.0
55079002300,55079003100,-87.93621856893152,43.105985427841645,-87.98607018194353,43.10091760946077,2020-07-17,3,69.0
55079002300,55079005200,-87.93621856893152,43.105985427841645,-88.0124256780363,43.086227920709504,2020-07-17,1,23.0
55079002300,55079006600,-87.93621856893152,43.105985427841645,-87.93135214789555,43.075399167305534,2020-07-17,2,46.0
55079002300,55079007600,-87.93621856893152,43.105985427841645,-87.87859580944733,43.06399812725538,2020-07-17,1,23.0
55079002300,55079009800,-87.93621856893152,43.105985427841645,-87.95409571434068,43.059778012269526,2020-07-17,2,46.0
55079002300,55079000900,-87.93621856893152,43.105985427841645,-87.95566887882444,43.14970170326806,2020-07-17,4,92.0
55079002300,55079001300,-87.93621856893152,43.105985427841645,-87.99843350448002,43.126783535933505,2020-07-17,1,23.0
55079002300,55079001700,-87.93621856893152,43.105985427841645,-88.01621221830194,43.10855887721336,2020-07-17,2,46.0
55079002300,55079004200,-87.93621856893152,43.105985427841645,-87.94544782159862,43.09516547779425,2020-07-17,1,23.0
55079002300,55079011000,-87.93621856893152,43.105985427841645,-87.89727240641399,43.050053518943756,2020-07-17,1,23.0
55079002300,55079001500,-87.93621856893152,43.105985427841645,-88.01520145334699,43.123754077777434,2020-07-17,1,23.0
55079002300,55079002000,-87.93621856893152,43.105985427841645,-87.96815137233186,43.115621500302275,2020-07-17,1,23.0
55079002300,55079003900,-87.93621856893152,43.105985427841645,-87.96215160813261,43.086172227530916,2020-07-17,2,46.0
55079002300,55079000201,-87.93621856893152,43.105985427841645,-88.0472441211064,43.1799495757708,2020-07-17,3,69.0
55079002300,55079004700,-87.93621856893152,43.105985427841645,-87.94760565609727,43.08576787197636,2020-07-17,2,46.0
55079002300,55079010600,-87.93621856893152,43.105985427841645,-87.90749884397533,43.060136167504425,2020-07-17,1,23.0
55079002300,55079013700,-87.93621856893152,43.105985427841645,-87.94529508707278,43.04229912697773,2020-07-17,1,23.0
55079002300,55079001900,-87.93621856893152,43.105985427841645,-87.98367415791445,43.115686316787006,2020-07-17,7,161.0
55079002300,55079003700,-87.93621856893152,43.105985427841645,-87.98336380852676,43.08546039091554,2020-07-17,1,23.0
55079002300,55079001100,-87.93621856893152,43.105985427841645,-87.96901390366762,43.127689901740844,2020-07-17,3,69.0
55079002300,55079008900,-87.93621856893152,43.105985427841645,-87.95337828163817,43.06706338271535,2020-07-17,1,23.0
55079002300,55079004100,-87.93621856893152,43.105985427841645,-87.95681147526382,43.0940907627305,2020-07-17,2,46.0
55079002300,55079013400,-87.93621856893152,43.105985427841645,-87.95356038604784,43.03496530197635,2020-07-17,1,23.0
55079002300,55079185800,-87.93621856893152,43.105985427841645,-87.94265216254213,43.0538687550207,2020-07-17,1,23.0
55079002300,55079185600,-87.93621856893152,43.105985427841645,-87.91469071944607,43.06026722158336,2020-07-17,1,23.0
55079002300,55079005100,-87.93621856893152,43.105985427841645,-87.99757698420609,43.08261869423604,2020-07-17,2,46.0
55079002300,55079014800,-87.93621856893152,43.105985427841645,-87.9402035907502,43.042125624825495,2020-07-17,1,23.0
55079002300,55079060102,-87.93621856893152,43.105985427841645,-87.93974960524739,43.148654535590595,2020-07-17,1,23.0
55079002300,55079004900,-87.93621856893152,43.105985427841645,-87.97231517837423,43.077061406485264,2020-07-17,4,92.0
55079002300,55079000301,-87.93621856893152,43.105985427841645,-88.06021668804352,43.1363311013577,2020-07-17,1,23.0
55079002300,55079186100,-87.93621856893152,43.105985427841645,-87.94279275484007,43.048652729679134,2020-07-17,1,23.0
55079002300,55079012200,-87.93621856893152,43.105985427841645,-87.95271101560115,43.04866661559741,2020-07-17,1,23.0
55079002300,55079002500,-87.93621856893152,43.105985427841645,-87.96218045466739,43.10795733493045,2020-07-17,1,23.0
55079002300,55079006100,-87.93621856893152,43.105985427841645,-87.96847508739953,43.06791249267312,2020-07-17,1,23.0
55079002300,55079001000,-87.93621856893152,43.105985427841645,-87.95348314468296,43.12464896388482,2020-07-17,4,92.0
55079002300,55079002200,-87.93621856893152,43.105985427841645,-87.9335870089048,43.11469059411332,2020-07-17,4,92.0
55079002300,55079009900,-87.93621856893152,43.105985427841645,-87.94630275235495,43.060274421469344,2020-07-17,1,23.0
55079002300,55079003000,-87.93621856893152,43.105985427841645,-87.99619059962126,43.10851035065769,2020-07-17,5,115.0
55079002300,55079006500,-87.93621856893152,43.105985427841645,-87.94229465456391,43.0797331466399,2020-07-17,1,23.0
55079002300,55079185400,-87.93621856893152,43.105985427841645,-87.93768935592728,43.06023552955454,2020-07-17,1,23.0
55079002300,55079008800,-87.93621856893152,43.105985427841645,-87.94617084834631,43.06788862375971,2020-07-17,2,46.0
55079002300,55079009700,-87.93621856893152,43.105985427841645,-87.95262115062044,43.05393954073114,2020-07-17,1,23.0
55079002300,55079006700,-87.93621856893152,43.105985427841645,-87.92040407919447,43.07437828581977,2020-07-17,1,23.0
55079002300,55079008700,-87.93621856893152,43.105985427841645,-87.93997122125838,43.06781436915486,2020-07-17,1,23.0
55079004300,55079002100,-87.93220867621264,43.094799127568905,-87.95315716160212,43.115529640428136,2020-07-17,1,18.0
55079004300,55079002400,-87.93220867621264,43.094799127568905,-87.95188617843814,43.106404380820805,2020-07-17,5,93.0
55079004300,55079004300,-87.93220867621264,43.094799127568905,-87.93220867621264,43.094799127568905,2020-07-17,211,3933.0
55079004300,55079060200,-87.93220867621264,43.094799127568905,-87.9245165328896,43.11556508690733,2020-07-17,8,149.0
55079004300,55079004400,-87.93220867621264,43.094799127568905,-87.90608569163814,43.089298213737145,2020-07-17,16,298.0
55079004300,55079004500,-87.93220867621264,43.094799127568905,-87.92226909278084,43.08550885272536,2020-07-17,2,37.0
55079004300,55079015700,-87.93220867621264,43.094799127568905,-87.92777138656925,43.021663598322064,2020-07-17,1,18.0
55079004300,55079000101,-87.93220867621264,43.094799127568905,-88.00922083481396,43.18510784936368,2020-07-17,3,55.0
55079004300,55079000102,-87.93220867621264,43.094799127568905,-88.01167859828367,43.164645145767146,2020-07-17,7,130.0
55079004300,55079000202,-87.93220867621264,43.094799127568905,-88.04132965001602,43.160382512849615,2020-07-17,2,37.0
55079004300,55079002300,-87.93220867621264,43.094799127568905,-87.93621856893152,43.105985427841645,2020-07-17,6,111.0
55079004300,55079011400,-87.93220867621264,43.094799127568905,-87.9106574898586,43.05269479350376,2020-07-17,1,18.0
55079004300,55079110100,-87.93220867621264,43.094799127568905,-87.9710022364233,43.012448953036525,2020-07-17,3,55.0
55079004300,55079101000,-87.93220867621264,43.094799127568905,-88.05764456171738,42.99173938525954,2020-07-17,1,18.0
55079004300,55079000600,-87.93220867621264,43.094799127568905,-88.00190569680801,43.14010292722225,2020-07-17,4,74.0
55079004300,55079050101,-87.93220867621264,43.094799127568905,-87.98494662348081,43.17683059907653,2020-07-17,2,37.0
55079004300,55079090300,-87.93220867621264,43.094799127568905,-88.0515779905257,43.06739040507833,2020-07-17,6,111.0
55079004300,55079186300,-87.93220867621264,43.094799127568905,-87.91799927397663,43.040616743150025,2020-07-17,2,37.0
55079004300,55079090200,-87.93220867621264,43.094799127568905,-88.05200796218348,43.081902180003375,2020-07-17,4,74.0
55079004300,55079120400,-87.93220867621264,43.094799127568905,-87.96548496050795,42.96670427425607,2020-07-17,1,18.0
55079004300,55079120203,-87.93220867621264,43.094799127568905,-88.00776394431053,42.95694649923871,2020-07-17,2,37.0
55079004300,55079160300,-87.93220867621264,43.094799127568905,-87.8893867076047,42.856940087232964,2020-07-17,1,18.0
55079004300,55079019400,-87.93220867621264,43.094799127568905,-88.02755647500341,42.984577749923744,2020-07-17,2,37.0
55079004300,55079000501,-87.93220867621264,43.094799127568905,-88.04340002069712,43.115390222488664,2020-07-17,4,74.0
55079004300,55079001200,-87.93220867621264,43.094799127568905,-87.98620080987179,43.12617611256525,2020-07-17,2,37.0
55079004300,55079002700,-87.93220867621264,43.094799127568905,-87.97176690626681,43.100825271475365,2020-07-17,3,55.0
55079004300,55079003500,-87.93220867621264,43.094799127568905,-87.99830093777771,43.09359369867719,2020-07-17,4,74.0
55079004300,55079004800,-87.93220867621264,43.094799127568905,-87.96231596301399,43.077035360461494,2020-07-17,2,37.0
55079004300,55079185900,-87.93220867621264,43.094799127568905,-87.93229166080955,43.05383765471328,2020-07-17,1,18.0
55079004300,55079186000,-87.93220867621264,43.094799127568905,-87.92039854147795,43.053956957431964,2020-07-17,1,18.0
55079004300,55079003200,-87.93220867621264,43.094799127568905,-88.00111189801154,43.10115852758208,2020-07-17,2,37.0
55079004300,55079005300,-87.93220867621264,43.094799127568905,-88.01242727702714,43.07892288175221,2020-07-17,1,18.0
55079004300,55079060101,-87.93220867621264,43.094799127568905,-87.92535691568614,43.13950788268824,2020-07-17,3,55.0
55079004300,55079185500,-87.93220867621264,43.094799127568905,-87.92624880733425,43.0601763240656,2020-07-17,2,37.0
55079004300,55079090600,-87.93220867621264,43.094799127568905,-88.05435154566402,43.03795832032663,2020-07-17,1,18.0
55079004300,55079185300,-87.93220867621264,43.094799127568905,-88.04265402690729,43.049880154873065,2020-07-17,4,74.0
55079004300,55079120502,-87.93220867621264,43.094799127568905,-87.96510992081555,42.95304728304586,2020-07-17,1,18.0
55079004300,55079187400,-87.93220867621264,43.094799127568905,-87.90767949876499,43.03217517915639,2020-07-17,3,55.0
55079004300,55079000800,-87.93220867621264,43.094799127568905,-87.97372753660457,43.14064967469203,2020-07-17,7,130.0
55079004300,55079004000,-87.93220867621264,43.094799127568905,-87.97205846198321,43.09342306765945,2020-07-17,1,18.0
55079004300,55079004600,-87.93220867621264,43.094799127568905,-87.9321086251029,43.08569057130924,2020-07-17,3,55.0
55079004300,55079005400,-87.93220867621264,43.094799127568905,-88.02259608100492,43.0824437803151,2020-07-17,1,18.0
55079004300,55079000502,-87.93220867621264,43.094799127568905,-88.03128731150349,43.12480634966938,2020-07-17,1,18.0
55079004300,55079006200,-87.93220867621264,43.094799127568905,-87.96097127315564,43.067902782244275,2020-07-17,2,37.0
55079004300,55079186800,-87.93220867621264,43.094799127568905,-87.9506670108877,43.02815858561159,2020-07-17,1,18.0
55079004300,55079006000,-87.93220867621264,43.094799127568905,-87.97554005335066,43.067947929210746,2020-07-17,2,37.0
55079004300,55079091200,-87.93220867621264,43.094799127568905,-88.00388284004167,43.0467075980639,2020-07-17,2,37.0
55079004300,55079005000,-87.93220867621264,43.094799127568905,-87.98327608357046,43.07665137069942,2020-07-17,1,18.0
55079004300,55079001400,-87.93220867621264,43.094799127568905,-88.01656972395298,43.130900969315825,2020-07-17,2,37.0
55079004300,55079006800,-87.93220867621264,43.094799127568905,-87.92500216567623,43.079683301494654,2020-07-17,2,37.0
55079004300,55079014600,-87.93220867621264,43.094799127568905,-87.93032605572249,43.04237842637439,2020-07-17,2,37.0
55079004300,55079100900,-87.93220867621264,43.094799127568905,-88.05216898532913,43.00959788353506,2020-07-17,1,18.0
55079004300,55079007000,-87.93220867621264,43.094799127568905,-87.91122456687498,43.07424564740019,2020-07-17,1,18.0
55079004300,55079101100,-87.93220867621264,43.094799127568905,-88.04276904850849,42.99420752845147,2020-07-17,1,18.0
55079004300,55079013600,-87.93220867621264,43.094799127568905,-87.9527511611333,43.04369545920421,2020-07-17,1,18.0
55079004300,55079140100,-87.93220867621264,43.094799127568905,-88.0188613886232,42.93745223479677,2020-07-17,1,18.0
55079004300,55079007700,-87.93220867621264,43.094799127568905,-87.88849935823362,43.06389053422122,2020-07-17,2,37.0
55079004300,55079003600,-87.93220867621264,43.094799127568905,-87.98321131530031,43.092736225323044,2020-07-17,4,74.0
55079004300,55079003800,-87.93220867621264,43.094799127568905,-87.97215356169055,43.086187842345545,2020-07-17,3,55.0
55079004300,55079014400,-87.93220867621264,43.094799127568905,-87.90784049253895,43.042413401572134,2020-07-17,3,55.0
55079004300,55079018000,-87.93220867621264,43.094799127568905,-87.8945288084346,43.01098558683315,2020-07-17,1,18.0
55079004300,55079150100,-87.93220867621264,43.094799127568905,-87.97759713310646,42.91424119290261,2020-07-17,1,18.0
55079004300,55079001800,-87.93220867621264,43.094799127568905,-87.99853790291819,43.115847306484916,2020-07-17,1,18.0
55079004300,55079003400,-87.93220867621264,43.094799127568905,-88.02444287795417,43.0934576342605,2020-07-17,3,55.0
55079004300,55079005800,-87.93220867621264,43.094799127568905,-87.99994620357029,43.072303413103626,2020-07-17,1,18.0
55079004300,55079035200,-87.93220867621264,43.094799127568905,-87.9070718018067,43.16012040860922,2020-07-17,2,37.0
55079004300,55079016600,-87.93220867621264,43.094799127568905,-87.9139279223807,43.010028166006215,2020-07-17,1,18.0
55079004300,55079002900,-87.93220867621264,43.094799127568905,-87.98131890013833,43.108341188298006,2020-07-17,2,37.0
55079004300,55079009400,-87.93220867621264,43.094799127568905,-87.98309572088205,43.053347935581954,2020-07-17,1,18.0
55079004300,55079100800,-87.93220867621264,43.094799127568905,-88.05710943935104,43.023654444193184,2020-07-17,1,18.0
55079004300,55079050102,-87.93220867621264,43.094799127568905,-87.96743569232115,43.172443064752215,2020-07-17,4,74.0
55079004300,55079015800,-87.93220867621264,43.094799127568905,-87.93761636287321,43.021659379009066,2020-07-17,1,18.0
55079004300,55079185100,-87.93220867621264,43.094799127568905,-87.86132764015301,42.9760744263621,2020-07-17,1,18.0
55079004300,55079007300,-87.93220867621264,43.094799127568905,-87.88807891595606,43.0779148594549,2020-07-17,1,18.0
55079004300,55079080200,-87.93220867621264,43.094799127568905,-87.8877423232882,43.0942616397457,2020-07-17,1,18.0
55079004300,55079185700,-87.93220867621264,43.094799127568905,-87.91471207902771,43.06752585199898,2020-07-17,1,18.0
55079004300,55079100200,-87.93220867621264,43.094799127568905,-87.99137992566246,43.01460892403096,2020-07-17,1,18.0
55079004300,55079017500,-87.93220867621264,43.094799127568905,-87.92965116916102,43.00287441605045,2020-07-17,1,18.0
55079004300,55079003100,-87.93220867621264,43.094799127568905,-87.98607018194353,43.10091760946077,2020-07-17,1,18.0
55079004300,55079005200,-87.93220867621264,43.094799127568905,-88.0124256780363,43.086227920709504,2020-07-17,1,18.0
55079004300,55079005900,-87.93220867621264,43.094799127568905,-87.98523579862835,43.06821108392844,2020-07-17,1,18.0
55079004300,55079006600,-87.93220867621264,43.094799127568905,-87.93135214789555,43.075399167305534,2020-07-17,2,37.0
55079004300,55079007600,-87.93220867621264,43.094799127568905,-87.87859580944733,43.06399812725538,2020-07-17,1,18.0
55079004300,55079000900,-87.93220867621264,43.094799127568905,-87.95566887882444,43.14970170326806,2020-07-17,2,37.0
55079004300,55079001700,-87.93220867621264,43.094799127568905,-88.01621221830194,43.10855887721336,2020-07-17,4,74.0
55079004300,55079004200,-87.93220867621264,43.094799127568905,-87.94544782159862,43.09516547779425,2020-07-17,8,149.0
55079004300,55079186600,-87.93220867621264,43.094799127568905,-87.91355022125023,43.001384465822476,2020-07-17,1,18.0
55079004300,55079012300,-87.93220867621264,43.094799127568905,-87.96196748080853,43.043599093031496,2020-07-17,1,18.0
55079004300,55079002000,-87.93220867621264,43.094799127568905,-87.96815137233186,43.115621500302275,2020-07-17,2,37.0
55079004300,55079003900,-87.93220867621264,43.094799127568905,-87.96215160813261,43.086172227530916,2020-07-17,1,18.0
55079004300,55079000201,-87.93220867621264,43.094799127568905,-88.0472441211064,43.1799495757708,2020-07-17,1,18.0
55079004300,55079004700,-87.93220867621264,43.094799127568905,-87.94760565609727,43.08576787197636,2020-07-17,5,93.0
55079004300,55079002600,-87.93220867621264,43.094799127568905,-87.96192834607115,43.10067420371696,2020-07-17,2,37.0
55079004300,55079009000,-87.93220867621264,43.094799127568905,-87.9610837883489,43.060355868415826,2020-07-17,2,37.0
55079004300,55079009100,-87.93220867621264,43.094799127568905,-87.96852806703085,43.060675408064526,2020-07-17,1,18.0
55079004300,55079013700,-87.93220867621264,43.094799127568905,-87.94529508707278,43.04229912697773,2020-07-17,1,18.0
55079004300,55079000304,-87.93220867621264,43.094799127568905,-88.02644618111368,43.14364069729464,2020-07-17,4,74.0
55079004300,55079001900,-87.93220867621264,43.094799127568905,-87.98367415791445,43.115686316787006,2020-07-17,6,111.0
55079004300,55079003700,-87.93220867621264,43.094799127568905,-87.98336380852676,43.08546039091554,2020-07-17,2,37.0
55079004300,55079001100,-87.93220867621264,43.094799127568905,-87.96901390366762,43.127689901740844,2020-07-17,5,93.0
55079004300,55079016500,-87.93220867621264,43.094799127568905,-87.91153110922029,43.01579142211555,2020-07-17,1,18.0
55079004300,55079009600,-87.93220867621264,43.094799127568905,-87.96486502955395,43.05277336645368,2020-07-17,1,18.0
55079004300,55079004100,-87.93220867621264,43.094799127568905,-87.95681147526382,43.0940907627305,2020-07-17,5,93.0
55079004300,55079185800,-87.93220867621264,43.094799127568905,-87.94265216254213,43.0538687550207,2020-07-17,1,18.0
55079004300,55079185600,-87.93220867621264,43.094799127568905,-87.91469071944607,43.06026722158336,2020-07-17,2,37.0
55079004300,55079005100,-87.93220867621264,43.094799127568905,-87.99757698420609,43.08261869423604,2020-07-17,4,74.0
55079004300,55079014800,-87.93220867621264,43.094799127568905,-87.9402035907502,43.042125624825495,2020-07-17,2,37.0
55079004300,55079060102,-87.93220867621264,43.094799127568905,-87.93974960524739,43.148654535590595,2020-07-17,3,55.0
55079004300,55079004900,-87.93220867621264,43.094799127568905,-87.97231517837423,43.077061406485264,2020-07-17,4,74.0
55079004300,55079009200,-87.93220867621264,43.094799127568905,-87.97560474362125,43.06069020349929,2020-07-17,1,18.0
55079004300,55079186100,-87.93220867621264,43.094799127568905,-87.94279275484007,43.048652729679134,2020-07-17,1,18.0
55079004300,55079006400,-87.93220867621264,43.094799127568905,-87.94234792087695,43.07421796319209,2020-07-17,1,18.0
55079004300,55079012200,-87.93220867621264,43.094799127568905,-87.95271101560115,43.04866661559741,2020-07-17,1,18.0
55079004300,55079013300,-87.93220867621264,43.094799127568905,-87.96206431187025,43.03483590901066,2020-07-17,1,18.0
55079004300,55079002500,-87.93220867621264,43.094799127568905,-87.96218045466739,43.10795733493045,2020-07-17,1,18.0
55079004300,55079001000,-87.93220867621264,43.094799127568905,-87.95348314468296,43.12464896388482,2020-07-17,4,74.0
55079004300,55079008400,-87.93220867621264,43.094799127568905,-87.92332577697063,43.067583013115005,2020-07-17,1,18.0
55079004300,55079002200,-87.93220867621264,43.094799127568905,-87.9335870089048,43.11469059411332,2020-07-17,1,18.0
55079004300,55079008600,-87.93220867621264,43.094799127568905,-87.93517868399437,43.06762170689756,2020-07-17,1,18.0
55079004300,55079185400,-87.93220867621264,43.094799127568905,-87.93768935592728,43.06023552955454,2020-07-17,3,55.0
55079004300,55079015900,-87.93220867621264,43.094799127568905,-87.9473669417017,43.02159668337006,2020-07-17,1,18.0
55079004300,55079006900,-87.93220867621264,43.094799127568905,-87.91078185483303,43.07979537793229,2020-07-17,1,18.0
55079185300,55079002100,-88.04265402690729,43.049880154873065,-87.95315716160212,43.115529640428136,2020-07-17,1,12.0
55079185300,55079060200,-88.04265402690729,43.049880154873065,-87.9245165328896,43.11556508690733,2020-07-17,1,12.0
55079185300,55079004400,-88.04265402690729,43.049880154873065,-87.90608569163814,43.089298213737145,2020-07-17,1,12.0
55079185300,55079100700,-88.04265402690729,43.049880154873065,-88.03788629567484,43.0213025080197,2020-07-17,1,12.0
55079185300,55079091300,-88.04265402690729,43.049880154873065,-88.0097444924032,43.037871666045895,2020-07-17,3,37.0
55079185300,55079010800,-88.04265402690729,43.049880154873065,-87.88986181293924,43.05733829509928,2020-07-17,1,12.0
55079185300,55079011200,-88.04265402690729,43.049880154873065,-87.89756439120579,43.055476240018415,2020-07-17,1,12.0
55079185300,55079110100,-88.04265402690729,43.049880154873065,-87.9710022364233,43.012448953036525,2020-07-17,2,25.0
55079185300,55079101000,-88.04265402690729,43.049880154873065,-88.05764456171738,42.99173938525954,2020-07-17,5,63.0
55079185300,55079160100,-88.04265402690729,43.049880154873065,-87.91471599062149,42.91513941042769,2020-07-17,2,25.0
55079185300,55079090300,-88.04265402690729,43.049880154873065,-88.0515779905257,43.06739040507833,2020-07-17,14,176.0
55079185300,55079186300,-88.04265402690729,43.049880154873065,-87.91799927397663,43.040616743150025,2020-07-17,1,12.0
55079185300,55079012400,-88.04265402690729,43.049880154873065,-87.97680856828566,43.04580144948212,2020-07-17,1,12.0
55079185300,55079021700,-88.04265402690729,43.049880154873065,-87.91312462574102,42.94052513723052,2020-07-17,1,12.0
55079185300,55079090100,-88.04265402690729,43.049880154873065,-88.04837730790923,43.0973204568905,2020-07-17,1,12.0
55079185300,55079090200,-88.04265402690729,43.049880154873065,-88.05200796218348,43.081902180003375,2020-07-17,9,113.0
55079185300,55079090900,-88.04265402690729,43.049880154873065,-88.00270912368009,43.06124682618238,2020-07-17,10,126.0
55079185300,55079120400,-88.04265402690729,43.049880154873065,-87.96548496050795,42.96670427425607,2020-07-17,1,12.0
55079185300,55079120203,-88.04265402690729,43.049880154873065,-88.00776394431053,42.95694649923871,2020-07-17,1,12.0
55079185300,55079017300,-88.04265402690729,43.049880154873065,-87.94877202549131,43.0036525046766,2020-07-17,1,12.0
55079185300,55079004800,-88.04265402690729,43.049880154873065,-87.96231596301399,43.077035360461494,2020-07-17,1,12.0
55079185300,55079186000,-88.04265402690729,43.049880154873065,-87.92039854147795,43.053956957431964,2020-07-17,1,12.0
55079185300,55079185500,-88.04265402690729,43.049880154873065,-87.92624880733425,43.0601763240656,2020-07-17,1,12.0
55079185300,55079090600,-88.04265402690729,43.049880154873065,-88.05435154566402,43.03795832032663,2020-07-17,6,75.0
55079185300,55079185300,-88.04265402690729,43.049880154873065,-88.04265402690729,43.049880154873065,2020-07-17,219,2762.0
55079185300,55079187400,-88.04265402690729,43.049880154873065,-87.90767949876499,43.03217517915639,2020-07-17,2,25.0
55079185300,55079150304,-88.04265402690729,43.049880154873065,-88.02760163837803,42.91519132559998,2020-07-17,1,12.0
55079185300,55079180500,-88.04265402690729,43.049880154873065,-87.87471526249948,42.93725893299447,2020-07-17,1,12.0
55079185300,55079000800,-88.04265402690729,43.049880154873065,-87.97372753660457,43.14064967469203,2020-07-17,1,12.0
55079185300,55079130200,-88.04265402690729,43.049880154873065,-88.05891051157585,42.93732261654573,2020-07-17,1,12.0
55079185300,55079005400,-88.04265402690729,43.049880154873065,-88.02259608100492,43.0824437803151,2020-07-17,1,12.0
55079185300,55079006200,-88.04265402690729,43.049880154873065,-87.96097127315564,43.067902782244275,2020-07-17,1,12.0
55079185300,55079186800,-88.04265402690729,43.049880154873065,-87.9506670108877,43.02815858561159,2020-07-17,4,50.0
55079185300,55079187200,-88.04265402690729,43.049880154873065,-88.00769048889484,42.863813659193866,2020-07-17,1,12.0
55079185300,55079160203,-88.04265402690729,43.049880154873065,-87.91638950191752,42.89402789790319,2020-07-17,1,12.0
55079185300,55079091200,-88.04265402690729,43.049880154873065,-88.00388284004167,43.0467075980639,2020-07-17,5,63.0
55079185300,55079140100,-88.04265402690729,43.049880154873065,-88.0188613886232,42.93745223479677,2020-07-17,1,12.0
55079185300,55079140201,-88.04265402690729,43.049880154873065,-87.99911426080601,42.93902100763907,2020-07-17,1,12.0
55079185300,55079140202,-88.04265402690729,43.049880154873065,-87.981557716435,42.93443757238657,2020-07-17,1,12.0
55079185300,55079017900,-88.04265402690729,43.049880154873065,-87.90503327479618,42.998772533253295,2020-07-17,1,12.0
55079185300,55079180100,-88.04265402690729,43.049880154873065,-87.84722355247969,42.95102171952154,2020-07-17,1,12.0
55079185300,55079120101,-88.04265402690729,43.049880154873065,-88.04814010007517,42.95916305909443,2020-07-17,1,12.0
55079185300,55079091100,-88.04265402690729,43.049880154873065,-88.00381885772617,43.05493775558714,2020-07-17,2,25.0
55079185300,55079007700,-88.04265402690729,43.049880154873065,-87.88849935823362,43.06389053422122,2020-07-17,1,12.0
55079185300,55079014400,-88.04265402690729,43.049880154873065,-87.90784049253895,43.042413401572134,2020-07-17,2,25.0
55079185300,55079100400,-88.04265402690729,43.049880154873065,-88.01166560297426,43.0170103539625,2020-07-17,1,12.0
55079185300,55079018000,-88.04265402690729,43.049880154873065,-87.8945288084346,43.01098558683315,2020-07-17,2,25.0
55079185300,55079130100,-88.04265402690729,43.049880154873065,-88.04407902007586,42.942752065148895,2020-07-17,1,12.0
55079185300,55079019600,-88.04265402690729,43.049880154873065,-88.00769668957767,42.984657216409644,2020-07-17,1,12.0
55079185300,55079150301,-88.04265402690729,43.049880154873065,-88.05345903025625,42.89781994777656,2020-07-17,1,12.0
55079185300,55079100800,-88.04265402690729,43.049880154873065,-88.05710943935104,43.023654444193184,2020-07-17,3,37.0
55079185300,55079180300,-88.04265402690729,43.049880154873065,-87.87005593266791,42.951885652862586,2020-07-17,1,12.0
55079185300,55079000700,-88.04265402690729,43.049880154873065,-87.99009583376943,43.15588909293765,2020-07-17,1,12.0
55079185300,55079101500,-88.04265402690729,43.049880154873065,-88.00747595996755,43.007126720391405,2020-07-17,1,12.0
55079185300,55079012600,-88.04265402690729,43.049880154873065,-87.99443577770006,43.034032251200934,2020-07-17,2,25.0
55079185300,55079001300,-88.04265402690729,43.049880154873065,-87.99843350448002,43.126783535933505,2020-07-17,1,12.0
55079185300,55079000201,-88.04265402690729,43.049880154873065,-88.0472441211064,43.1799495757708,2020-07-17,1,12.0
55079185300,55079012700,-88.04265402690729,43.049880154873065,-88.0122777504643,43.029662330242175,2020-07-17,1,12.0
55079185300,55079150303,-88.04265402690729,43.049880154873065,-88.02312771344377,42.88960646488504,2020-07-17,1,12.0
55079185300,55079001900,-88.04265402690729,43.049880154873065,-87.98367415791445,43.115686316787006,2020-07-17,1,12.0
55079185300,55079001100,-88.04265402690729,43.049880154873065,-87.96901390366762,43.127689901740844,2020-07-17,1,12.0
55079185300,55079186400,-88.04265402690729,43.049880154873065,-87.93038892981184,43.03695266796131,2020-07-17,1,12.0
55079185300,55079090700,-88.04265402690729,43.049880154873065,-88.02545440842808,43.059193901469925,2020-07-17,4,50.0
55079185300,55079101300,-88.04265402690729,43.049880154873065,-88.02770018483265,42.99907770295741,2020-07-17,1,12.0
55079185300,55079004100,-88.04265402690729,43.049880154873065,-87.95681147526382,43.0940907627305,2020-07-17,1,12.0
55079185300,55079091000,-88.04265402690729,43.049880154873065,-87.99705672432205,43.06433297165757,2020-07-17,2,25.0
55079185300,55079005100,-88.04265402690729,43.049880154873065,-87.99757698420609,43.08261869423604,2020-07-17,1,12.0
55079185300,55079005600,-88.04265402690729,43.049880154873065,-88.02758035548169,43.071050112322006,2020-07-17,1,12.0
55079185300,55079012900,-88.04265402690729,43.049880154873065,-87.99989477924994,43.028140622580246,2020-07-17,1,12.0
55079185300,55079017100,-88.04265402690729,43.049880154873065,-87.95808412992528,43.01056521552099,2020-07-17,1,12.0
55079185300,55079009300,-88.04265402690729,43.049880154873065,-87.98314520393755,43.060746025032145,2020-07-17,1,12.0
55079185300,55079090800,-88.04265402690729,43.049880154873065,-88.01754834659646,43.063072316879136,2020-07-17,1,12.0
55079185300,55079006700,-88.04265402690729,43.049880154873065,-87.92040407919447,43.07437828581977,2020-07-17,1,12.0
55079185300,55079008700,-88.04265402690729,43.049880154873065,-87.93997122125838,43.06781436915486,2020-07-17,1,12.0
55079006800,55079060200,-87.92500216567623,43.079683301494654,-87.9245165328896,43.11556508690733,2020-07-17,3,73.0
55079006800,55079004400,-87.92500216567623,43.079683301494654,-87.90608569163814,43.089298213737145,2020-07-17,5,122.0
55079006800,55079004500,-87.92500216567623,43.079683301494654,-87.92226909278084,43.08550885272536,2020-07-17,2,48.0
55079006800,55079000101,-87.92500216567623,43.079683301494654,-88.00922083481396,43.18510784936368,2020-07-17,2,48.0
55079006800,55079000202,-87.92500216567623,43.079683301494654,-88.04132965001602,43.160382512849615,2020-07-17,1,24.0
55079006800,55079002300,-87.92500216567623,43.079683301494654,-87.93621856893152,43.105985427841645,2020-07-17,2,48.0
55079006800,55079010800,-87.92500216567623,43.079683301494654,-87.88986181293924,43.05733829509928,2020-07-17,2,48.0
55079006800,55079011200,-87.92500216567623,43.079683301494654,-87.89756439120579,43.055476240018415,2020-07-17,1,24.0
55079006800,55079110100,-87.92500216567623,43.079683301494654,-87.9710022364233,43.012448953036525,2020-07-17,1,24.0
55079006800,55079000600,-87.92500216567623,43.079683301494654,-88.00190569680801,43.14010292722225,2020-07-17,2,48.0
55079006800,55079090300,-87.92500216567623,43.079683301494654,-88.0515779905257,43.06739040507833,2020-07-17,3,73.0
55079006800,55079186300,-87.92500216567623,43.079683301494654,-87.91799927397663,43.040616743150025,2020-07-17,1,24.0
55079006800,55079090200,-87.92500216567623,43.079683301494654,-88.05200796218348,43.081902180003375,2020-07-17,1,24.0
55079006800,55079120400,-87.92500216567623,43.079683301494654,-87.96548496050795,42.96670427425607,2020-07-17,1,24.0
55079006800,55079000501,-87.92500216567623,43.079683301494654,-88.04340002069712,43.115390222488664,2020-07-17,1,24.0
55079006800,55079001200,-87.92500216567623,43.079683301494654,-87.98620080987179,43.12617611256525,2020-07-17,1,24.0
55079006800,55079002700,-87.92500216567623,43.079683301494654,-87.97176690626681,43.100825271475365,2020-07-17,2,48.0
55079006800,55079003500,-87.92500216567623,43.079683301494654,-87.99830093777771,43.09359369867719,2020-07-17,1,24.0
55079006800,55079004800,-87.92500216567623,43.079683301494654,-87.96231596301399,43.077035360461494,2020-07-17,1,24.0
55079006800,55079186000,-87.92500216567623,43.079683301494654,-87.92039854147795,43.053956957431964,2020-07-17,2,48.0
55079006800,55079060101,-87.92500216567623,43.079683301494654,-87.92535691568614,43.13950788268824,2020-07-17,1,24.0
55079006800,55079185500,-87.92500216567623,43.079683301494654,-87.92624880733425,43.0601763240656,2020-07-17,1,24.0
55079006800,55079004000,-87.92500216567623,43.079683301494654,-87.97205846198321,43.09342306765945,2020-07-17,1,24.0
55079006800,55079004600,-87.92500216567623,43.079683301494654,-87.9321086251029,43.08569057130924,2020-07-17,5,122.0
55079006800,55079000400,-87.92500216567623,43.079683301494654,-88.05554472050937,43.110954423820296,2020-07-17,1,24.0
55079006800,55079000502,-87.92500216567623,43.079683301494654,-88.03128731150349,43.12480634966938,2020-07-17,1,24.0
55079006800,55079002800,-87.92500216567623,43.079683301494654,-87.97141961541004,43.10830621321033,2020-07-17,2,48.0
55079006800,55079006800,-87.92500216567623,43.079683301494654,-87.92500216567623,43.079683301494654,2020-07-17,72,1762.0
55079006800,55079007000,-87.92500216567623,43.079683301494654,-87.91122456687498,43.07424564740019,2020-07-17,1,24.0
55079006800,55079013600,-87.92500216567623,43.079683301494654,-87.9527511611333,43.04369545920421,2020-07-17,1,24.0
55079006800,55079186500,-87.92500216567623,43.079683301494654,-87.9130303085029,43.02319729476483,2020-07-17,1,24.0
55079006800,55079003300,-87.92500216567623,43.079683301494654,-88.0173066794685,43.1010408446094,2020-07-17,1,24.0
55079006800,55079008500,-87.92500216567623,43.079683301494654,-87.9298714910033,43.06776123229879,2020-07-17,2,48.0
55079006800,55079003600,-87.92500216567623,43.079683301494654,-87.98321131530031,43.092736225323044,2020-07-17,2,48.0
55079006800,55079005500,-87.92500216567623,43.079683301494654,-88.03284541742188,43.08237006688624,2020-07-17,1,24.0
55079006800,55079002900,-87.92500216567623,43.079683301494654,-87.98131890013833,43.108341188298006,2020-07-17,1,24.0
55079006800,55079014100,-87.92500216567623,43.079683301494654,-87.92097269793881,43.04863570292668,2020-07-17,1,24.0
55079006800,55079007100,-87.92500216567623,43.079683301494654,-87.90149576859913,43.07383574480911,2020-07-17,1,24.0
55079006800,55079007300,-87.92500216567623,43.079683301494654,-87.88807891595606,43.0779148594549,2020-07-17,1,24.0
55079006800,55079185700,-87.92500216567623,43.079683301494654,-87.91471207902771,43.06752585199898,2020-07-17,2,48.0
55079006800,55079000700,-87.92500216567623,43.079683301494654,-87.99009583376943,43.15588909293765,2020-07-17,1,24.0
55079006800,55079010700,-87.92500216567623,43.079683301494654,-87.90095083433016,43.0597678010215,2020-07-17,1,24.0
55079006800,55079003100,-87.92500216567623,43.079683301494654,-87.98607018194353,43.10091760946077,2020-07-17,2,48.0
55079006800,55079007200,-87.92500216567623,43.079683301494654,-87.89788270005259,43.07774402945858,2020-07-17,3,73.0
55079006800,55079006600,-87.92500216567623,43.079683301494654,-87.93135214789555,43.075399167305534,2020-07-17,1,24.0
55079006800,55079001700,-87.92500216567623,43.079683301494654,-88.01621221830194,43.10855887721336,2020-07-17,1,24.0
55079006800,55079004200,-87.92500216567623,43.079683301494654,-87.94544782159862,43.09516547779425,2020-07-17,5,122.0
55079006800,55079011000,-87.92500216567623,43.079683301494654,-87.89727240641399,43.050053518943756,2020-07-17,1,24.0
55079006800,55079001500,-87.92500216567623,43.079683301494654,-88.01520145334699,43.123754077777434,2020-07-17,2,48.0
55079006800,55079004700,-87.92500216567623,43.079683301494654,-87.94760565609727,43.08576787197636,2020-07-17,2,48.0
55079006800,55079009000,-87.92500216567623,43.079683301494654,-87.9610837883489,43.060355868415826,2020-07-17,1,24.0
55079006800,55079009100,-87.92500216567623,43.079683301494654,-87.96852806703085,43.060675408064526,2020-07-17,2,48.0
55079006800,55079000304,-87.92500216567623,43.079683301494654,-88.02644618111368,43.14364069729464,2020-07-17,1,24.0
55079006800,55079001900,-87.92500216567623,43.079683301494654,-87.98367415791445,43.115686316787006,2020-07-17,1,24.0
55079006800,55079009600,-87.92500216567623,43.079683301494654,-87.96486502955395,43.05277336645368,2020-07-17,2,48.0
55079006800,55079008900,-87.92500216567623,43.079683301494654,-87.95337828163817,43.06706338271535,2020-07-17,1,24.0
55079006800,55079004100,-87.92500216567623,43.079683301494654,-87.95681147526382,43.0940907627305,2020-07-17,1,24.0
55079006800,55079185600,-87.92500216567623,43.079683301494654,-87.91469071944607,43.06026722158336,2020-07-17,5,122.0
55079006800,55079009200,-87.92500216567623,43.079683301494654,-87.97560474362125,43.06069020349929,2020-07-17,1,24.0
55079006800,55079006400,-87.92500216567623,43.079683301494654,-87.94234792087695,43.07421796319209,2020-07-17,1,24.0
55079006800,55079001000,-87.92500216567623,43.079683301494654,-87.95348314468296,43.12464896388482,2020-07-17,1,24.0
55079006800,55079009300,-87.92500216567623,43.079683301494654,-87.98314520393755,43.060746025032145,2020-07-17,1,24.0
55079006800,55079008400,-87.92500216567623,43.079683301494654,-87.92332577697063,43.067583013115005,2020-07-17,1,24.0
55079006800,55079003000,-87.92500216567623,43.079683301494654,-87.99619059962126,43.10851035065769,2020-07-17,1,24.0
55079006800,55079006500,-87.92500216567623,43.079683301494654,-87.94229465456391,43.0797331466399,2020-07-17,2,48.0
55079006800,55079006700,-87.92500216567623,43.079683301494654,-87.92040407919447,43.07437828581977,2020-07-17,1,24.0
55079019300,55079020000,-87.99612754588766,42.99498021323571,-87.95273620994368,42.98405311376188,2020-07-17,3,29.0
55079019300,55079060200,-87.99612754588766,42.99498021323571,-87.9245165328896,43.11556508690733,2020-07-17,2,19.0
55079019300,55079012800,-87.99612754588766,42.99498021323571,-88.03145321223326,43.03059221584991,2020-07-17,1,9.0
55079019300,55079016200,-87.99612754588766,42.99498021323571,-87.94745090497267,43.01660575920564,2020-07-17,1,9.0
55079019300,55079019000,-87.99612754588766,42.99498021323571,-87.967877289968,42.995496154489715,2020-07-17,5,49.0
55079019300,55079100100,-87.99612754588766,42.99498021323571,-87.98598444052216,43.01659648927991,2020-07-17,4,39.0
55079019300,55079100700,-87.99612754588766,42.99498021323571,-88.03788629567484,43.0213025080197,2020-07-17,3,29.0
55079019300,55079110100,-87.99612754588766,42.99498021323571,-87.9710022364233,43.012448953036525,2020-07-17,15,147.0
55079019300,55079101000,-87.99612754588766,42.99498021323571,-88.05764456171738,42.99173938525954,2020-07-17,3,29.0
55079019300,55079021200,-87.99612754588766,42.99498021323571,-87.92101040508955,42.965284697357816,2020-07-17,1,9.0
55079019300,55079160100,-87.99612754588766,42.99498021323571,-87.91471599062149,42.91513941042769,2020-07-17,2,19.0
55079019300,55079090300,-87.99612754588766,42.99498021323571,-88.0515779905257,43.06739040507833,2020-07-17,1,9.0
55079019300,55079101600,-87.99612754588766,42.99498021323571,-87.98881839806968,43.003113634057684,2020-07-17,8,78.0
55079019300,55079021700,-87.99612754588766,42.99498021323571,-87.91312462574102,42.94052513723052,2020-07-17,1,9.0
55079019300,55079019100,-87.99612754588766,42.99498021323571,-87.96549351619066,42.982165146288615,2020-07-17,1,9.0
55079019300,55079019200,-87.99612754588766,42.99498021323571,-87.9858350139744,42.99282711086924,2020-07-17,14,137.0
55079019300,55079090200,-87.99612754588766,42.99498021323571,-88.05200796218348,43.081902180003375,2020-07-17,2,19.0
55079019300,55079120400,-87.99612754588766,42.99498021323571,-87.96548496050795,42.96670427425607,2020-07-17,4,39.0
55079019300,55079120203,-87.99612754588766,42.99498021323571,-88.00776394431053,42.95694649923871,2020-07-17,10,98.0
55079019300,55079018400,-87.99612754588766,42.99498021323571,-87.90417459790928,42.9917062933768,2020-07-17,1,9.0
55079019300,55079187300,-87.99612754588766,42.99498021323571,-87.9656302556773,42.887159701718595,2020-07-17,2,19.0
55079019300,55079019400,-87.99612754588766,42.99498021323571,-88.02755647500341,42.984577749923744,2020-07-17,1,9.0
55079019300,55079000501,-87.99612754588766,42.99498021323571,-88.04340002069712,43.115390222488664,2020-07-17,1,9.0
55079019300,55079021400,-87.99612754588766,42.99498021323571,-87.93891709359613,42.96295890378409,2020-07-17,1,9.0
55079019300,55079090600,-87.99612754588766,42.99498021323571,-88.05435154566402,43.03795832032663,2020-07-17,1,9.0
55079019300,55079185300,-87.99612754588766,42.99498021323571,-88.04265402690729,43.049880154873065,2020-07-17,4,39.0
55079019300,55079120502,-87.99612754588766,42.99498021323571,-87.96510992081555,42.95304728304586,2020-07-17,2,19.0
55079019300,55079014700,-87.99612754588766,42.99498021323571,-87.93551340137516,43.042200823908786,2020-07-17,1,9.0
55079019300,55079150304,-87.99612754588766,42.99498021323571,-88.02760163837803,42.91519132559998,2020-07-17,2,19.0
55079019300,55079000800,-87.99612754588766,42.99498021323571,-87.97372753660457,43.14064967469203,2020-07-17,1,9.0
55079019300,55079012500,-87.99612754588766,42.99498021323571,-87.97654888060033,43.037091021714275,2020-07-17,1,9.0
55079019300,55079160204,-87.99612754588766,42.99498021323571,-87.9317944903397,42.879700165258704,2020-07-17,1,9.0
55079019300,55079186800,-87.99612754588766,42.99498021323571,-87.9506670108877,43.02815858561159,2020-07-17,1,9.0
55079019300,55079160203,-87.99612754588766,42.99498021323571,-87.91638950191752,42.89402789790319,2020-07-17,1,9.0
55079019300,55079091200,-87.99612754588766,42.99498021323571,-88.00388284004167,43.0467075980639,2020-07-17,1,9.0
55079019300,55079020100,-87.99612754588766,42.99498021323571,-87.94099671150566,42.988482506396224,2020-07-17,3,29.0
55079019300,55079180400,-87.99612754588766,42.99498021323571,-87.85633588550823,42.93709205888796,2020-07-17,2,19.0
55079019300,55079001400,-87.99612754588766,42.99498021323571,-88.01656972395298,43.130900969315825,2020-07-17,1,9.0
55079019300,55079100900,-87.99612754588766,42.99498021323571,-88.05216898532913,43.00959788353506,2020-07-17,4,39.0
55079019300,55079101100,-87.99612754588766,42.99498021323571,-88.04276904850849,42.99420752845147,2020-07-17,7,68.0
55079019300,55079140100,-87.99612754588766,42.99498021323571,-88.0188613886232,42.93745223479677,2020-07-17,2,19.0
55079019300,55079140201,-87.99612754588766,42.99498021323571,-87.99911426080601,42.93902100763907,2020-07-17,1,9.0
55079019300,55079140202,-87.99612754588766,42.99498021323571,-87.981557716435,42.93443757238657,2020-07-17,1,9.0
55079019300,55079186500,-87.99612754588766,42.99498021323571,-87.9130303085029,43.02319729476483,2020-07-17,4,39.0
55079019300,55079120101,-87.99612754588766,42.99498021323571,-88.04814010007517,42.95916305909443,2020-07-17,7,68.0
55079019300,55079101400,-87.99612754588766,42.99498021323571,-88.02735540531337,43.00631524274058,2020-07-17,2,19.0
55079019300,55079014400,-87.99612754588766,42.99498021323571,-87.90784049253895,43.042413401572134,2020-07-17,2,19.0
55079019300,55079100400,-87.99612754588766,42.99498021323571,-88.01166560297426,43.0170103539625,2020-07-17,1,9.0
55079019300,55079150100,-87.99612754588766,42.99498021323571,-87.97759713310646,42.91424119290261,2020-07-17,5,49.0
55079019300,55079035200,-87.99612754588766,42.99498021323571,-87.9070718018067,43.16012040860922,2020-07-17,1,9.0
55079019300,55079187000,-87.99612754588766,42.99498021323571,-87.88728455831759,43.05530607398437,2020-07-17,1,9.0
55079019300,55079120102,-87.99612754588766,42.99498021323571,-88.04966546230908,42.97409794368699,2020-07-17,4,39.0
55079019300,55079130100,-87.99612754588766,42.99498021323571,-88.04407902007586,42.942752065148895,2020-07-17,8,78.0
55079019300,55079019600,-87.99612754588766,42.99498021323571,-88.00769668957767,42.984657216409644,2020-07-17,8,78.0
55079019300,55079101800,-87.99612754588766,42.99498021323571,-88.00969812606968,42.99373426381014,2020-07-17,3,29.0
55079019300,55079150301,-87.99612754588766,42.99498021323571,-88.05345903025625,42.89781994777656,2020-07-17,1,9.0
55079019300,55079100800,-87.99612754588766,42.99498021323571,-88.05710943935104,43.023654444193184,2020-07-17,1,9.0
55079019300,55079120201,-87.99612754588766,42.99498021323571,-88.01868214174351,42.96737507435749,2020-07-17,5,49.0
55079019300,55079050102,-87.99612754588766,42.99498021323571,-87.96743569232115,43.172443064752215,2020-07-17,1,9.0
55079019300,55079180300,-87.99612754588766,42.99498021323571,-87.87005593266791,42.951885652862586,2020-07-17,1,9.0
55079019300,55079020700,-87.99612754588766,42.99498021323571,-87.89282968229121,42.980391637955094,2020-07-17,2,19.0
55079019300,55079185100,-87.99612754588766,42.99498021323571,-87.86132764015301,42.9760744263621,2020-07-17,1,9.0
55079019300,55079016300,-87.99612754588766,42.99498021323571,-87.93764055272034,43.01572710315665,2020-07-17,1,9.0
55079019300,55079019900,-87.99612754588766,42.99498021323571,-87.98235255712866,42.973172118392476,2020-07-17,2,19.0
55079019300,55079000700,-87.99612754588766,42.99498021323571,-87.99009583376943,43.15588909293765,2020-07-17,1,9.0
55079019300,55079101700,-87.99612754588766,42.99498021323571,-88.00697190300957,43.00173437379505,2020-07-17,3,29.0
55079019300,55079020400,-87.99612754588766,42.99498021323571,-87.9300852632457,42.98834002972675,2020-07-17,1,9.0
55079019300,55079100200,-87.99612754588766,42.99498021323571,-87.99137992566246,43.01460892403096,2020-07-17,1,9.0
55079019300,55079020900,-87.99612754588766,42.99498021323571,-87.90186271433869,42.97013349358029,2020-07-17,2,19.0
55079019300,55079016700,-87.99612754588766,42.99498021323571,-87.92209519609614,43.010301162214034,2020-07-17,1,9.0
55079019300,55079186600,-87.99612754588766,42.99498021323571,-87.91355022125023,43.001384465822476,2020-07-17,2,19.0
55079019300,55079000201,-87.99612754588766,42.99498021323571,-88.0472441211064,43.1799495757708,2020-07-17,1,9.0
55079019300,55079021500,-87.99612754588766,42.99498021323571,-87.94398245259515,42.952098604888974,2020-07-17,2,19.0
55079019300,55079020200,-87.99612754588766,42.99498021323571,-87.94112496275925,42.977527635995024,2020-07-17,1,9.0
55079019300,55079012700,-87.99612754588766,42.99498021323571,-88.0122777504643,43.029662330242175,2020-07-17,1,9.0
55079019300,55079018600,-87.99612754588766,42.99498021323571,-87.92255649026754,42.995575414800356,2020-07-17,1,9.0
55079019300,55079150303,-87.99612754588766,42.99498021323571,-88.02312771344377,42.88960646488504,2020-07-17,3,29.0
55079019300,55079019800,-87.99612754588766,42.99498021323571,-87.98973307517815,42.982078809345225,2020-07-17,1,9.0
55079019300,55079013700,-87.99612754588766,42.99498021323571,-87.94529508707278,43.04229912697773,2020-07-17,1,9.0
55079019300,55079018300,-87.99612754588766,42.99498021323571,-87.89285805580873,42.991354183119796,2020-07-17,1,9.0
55079019300,55079016500,-87.99612754588766,42.99498021323571,-87.91153110922029,43.01579142211555,2020-07-17,1,9.0
55079019300,55079018700,-87.99612754588766,42.99498021323571,-87.92991431934564,42.995583237143,2020-07-17,1,9.0
55079019300,55079014300,-87.99612754588766,42.99498021323571,-87.90101539256612,43.042731429373134,2020-07-17,1,9.0
55079019300,55079019300,-87.99612754588766,42.99498021323571,-87.99612754588766,42.99498021323571,2020-07-17,220,2156.0
55079019300,55079101300,-87.99612754588766,42.99498021323571,-88.02770018483265,42.99907770295741,2020-07-17,8,78.0
55079019300,55079101200,-87.99612754588766,42.99498021323571,-88.02772831407549,42.99180235090393,2020-07-17,4,39.0
55079019300,55079170600,-87.99612754588766,42.99498021323571,-87.86320935056827,42.907724102777856,2020-07-17,1,9.0
55079019300,55079017100,-87.99612754588766,42.99498021323571,-87.95808412992528,43.01056521552099,2020-07-17,1,9.0
55079019300,55079120300,-87.99612754588766,42.99498021323571,-87.97376432533524,42.98091406493879,2020-07-17,1,9.0
55079019300,55079017200,-87.99612754588766,42.99498021323571,-87.95621680562614,43.002904101727246,2020-07-17,1,9.0
55079019300,55079013000,-87.99612754588766,42.99498021323571,-87.9876687698922,43.02770173765977,2020-07-17,1,9.0
55079019300,55079021100,-87.99612754588766,42.99498021323571,-87.91444199314573,42.970152010378044,2020-07-17,1,9.0
55079100700,55079020000,-88.03788629567484,43.0213025080197,-87.95273620994368,42.98405311376188,2020-07-17,1,20.0
55079100700,55079012800,-88.03788629567484,43.0213025080197,-88.03145321223326,43.03059221584991,2020-07-17,2,40.0
55079100700,55079016200,-88.03788629567484,43.0213025080197,-87.94745090497267,43.01660575920564,2020-07-17,1,20.0
55079100700,55079019000,-88.03788629567484,43.0213025080197,-87.967877289968,42.995496154489715,2020-07-17,1,20.0
55079100700,55079100700,-88.03788629567484,43.0213025080197,-88.03788629567484,43.0213025080197,2020-07-17,138,2779.0
55079100700,55079110100,-88.03788629567484,43.0213025080197,-87.9710022364233,43.012448953036525,2020-07-17,2,40.0
55079100700,55079101000,-88.03788629567484,43.0213025080197,-88.05764456171738,42.99173938525954,2020-07-17,10,201.0
55079100700,55079090300,-88.03788629567484,43.0213025080197,-88.0515779905257,43.06739040507833,2020-07-17,4,80.0
55079100700,55079012400,-88.03788629567484,43.0213025080197,-87.97680856828566,43.04580144948212,2020-07-17,1,20.0
55079100700,55079019100,-88.03788629567484,43.0213025080197,-87.96549351619066,42.982165146288615,2020-07-17,1,20.0
55079100700,55079090100,-88.03788629567484,43.0213025080197,-88.04837730790923,43.0973204568905,2020-07-17,1,20.0
55079100700,55079090200,-88.03788629567484,43.0213025080197,-88.05200796218348,43.081902180003375,2020-07-17,1,20.0
55079100700,55079090900,-88.03788629567484,43.0213025080197,-88.00270912368009,43.06124682618238,2020-07-17,1,20.0
55079100700,55079120203,-88.03788629567484,43.0213025080197,-88.00776394431053,42.95694649923871,2020-07-17,4,80.0
55079100700,55079160300,-88.03788629567484,43.0213025080197,-87.8893867076047,42.856940087232964,2020-07-17,1,20.0
55079100700,55079000501,-88.03788629567484,43.0213025080197,-88.04340002069712,43.115390222488664,2020-07-17,1,20.0
55079100700,55079090600,-88.03788629567484,43.0213025080197,-88.05435154566402,43.03795832032663,2020-07-17,3,60.0
55079100700,55079185300,-88.03788629567484,43.0213025080197,-88.04265402690729,43.049880154873065,2020-07-17,6,120.0
55079100700,55079187400,-88.03788629567484,43.0213025080197,-87.90767949876499,43.03217517915639,2020-07-17,1,20.0
55079100700,55079186800,-88.03788629567484,43.0213025080197,-87.9506670108877,43.02815858561159,2020-07-17,1,20.0
55079100700,55079160203,-88.03788629567484,43.0213025080197,-87.91638950191752,42.89402789790319,2020-07-17,2,40.0
55079100700,55079091200,-88.03788629567484,43.0213025080197,-88.00388284004167,43.0467075980639,2020-07-17,1,20.0
55079100700,55079100500,-88.03788629567484,43.0213025080197,-88.02674691869541,43.01326660162138,2020-07-17,1,20.0
55079100700,55079160202,-88.03788629567484,43.0213025080197,-87.87217546542965,42.881379330302295,2020-07-17,2,40.0
55079100700,55079100900,-88.03788629567484,43.0213025080197,-88.05216898532913,43.00959788353506,2020-07-17,12,241.0
55079100700,55079101100,-88.03788629567484,43.0213025080197,-88.04276904850849,42.99420752845147,2020-07-17,5,100.0
55079100700,55079140100,-88.03788629567484,43.0213025080197,-88.0188613886232,42.93745223479677,2020-07-17,1,20.0
55079100700,55079140201,-88.03788629567484,43.0213025080197,-87.99911426080601,42.93902100763907,2020-07-17,1,20.0
55079100700,55079140202,-88.03788629567484,43.0213025080197,-87.981557716435,42.93443757238657,2020-07-17,1,20.0
55079100700,55079101400,-88.03788629567484,43.0213025080197,-88.02735540531337,43.00631524274058,2020-07-17,1,20.0
55079100700,55079011300,-88.03788629567484,43.0213025080197,-87.90713298111844,43.04890661506502,2020-07-17,1,20.0
55079100700,55079100400,-88.03788629567484,43.0213025080197,-88.01166560297426,43.0170103539625,2020-07-17,4,80.0
55079100700,55079018000,-88.03788629567484,43.0213025080197,-87.8945288084346,43.01098558683315,2020-07-17,1,20.0
55079100700,55079130100,-88.03788629567484,43.0213025080197,-88.04407902007586,42.942752065148895,2020-07-17,3,60.0
55079100700,55079100800,-88.03788629567484,43.0213025080197,-88.05710943935104,43.023654444193184,2020-07-17,4,80.0
55079100700,55079050102,-88.03788629567484,43.0213025080197,-87.96743569232115,43.172443064752215,2020-07-17,1,20.0
55079100700,55079180300,-88.03788629567484,43.0213025080197,-87.87005593266791,42.951885652862586,2020-07-17,1,20.0
55079100700,55079101700,-88.03788629567484,43.0213025080197,-88.00697190300957,43.00173437379505,2020-07-17,1,20.0
55079100700,55079010700,-88.03788629567484,43.0213025080197,-87.90095083433016,43.0597678010215,2020-07-17,1,20.0
55079100700,55079012600,-88.03788629567484,43.0213025080197,-87.99443577770006,43.034032251200934,2020-07-17,1,20.0
55079100700,55079007600,-88.03788629567484,43.0213025080197,-87.87859580944733,43.06399812725538,2020-07-17,1,20.0
55079100700,55079120202,-88.03788629567484,43.0213025080197,-87.99868084532402,42.965848843600455,2020-07-17,1,20.0
55079100700,55079000201,-88.03788629567484,43.0213025080197,-88.0472441211064,43.1799495757708,2020-07-17,2,40.0
55079100700,55079004700,-88.03788629567484,43.0213025080197,-87.94760565609727,43.08576787197636,2020-07-17,1,20.0
55079100700,55079009100,-88.03788629567484,43.0213025080197,-87.96852806703085,43.060675408064526,2020-07-17,1,20.0
55079100700,55079016500,-88.03788629567484,43.0213025080197,-87.91153110922029,43.01579142211555,2020-07-17,1,20.0
55079100700,55079090700,-88.03788629567484,43.0213025080197,-88.02545440842808,43.059193901469925,2020-07-17,2,40.0
55079100700,55079101300,-88.03788629567484,43.0213025080197,-88.02770018483265,42.99907770295741,2020-07-17,1,20.0
55079100700,55079005100,-88.03788629567484,43.0213025080197,-87.99757698420609,43.08261869423604,2020-07-17,1,20.0
55079100700,55079170600,-88.03788629567484,43.0213025080197,-87.86320935056827,42.907724102777856,2020-07-17,1,20.0
55079100700,55079185200,-88.03788629567484,43.0213025080197,-87.88193798921913,42.967674094622936,2020-07-17,1,20.0
55079100700,55079016900,-88.03788629567484,43.0213025080197,-87.93770785693083,43.00951913559766,2020-07-17,1,20.0
55079100700,55079013300,-88.03788629567484,43.0213025080197,-87.96206431187025,43.03483590901066,2020-07-17,1,20.0
55079100700,55079090800,-88.03788629567484,43.0213025080197,-88.01754834659646,43.063072316879136,2020-07-17,1,20.0
55079100800,55079020000,-88.05710943935104,43.023654444193184,-87.95273620994368,42.98405311376188,2020-07-17,2,39.0
55079100800,55079060200,-88.05710943935104,43.023654444193184,-87.9245165328896,43.11556508690733,2020-07-17,1,19.0
55079100800,55079012800,-88.05710943935104,43.023654444193184,-88.03145321223326,43.03059221584991,2020-07-17,1,19.0
55079100800,55079015700,-88.05710943935104,43.023654444193184,-87.92777138656925,43.021663598322064,2020-07-17,1,19.0
55079100800,55079100700,-88.05710943935104,43.023654444193184,-88.03788629567484,43.0213025080197,2020-07-17,1,19.0
55079100800,55079011200,-88.05710943935104,43.023654444193184,-87.89756439120579,43.055476240018415,2020-07-17,1,19.0
55079100800,55079110100,-88.05710943935104,43.023654444193184,-87.9710022364233,43.012448953036525,2020-07-17,2,39.0
55079100800,55079101000,-88.05710943935104,43.023654444193184,-88.05764456171738,42.99173938525954,2020-07-17,8,158.0
55079100800,55079090300,-88.05710943935104,43.023654444193184,-88.0515779905257,43.06739040507833,2020-07-17,1,19.0
55079100800,55079101600,-88.05710943935104,43.023654444193184,-87.98881839806968,43.003113634057684,2020-07-17,3,59.0
55079100800,55079186300,-88.05710943935104,43.023654444193184,-87.91799927397663,43.040616743150025,2020-07-17,1,19.0
55079100800,55079021700,-88.05710943935104,43.023654444193184,-87.91312462574102,42.94052513723052,2020-07-17,1,19.0
55079100800,55079090100,-88.05710943935104,43.023654444193184,-88.04837730790923,43.0973204568905,2020-07-17,1,19.0
55079100800,55079090900,-88.05710943935104,43.023654444193184,-88.00270912368009,43.06124682618238,2020-07-17,2,39.0
55079100800,55079120400,-88.05710943935104,43.023654444193184,-87.96548496050795,42.96670427425607,2020-07-17,1,19.0
55079100800,55079120203,-88.05710943935104,43.023654444193184,-88.00776394431053,42.95694649923871,2020-07-17,2,39.0
55079100800,55079160300,-88.05710943935104,43.023654444193184,-87.8893867076047,42.856940087232964,2020-07-17,1,19.0
55079100800,55079090600,-88.05710943935104,43.023654444193184,-88.05435154566402,43.03795832032663,2020-07-17,5,99.0
55079100800,55079185300,-88.05710943935104,43.023654444193184,-88.04265402690729,43.049880154873065,2020-07-17,7,138.0
55079100800,55079187400,-88.05710943935104,43.023654444193184,-87.90767949876499,43.03217517915639,2020-07-17,1,19.0
55079100800,55079150304,-88.05710943935104,43.023654444193184,-88.02760163837803,42.91519132559998,2020-07-17,1,19.0
55079100800,55079130200,-88.05710943935104,43.023654444193184,-88.05891051157585,42.93732261654573,2020-07-17,1,19.0
55079100800,55079160204,-88.05710943935104,43.023654444193184,-87.9317944903397,42.879700165258704,2020-07-17,1,19.0
55079100800,55079187200,-88.05710943935104,43.023654444193184,-88.00769048889484,42.863813659193866,2020-07-17,1,19.0
55079100800,55079091200,-88.05710943935104,43.023654444193184,-88.00388284004167,43.0467075980639,2020-07-17,2,39.0
55079100800,55079100500,-88.05710943935104,43.023654444193184,-88.02674691869541,43.01326660162138,2020-07-17,3,59.0
55079100800,55079100900,-88.05710943935104,43.023654444193184,-88.05216898532913,43.00959788353506,2020-07-17,17,337.0
55079100800,55079101100,-88.05710943935104,43.023654444193184,-88.04276904850849,42.99420752845147,2020-07-17,6,119.0
55079100800,55079140202,-88.05710943935104,43.023654444193184,-87.981557716435,42.93443757238657,2020-07-17,1,19.0
55079100800,55079186500,-88.05710943935104,43.023654444193184,-87.9130303085029,43.02319729476483,2020-07-17,1,19.0
55079100800,55079101400,-88.05710943935104,43.023654444193184,-88.02735540531337,43.00631524274058,2020-07-17,1,19.0
55079100800,55079100400,-88.05710943935104,43.023654444193184,-88.01166560297426,43.0170103539625,2020-07-17,2,39.0
55079100800,55079150100,-88.05710943935104,43.023654444193184,-87.97759713310646,42.91424119290261,2020-07-17,1,19.0
55079100800,55079016100,-88.05710943935104,43.023654444193184,-87.95946595975387,43.016089910899275,2020-07-17,1,19.0
55079100800,55079130100,-88.05710943935104,43.023654444193184,-88.04407902007586,42.942752065148895,2020-07-17,1,19.0
55079100800,55079100800,-88.05710943935104,43.023654444193184,-88.05710943935104,43.023654444193184,2020-07-17,119,2361.0
55079100800,55079180300,-88.05710943935104,43.023654444193184,-87.87005593266791,42.951885652862586,2020-07-17,1,19.0
55079100800,55079016300,-88.05710943935104,43.023654444193184,-87.93764055272034,43.01572710315665,2020-07-17,1,19.0
55079100800,55079101500,-88.05710943935104,43.023654444193184,-88.00747595996755,43.007126720391405,2020-07-17,1,19.0
55079100800,55079101700,-88.05710943935104,43.023654444193184,-88.00697190300957,43.00173437379505,2020-07-17,4,79.0
55079100800,55079100200,-88.05710943935104,43.023654444193184,-87.99137992566246,43.01460892403096,2020-07-17,1,19.0
55079100800,55079000900,-88.05710943935104,43.023654444193184,-87.95566887882444,43.14970170326806,2020-07-17,1,19.0
55079100800,55079018800,-88.05710943935104,43.023654444193184,-87.94058386370827,42.99929639057026,2020-07-17,1,19.0
55079100800,55079186600,-88.05710943935104,43.023654444193184,-87.91355022125023,43.001384465822476,2020-07-17,1,19.0
55079100800,55079120202,-88.05710943935104,43.023654444193184,-87.99868084532402,42.965848843600455,2020-07-17,1,19.0
55079100800,55079080400,-88.05710943935104,43.023654444193184,-87.88848724040903,43.08594082590386,2020-07-17,1,19.0
55079100800,55079000201,-88.05710943935104,43.023654444193184,-88.0472441211064,43.1799495757708,2020-07-17,1,19.0
55079100800,55079018500,-88.05710943935104,43.023654444193184,-87.91439743752404,42.98441904059949,2020-07-17,3,59.0
55079100800,55079020200,-88.05710943935104,43.023654444193184,-87.94112496275925,42.977527635995024,2020-07-17,1,19.0
55079100800,55079101300,-88.05710943935104,43.023654444193184,-88.02770018483265,42.99907770295741,2020-07-17,1,19.0
55079100800,55079100300,-88.05710943935104,43.023654444193184,-88.00316709835943,43.017354422985534,2020-07-17,1,19.0
55079100800,55079101200,-88.05710943935104,43.023654444193184,-88.02772831407549,42.99180235090393,2020-07-17,3,59.0
55079100800,55079185600,-88.05710943935104,43.023654444193184,-87.91469071944607,43.06026722158336,2020-07-17,1,19.0
55079100800,55079012900,-88.05710943935104,43.023654444193184,-87.99989477924994,43.028140622580246,2020-07-17,1,19.0
55079185100,55079020000,-87.86132764015301,42.9760744263621,-87.95273620994368,42.98405311376188,2020-07-17,2,45.0
55079185100,55079004300,-87.86132764015301,42.9760744263621,-87.93220867621264,43.094799127568905,2020-07-17,1,22.0
55079185100,55079060200,-87.86132764015301,42.9760744263621,-87.9245165328896,43.11556508690733,2020-07-17,2,45.0
55079185100,55079004500,-87.86132764015301,42.9760744263621,-87.92226909278084,43.08550885272536,2020-07-17,1,22.0
55079185100,55079012800,-87.86132764015301,42.9760744263621,-88.03145321223326,43.03059221584991,2020-07-17,1,22.0
55079185100,55079016200,-87.86132764015301,42.9760744263621,-87.94745090497267,43.01660575920564,2020-07-17,2,45.0
55079185100,55079000202,-87.86132764015301,42.9760744263621,-88.04132965001602,43.160382512849615,2020-07-17,1,22.0
55079185100,55079110100,-87.86132764015301,42.9760744263621,-87.9710022364233,43.012448953036525,2020-07-17,2,45.0
55079185100,55079101000,-87.86132764015301,42.9760744263621,-88.05764456171738,42.99173938525954,2020-07-17,1,22.0
55079185100,55079021200,-87.86132764015301,42.9760744263621,-87.92101040508955,42.965284697357816,2020-07-17,3,67.0
55079185100,55079018100,-87.86132764015301,42.9760744263621,-87.88469234682039,42.998709042311724,2020-07-17,2,45.0
55079185100,55079160100,-87.86132764015301,42.9760744263621,-87.91471599062149,42.91513941042769,2020-07-17,6,135.0
55079185100,55079021700,-87.86132764015301,42.9760744263621,-87.91312462574102,42.94052513723052,2020-07-17,3,67.0
55079185100,55079120400,-87.86132764015301,42.9760744263621,-87.96548496050795,42.96670427425607,2020-07-17,1,22.0
55079185100,55079120203,-87.86132764015301,42.9760744263621,-88.00776394431053,42.95694649923871,2020-07-17,4,90.0
55079185100,55079018400,-87.86132764015301,42.9760744263621,-87.90417459790928,42.9917062933768,2020-07-17,4,90.0
55079185100,55079160300,-87.86132764015301,42.9760744263621,-87.8893867076047,42.856940087232964,2020-07-17,5,113.0
55079185100,55079020800,-87.86132764015301,42.9760744263621,-87.87636299879055,42.985307292991365,2020-07-17,3,67.0
55079185100,55079187400,-87.86132764015301,42.9760744263621,-87.90767949876499,43.03217517915639,2020-07-17,1,22.0
55079185100,55079005400,-87.86132764015301,42.9760744263621,-88.02259608100492,43.0824437803151,2020-07-17,1,22.0
55079185100,55079021000,-87.86132764015301,42.9760744263621,-87.89993467732904,42.962739149255064,2020-07-17,2,45.0
55079185100,55079160204,-87.86132764015301,42.9760744263621,-87.9317944903397,42.879700165258704,2020-07-17,3,67.0
55079185100,55079186800,-87.86132764015301,42.9760744263621,-87.9506670108877,43.02815858561159,2020-07-17,6,135.0
55079185100,55079187200,-87.86132764015301,42.9760744263621,-88.00769048889484,42.863813659193866,2020-07-17,1,22.0
55079185100,55079160203,-87.86132764015301,42.9760744263621,-87.91638950191752,42.89402789790319,2020-07-17,4,90.0
55079185100,55079091200,-87.86132764015301,42.9760744263621,-88.00388284004167,43.0467075980639,2020-07-17,1,22.0
55079185100,55079018900,-87.86132764015301,42.9760744263621,-87.95323213052187,42.995654122863776,2020-07-17,1,22.0
55079185100,55079020100,-87.86132764015301,42.9760744263621,-87.94099671150566,42.988482506396224,2020-07-17,2,45.0
55079185100,55079160202,-87.86132764015301,42.9760744263621,-87.87217546542965,42.881379330302295,2020-07-17,2,45.0
55079185100,55079180400,-87.86132764015301,42.9760744263621,-87.85633588550823,42.93709205888796,2020-07-17,4,90.0
55079185100,55079002800,-87.86132764015301,42.9760744263621,-87.97141961541004,43.10830621321033,2020-07-17,1,22.0
55079185100,55079101100,-87.86132764015301,42.9760744263621,-88.04276904850849,42.99420752845147,2020-07-17,1,22.0
55079185100,55079140100,-87.86132764015301,42.9760744263621,-88.0188613886232,42.93745223479677,2020-07-17,2,45.0
55079185100,55079140201,-87.86132764015301,42.9760744263621,-87.99911426080601,42.93902100763907,2020-07-17,2,45.0
55079185100,55079017900,-87.86132764015301,42.9760744263621,-87.90503327479618,42.998772533253295,2020-07-17,1,22.0
55079185100,55079180100,-87.86132764015301,42.9760744263621,-87.84722355247969,42.95102171952154,2020-07-17,1,22.0
55079185100,55079186500,-87.86132764015301,42.9760744263621,-87.9130303085029,43.02319729476483,2020-07-17,1,22.0
55079185100,55079003600,-87.86132764015301,42.9760744263621,-87.98321131530031,43.092736225323044,2020-07-17,2,45.0
55079185100,55079011300,-87.86132764015301,42.9760744263621,-87.90713298111844,43.04890661506502,2020-07-17,1,22.0
55079185100,55079170700,-87.86132764015301,42.9760744263621,-87.84797376219025,42.90256149755693,2020-07-17,1,22.0
55079185100,55079018000,-87.86132764015301,42.9760744263621,-87.8945288084346,43.01098558683315,2020-07-17,3,67.0
55079185100,55079150100,-87.86132764015301,42.9760744263621,-87.97759713310646,42.91424119290261,2020-07-17,2,45.0
55079185100,55079021600,-87.86132764015301,42.9760744263621,-87.92488475274558,42.952251222261935,2020-07-17,2,45.0
55079185100,55079187000,-87.86132764015301,42.9760744263621,-87.88728455831759,43.05530607398437,2020-07-17,1,22.0
55079185100,55079016600,-87.86132764015301,42.9760744263621,-87.9139279223807,43.010028166006215,2020-07-17,1,22.0
55079185100,55079120102,-87.86132764015301,42.9760744263621,-88.04966546230908,42.97409794368699,2020-07-17,1,22.0
55079185100,55079014100,-87.86132764015301,42.9760744263621,-87.92097269793881,43.04863570292668,2020-07-17,1,22.0
55079185100,55079101800,-87.86132764015301,42.9760744263621,-88.00969812606968,42.99373426381014,2020-07-17,2,45.0
55079185100,55079100800,-87.86132764015301,42.9760744263621,-88.05710943935104,43.023654444193184,2020-07-17,2,45.0
55079185100,55079050102,-87.86132764015301,42.9760744263621,-87.96743569232115,43.172443064752215,2020-07-17,1,22.0
55079185100,55079180300,-87.86132764015301,42.9760744263621,-87.87005593266791,42.951885652862586,2020-07-17,8,181.0
55079185100,55079019500,-87.86132764015301,42.9760744263621,-88.02769031152603,42.97732706705707,2020-07-17,1,22.0
55079185100,55079020700,-87.86132764015301,42.9760744263621,-87.89282968229121,42.980391637955094,2020-07-17,1,22.0
55079185100,55079185100,-87.86132764015301,42.9760744263621,-87.86132764015301,42.9760744263621,2020-07-17,174,3939.0
55079185100,55079007300,-87.86132764015301,42.9760744263621,-87.88807891595606,43.0779148594549,2020-07-17,1,22.0
55079185100,55079000700,-87.86132764015301,42.9760744263621,-87.99009583376943,43.15588909293765,2020-07-17,1,22.0
55079185100,55079101500,-87.86132764015301,42.9760744263621,-88.00747595996755,43.007126720391405,2020-07-17,1,22.0
55079185100,55079100200,-87.86132764015301,42.9760744263621,-87.99137992566246,43.01460892403096,2020-07-17,1,22.0
55079185100,55079020900,-87.86132764015301,42.9760744263621,-87.90186271433869,42.97013349358029,2020-07-17,2,45.0
55079185100,55079002000,-87.86132764015301,42.9760744263621,-87.96815137233186,43.115621500302275,2020-07-17,1,22.0
55079185100,55079018500,-87.86132764015301,42.9760744263621,-87.91439743752404,42.98441904059949,2020-07-17,3,67.0
55079185100,55079021500,-87.86132764015301,42.9760744263621,-87.94398245259515,42.952098604888974,2020-07-17,1,22.0
55079185100,55079020200,-87.86132764015301,42.9760744263621,-87.94112496275925,42.977527635995024,2020-07-17,2,45.0
55079185100,55079001900,-87.86132764015301,42.9760744263621,-87.98367415791445,43.115686316787006,2020-07-17,1,22.0
55079185100,55079016500,-87.86132764015301,42.9760744263621,-87.91153110922029,43.01579142211555,2020-07-17,2,45.0
55079185100,55079017600,-87.86132764015301,42.9760744263621,-87.92236059293215,43.00280872383964,2020-07-17,1,22.0
55079185100,55079170100,-87.86132764015301,42.9760744263621,-87.84892368656588,42.919583500675934,2020-07-17,10,226.0
55079185100,55079170600,-87.86132764015301,42.9760744263621,-87.86320935056827,42.907724102777856,2020-07-17,4,90.0
55079185100,55079185200,-87.86132764015301,42.9760744263621,-87.88193798921913,42.967674094622936,2020-07-17,16,362.0
55079185100,55079060102,-87.86132764015301,42.9760744263621,-87.93974960524739,43.148654535590595,2020-07-17,2,45.0
55079185100,55079170300,-87.86132764015301,42.9760744263621,-87.87538996197884,42.9095536521384,2020-07-17,1,22.0
55079185100,55079017100,-87.86132764015301,42.9760744263621,-87.95808412992528,43.01056521552099,2020-07-17,1,22.0
55079185100,55079170400,-87.86132764015301,42.9760744263621,-87.8734267877277,42.89848248246609,2020-07-17,1,22.0
55079185100,55079021100,-87.86132764015301,42.9760744263621,-87.91444199314573,42.970152010378044,2020-07-17,2,45.0
55079185200,55079020000,-87.88193798921913,42.967674094622936,-87.95273620994368,42.98405311376188,2020-07-17,2,48.0
55079185200,55079002100,-87.88193798921913,42.967674094622936,-87.95315716160212,43.115529640428136,2020-07-17,1,24.0
55079185200,55079002400,-87.88193798921913,42.967674094622936,-87.95188617843814,43.106404380820805,2020-07-17,1,24.0
55079185200,55079004300,-87.88193798921913,42.967674094622936,-87.93220867621264,43.094799127568905,2020-07-17,2,48.0
55079185200,55079004400,-87.88193798921913,42.967674094622936,-87.90608569163814,43.089298213737145,2020-07-17,1,24.0
55079185200,55079004500,-87.88193798921913,42.967674094622936,-87.92226909278084,43.08550885272536,2020-07-17,1,24.0
55079185200,55079012800,-87.88193798921913,42.967674094622936,-88.03145321223326,43.03059221584991,2020-07-17,1,24.0
55079185200,55079015700,-87.88193798921913,42.967674094622936,-87.92777138656925,43.021663598322064,2020-07-17,2,48.0
55079185200,55079019000,-87.88193798921913,42.967674094622936,-87.967877289968,42.995496154489715,2020-07-17,1,24.0
55079185200,55079100700,-87.88193798921913,42.967674094622936,-88.03788629567484,43.0213025080197,2020-07-17,1,24.0
55079185200,55079091300,-87.88193798921913,42.967674094622936,-88.0097444924032,43.037871666045895,2020-07-17,1,24.0
55079185200,55079000102,-87.88193798921913,42.967674094622936,-88.01167859828367,43.164645145767146,2020-07-17,2,48.0
55079185200,55079002300,-87.88193798921913,42.967674094622936,-87.93621856893152,43.105985427841645,2020-07-17,1,24.0
55079185200,55079011200,-87.88193798921913,42.967674094622936,-87.89756439120579,43.055476240018415,2020-07-17,1,24.0
55079185200,55079110100,-87.88193798921913,42.967674094622936,-87.9710022364233,43.012448953036525,2020-07-17,3,72.0
55079185200,55079021200,-87.88193798921913,42.967674094622936,-87.92101040508955,42.965284697357816,2020-07-17,2,48.0
55079185200,55079018100,-87.88193798921913,42.967674094622936,-87.88469234682039,42.998709042311724,2020-07-17,1,24.0
55079185200,55079160100,-87.88193798921913,42.967674094622936,-87.91471599062149,42.91513941042769,2020-07-17,10,240.0
55079185200,55079090300,-87.88193798921913,42.967674094622936,-88.0515779905257,43.06739040507833,2020-07-17,1,24.0
55079185200,55079186300,-87.88193798921913,42.967674094622936,-87.91799927397663,43.040616743150025,2020-07-17,1,24.0
55079185200,55079021700,-87.88193798921913,42.967674094622936,-87.91312462574102,42.94052513723052,2020-07-17,6,144.0
55079185200,55079019200,-87.88193798921913,42.967674094622936,-87.9858350139744,42.99282711086924,2020-07-17,1,24.0
55079185200,55079120400,-87.88193798921913,42.967674094622936,-87.96548496050795,42.96670427425607,2020-07-17,1,24.0
55079185200,55079120203,-87.88193798921913,42.967674094622936,-88.00776394431053,42.95694649923871,2020-07-17,5,120.0
55079185200,55079018400,-87.88193798921913,42.967674094622936,-87.90417459790928,42.9917062933768,2020-07-17,3,72.0
55079185200,55079160300,-87.88193798921913,42.967674094622936,-87.8893867076047,42.856940087232964,2020-07-17,5,120.0
55079185200,55079017300,-87.88193798921913,42.967674094622936,-87.94877202549131,43.0036525046766,2020-07-17,3,72.0
55079185200,55079003500,-87.88193798921913,42.967674094622936,-87.99830093777771,43.09359369867719,2020-07-17,1,24.0
55079185200,55079004800,-87.88193798921913,42.967674094622936,-87.96231596301399,43.077035360461494,2020-07-17,2,48.0
55079185200,55079021400,-87.88193798921913,42.967674094622936,-87.93891709359613,42.96295890378409,2020-07-17,1,24.0
55079185200,55079185500,-87.88193798921913,42.967674094622936,-87.92624880733425,43.0601763240656,2020-07-17,1,24.0
55079185200,55079090600,-87.88193798921913,42.967674094622936,-88.05435154566402,43.03795832032663,2020-07-17,1,24.0
55079185200,55079185300,-87.88193798921913,42.967674094622936,-88.04265402690729,43.049880154873065,2020-07-17,1,24.0
55079185200,55079120502,-87.88193798921913,42.967674094622936,-87.96510992081555,42.95304728304586,2020-07-17,1,24.0
55079185200,55079020800,-87.88193798921913,42.967674094622936,-87.87636299879055,42.985307292991365,2020-07-17,4,96.0
55079185200,55079187400,-87.88193798921913,42.967674094622936,-87.90767949876499,43.03217517915639,2020-07-17,3,72.0
55079185200,55079150304,-87.88193798921913,42.967674094622936,-88.02760163837803,42.91519132559998,2020-07-17,1,24.0
55079185200,55079180500,-87.88193798921913,42.967674094622936,-87.87471526249948,42.93725893299447,2020-07-17,4,96.0
55079185200,55079021000,-87.88193798921913,42.967674094622936,-87.89993467732904,42.962739149255064,2020-07-17,5,120.0
55079185200,55079160204,-87.88193798921913,42.967674094622936,-87.9317944903397,42.879700165258704,2020-07-17,2,48.0
55079185200,55079186800,-87.88193798921913,42.967674094622936,-87.9506670108877,43.02815858561159,2020-07-17,2,48.0
55079185200,55079187200,-87.88193798921913,42.967674094622936,-88.00769048889484,42.863813659193866,2020-07-17,2,48.0
55079185200,55079006000,-87.88193798921913,42.967674094622936,-87.97554005335066,43.067947929210746,2020-07-17,1,24.0
55079185200,55079160203,-87.88193798921913,42.967674094622936,-87.91638950191752,42.89402789790319,2020-07-17,8,192.0
55079185200,55079170200,-87.88193798921913,42.967674094622936,-87.87263683893734,42.92275381108851,2020-07-17,1,24.0
55079185200,55079091200,-87.88193798921913,42.967674094622936,-88.00388284004167,43.0467075980639,2020-07-17,1,24.0
55079185200,55079018900,-87.88193798921913,42.967674094622936,-87.95323213052187,42.995654122863776,2020-07-17,1,24.0
55079185200,55079020100,-87.88193798921913,42.967674094622936,-87.94099671150566,42.988482506396224,2020-07-17,1,24.0
55079185200,55079160202,-87.88193798921913,42.967674094622936,-87.87217546542965,42.881379330302295,2020-07-17,2,48.0
55079185200,55079180400,-87.88193798921913,42.967674094622936,-87.85633588550823,42.93709205888796,2020-07-17,6,144.0
55079185200,55079100900,-87.88193798921913,42.967674094622936,-88.05216898532913,43.00959788353506,2020-07-17,1,24.0
55079185200,55079140201,-87.88193798921913,42.967674094622936,-87.99911426080601,42.93902100763907,2020-07-17,1,24.0
55079185200,55079091400,-87.88193798921913,42.967674094622936,-87.99383660813824,43.04031315098078,2020-07-17,1,24.0
55079185200,55079017900,-87.88193798921913,42.967674094622936,-87.90503327479618,42.998772533253295,2020-07-17,2,48.0
55079185200,55079003300,-87.88193798921913,42.967674094622936,-88.0173066794685,43.1010408446094,2020-07-17,1,24.0
55079185200,55079120101,-87.88193798921913,42.967674094622936,-88.04814010007517,42.95916305909443,2020-07-17,1,24.0
55079185200,55079091100,-87.88193798921913,42.967674094622936,-88.00381885772617,43.05493775558714,2020-07-17,1,24.0
55079185200,55079003600,-87.88193798921913,42.967674094622936,-87.98321131530031,43.092736225323044,2020-07-17,1,24.0
55079185200,55079014400,-87.88193798921913,42.967674094622936,-87.90784049253895,43.042413401572134,2020-07-17,1,24.0
55079185200,55079150100,-87.88193798921913,42.967674094622936,-87.97759713310646,42.91424119290261,2020-07-17,3,72.0
55079185200,55079021600,-87.88193798921913,42.967674094622936,-87.92488475274558,42.952251222261935,2020-07-17,3,72.0
55079185200,55079016100,-87.88193798921913,42.967674094622936,-87.95946595975387,43.016089910899275,2020-07-17,2,48.0
55079185200,55079187000,-87.88193798921913,42.967674094622936,-87.88728455831759,43.05530607398437,2020-07-17,1,24.0
55079185200,55079016600,-87.88193798921913,42.967674094622936,-87.9139279223807,43.010028166006215,2020-07-17,1,24.0
55079185200,55079120102,-87.88193798921913,42.967674094622936,-88.04966546230908,42.97409794368699,2020-07-17,1,24.0
55079185200,55079130100,-87.88193798921913,42.967674094622936,-88.04407902007586,42.942752065148895,2020-07-17,2,48.0
55079185200,55079150301,-87.88193798921913,42.967674094622936,-88.05345903025625,42.89781994777656,2020-07-17,2,48.0
55079185200,55079050102,-87.88193798921913,42.967674094622936,-87.96743569232115,43.172443064752215,2020-07-17,1,24.0
55079185200,55079180300,-87.88193798921913,42.967674094622936,-87.87005593266791,42.951885652862586,2020-07-17,4,96.0
55079185200,55079015800,-87.88193798921913,42.967674094622936,-87.93761636287321,43.021659379009066,2020-07-17,1,24.0
55079185200,55079020700,-87.88193798921913,42.967674094622936,-87.89282968229121,42.980391637955094,2020-07-17,8,192.0
55079185200,55079185100,-87.88193798921913,42.967674094622936,-87.86132764015301,42.9760744263621,2020-07-17,5,120.0
55079185200,55079080200,-87.88193798921913,42.967674094622936,-87.8877423232882,43.0942616397457,2020-07-17,2,48.0
55079185200,55079016300,-87.88193798921913,42.967674094622936,-87.93764055272034,43.01572710315665,2020-07-17,1,24.0
55079185200,55079020400,-87.88193798921913,42.967674094622936,-87.9300852632457,42.98834002972675,2020-07-17,1,24.0
55079185200,55079100200,-87.88193798921913,42.967674094622936,-87.99137992566246,43.01460892403096,2020-07-17,2,48.0
55079185200,55079017500,-87.88193798921913,42.967674094622936,-87.92965116916102,43.00287441605045,2020-07-17,1,24.0
55079185200,55079003100,-87.88193798921913,42.967674094622936,-87.98607018194353,43.10091760946077,2020-07-17,1,24.0
55079185200,55079020300,-87.88193798921913,42.967674094622936,-87.92658964497383,42.979242665655576,2020-07-17,1,24.0
55079185200,55079020900,-87.88193798921913,42.967674094622936,-87.90186271433869,42.97013349358029,2020-07-17,5,120.0
55079185200,55079016700,-87.88193798921913,42.967674094622936,-87.92209519609614,43.010301162214034,2020-07-17,2,48.0
55079185200,55079004200,-87.88193798921913,42.967674094622936,-87.94544782159862,43.09516547779425,2020-07-17,1,24.0
55079185200,55079186600,-87.88193798921913,42.967674094622936,-87.91355022125023,43.001384465822476,2020-07-17,6,144.0
55079185200,55079011000,-87.88193798921913,42.967674094622936,-87.89727240641399,43.050053518943756,2020-07-17,1,24.0
55079185200,55079014900,-87.88193798921913,42.967674094622936,-87.94481830610269,43.03704436935605,2020-07-17,1,24.0
55079185200,55079080400,-87.88193798921913,42.967674094622936,-87.88848724040903,43.08594082590386,2020-07-17,1,24.0
55079185200,55079002000,-87.88193798921913,42.967674094622936,-87.96815137233186,43.115621500302275,2020-07-17,1,24.0
55079185200,55079003900,-87.88193798921913,42.967674094622936,-87.96215160813261,43.086172227530916,2020-07-17,2,48.0
55079185200,55079000201,-87.88193798921913,42.967674094622936,-88.0472441211064,43.1799495757708,2020-07-17,2,48.0
55079185200,55079018200,-87.88193798921913,42.967674094622936,-87.87369831321716,42.99249911585218,2020-07-17,1,24.0
55079185200,55079004700,-87.88193798921913,42.967674094622936,-87.94760565609727,43.08576787197636,2020-07-17,2,48.0
55079185200,55079018500,-87.88193798921913,42.967674094622936,-87.91439743752404,42.98441904059949,2020-07-17,5,120.0
55079185200,55079018600,-87.88193798921913,42.967674094622936,-87.92255649026754,42.995575414800356,2020-07-17,2,48.0
55079185200,55079016000,-87.88193798921913,42.967674094622936,-87.95725941865898,43.02137414837421,2020-07-17,1,24.0
55079185200,55079016400,-87.88193798921913,42.967674094622936,-87.92777599229481,43.01665943799343,2020-07-17,2,48.0
55079185200,55079018300,-87.88193798921913,42.967674094622936,-87.89285805580873,42.991354183119796,2020-07-17,3,72.0
55079185200,55079017600,-87.88193798921913,42.967674094622936,-87.92236059293215,43.00280872383964,2020-07-17,1,24.0
55079185200,55079180200,-87.88193798921913,42.967674094622936,-87.85506992096182,42.95465467367753,2020-07-17,2,48.0
55079185200,55079020600,-87.88193798921913,42.967674094622936,-87.90444286867323,42.9810337820488,2020-07-17,4,96.0
55079185200,55079101300,-87.88193798921913,42.967674094622936,-88.02770018483265,42.99907770295741,2020-07-17,1,24.0
55079185200,55079004100,-87.88193798921913,42.967674094622936,-87.95681147526382,43.0940907627305,2020-07-17,2,48.0
55079185200,55079170100,-87.88193798921913,42.967674094622936,-87.84892368656588,42.919583500675934,2020-07-17,3,72.0
55079185200,55079100300,-87.88193798921913,42.967674094622936,-88.00316709835943,43.017354422985534,2020-07-17,1,24.0
55079185200,55079101200,-87.88193798921913,42.967674094622936,-88.02772831407549,42.99180235090393,2020-07-17,2,48.0
55079185200,55079186900,-87.88193798921913,42.967674094622936,-87.88804149673794,43.05226526687869,2020-07-17,2,48.0
55079185200,55079170600,-87.88193798921913,42.967674094622936,-87.86320935056827,42.907724102777856,2020-07-17,2,48.0
55079185200,55079185200,-87.88193798921913,42.967674094622936,-87.88193798921913,42.967674094622936,2020-07-17,175,4215.0
55079185200,55079004900,-87.88193798921913,42.967674094622936,-87.97231517837423,43.077061406485264,2020-07-17,1,24.0
55079185200,55079016900,-87.88193798921913,42.967674094622936,-87.93770785693083,43.00951913559766,2020-07-17,1,24.0
55079185200,55079017100,-87.88193798921913,42.967674094622936,-87.95808412992528,43.01056521552099,2020-07-17,2,48.0
55079185200,55079002500,-87.88193798921913,42.967674094622936,-87.96218045466739,43.10795733493045,2020-07-17,2,48.0
55079185200,55079001000,-87.88193798921913,42.967674094622936,-87.95348314468296,43.12464896388482,2020-07-17,1,24.0
55079185200,55079090800,-87.88193798921913,42.967674094622936,-88.01754834659646,43.063072316879136,2020-07-17,1,24.0
55079185200,55079017200,-87.88193798921913,42.967674094622936,-87.95621680562614,43.002904101727246,2020-07-17,3,72.0
55079185200,55079021100,-87.88193798921913,42.967674094622936,-87.91444199314573,42.970152010378044,2020-07-17,1,24.0
55079003700,55079002100,-87.98336380852676,43.08546039091554,-87.95315716160212,43.115529640428136,2020-07-17,4,61.0
55079003700,55079002400,-87.98336380852676,43.08546039091554,-87.95188617843814,43.106404380820805,2020-07-17,1,15.0
55079003700,55079060200,-87.98336380852676,43.08546039091554,-87.9245165328896,43.11556508690733,2020-07-17,4,61.0
55079003700,55079004400,-87.98336380852676,43.08546039091554,-87.90608569163814,43.089298213737145,2020-07-17,4,61.0
55079003700,55079004500,-87.98336380852676,43.08546039091554,-87.92226909278084,43.08550885272536,2020-07-17,1,15.0
55079003700,55079000101,-87.98336380852676,43.08546039091554,-88.00922083481396,43.18510784936368,2020-07-17,1,15.0
55079003700,55079000202,-87.98336380852676,43.08546039091554,-88.04132965001602,43.160382512849615,2020-07-17,4,61.0
55079003700,55079010800,-87.98336380852676,43.08546039091554,-87.88986181293924,43.05733829509928,2020-07-17,1,15.0
55079003700,55079011400,-87.98336380852676,43.08546039091554,-87.9106574898586,43.05269479350376,2020-07-17,1,15.0
55079003700,55079110100,-87.98336380852676,43.08546039091554,-87.9710022364233,43.012448953036525,2020-07-17,2,30.0
55079003700,55079160100,-87.98336380852676,43.08546039091554,-87.91471599062149,42.91513941042769,2020-07-17,1,15.0
55079003700,55079090300,-87.98336380852676,43.08546039091554,-88.0515779905257,43.06739040507833,2020-07-17,7,108.0
55079003700,55079186300,-87.98336380852676,43.08546039091554,-87.91799927397663,43.040616743150025,2020-07-17,2,30.0
55079003700,55079012400,-87.98336380852676,43.08546039091554,-87.97680856828566,43.04580144948212,2020-07-17,1,15.0
55079003700,55079090100,-87.98336380852676,43.08546039091554,-88.04837730790923,43.0973204568905,2020-07-17,1,15.0
55079003700,55079090200,-87.98336380852676,43.08546039091554,-88.05200796218348,43.081902180003375,2020-07-17,6,92.0
55079003700,55079090900,-87.98336380852676,43.08546039091554,-88.00270912368009,43.06124682618238,2020-07-17,2,30.0
55079003700,55079001200,-87.98336380852676,43.08546039091554,-87.98620080987179,43.12617611256525,2020-07-17,1,15.0
55079003700,55079003500,-87.98336380852676,43.08546039091554,-87.99830093777771,43.09359369867719,2020-07-17,4,61.0
55079003700,55079003200,-87.98336380852676,43.08546039091554,-88.00111189801154,43.10115852758208,2020-07-17,1,15.0
55079003700,55079005300,-87.98336380852676,43.08546039091554,-88.01242727702714,43.07892288175221,2020-07-17,2,30.0
55079003700,55079185500,-87.98336380852676,43.08546039091554,-87.92624880733425,43.0601763240656,2020-07-17,2,30.0
55079003700,55079000302,-87.98336380852676,43.08546039091554,-88.04649688617519,43.13922972061493,2020-07-17,1,15.0
55079003700,55079090600,-87.98336380852676,43.08546039091554,-88.05435154566402,43.03795832032663,2020-07-17,3,46.0
55079003700,55079185300,-87.98336380852676,43.08546039091554,-88.04265402690729,43.049880154873065,2020-07-17,3,46.0
55079003700,55079000800,-87.98336380852676,43.08546039091554,-87.97372753660457,43.14064967469203,2020-07-17,1,15.0
55079003700,55079004600,-87.98336380852676,43.08546039091554,-87.9321086251029,43.08569057130924,2020-07-17,1,15.0
55079003700,55079005400,-87.98336380852676,43.08546039091554,-88.02259608100492,43.0824437803151,2020-07-17,1,15.0
55079003700,55079000400,-87.98336380852676,43.08546039091554,-88.05554472050937,43.110954423820296,2020-07-17,1,15.0
55079003700,55079186800,-87.98336380852676,43.08546039091554,-87.9506670108877,43.02815858561159,2020-07-17,1,15.0
55079003700,55079160203,-87.98336380852676,43.08546039091554,-87.91638950191752,42.89402789790319,2020-07-17,1,15.0
55079003700,55079091200,-87.98336380852676,43.08546039091554,-88.00388284004167,43.0467075980639,2020-07-17,2,30.0
55079003700,55079005000,-87.98336380852676,43.08546039091554,-87.98327608357046,43.07665137069942,2020-07-17,5,77.0
55079003700,55079002800,-87.98336380852676,43.08546039091554,-87.97141961541004,43.10830621321033,2020-07-17,2,30.0
55079003700,55079007000,-87.98336380852676,43.08546039091554,-87.91122456687498,43.07424564740019,2020-07-17,1,15.0
55079003700,55079013600,-87.98336380852676,43.08546039091554,-87.9527511611333,43.04369545920421,2020-07-17,1,15.0
55079003700,55079001600,-87.98336380852676,43.08546039091554,-88.01599665750028,43.11588641903863,2020-07-17,1,15.0
55079003700,55079016800,-87.98336380852676,43.08546039091554,-87.92935001478907,43.01036042537408,2020-07-17,2,30.0
55079003700,55079120101,-87.98336380852676,43.08546039091554,-88.04814010007517,42.95916305909443,2020-07-17,1,15.0
55079003700,55079070100,-87.98336380852676,43.08546039091554,-87.9076583493148,43.12063010988105,2020-07-17,1,15.0
55079003700,55079007700,-87.98336380852676,43.08546039091554,-87.88849935823362,43.06389053422122,2020-07-17,1,15.0
55079003700,55079003600,-87.98336380852676,43.08546039091554,-87.98321131530031,43.092736225323044,2020-07-17,10,154.0
55079003700,55079003800,-87.98336380852676,43.08546039091554,-87.97215356169055,43.086187842345545,2020-07-17,2,30.0
55079003700,55079150100,-87.98336380852676,43.08546039091554,-87.97759713310646,42.91424119290261,2020-07-17,1,15.0
55079003700,55079003400,-87.98336380852676,43.08546039091554,-88.02444287795417,43.0934576342605,2020-07-17,7,108.0
55079003700,55079005800,-87.98336380852676,43.08546039091554,-87.99994620357029,43.072303413103626,2020-07-17,3,46.0
55079003700,55079014100,-87.98336380852676,43.08546039091554,-87.92097269793881,43.04863570292668,2020-07-17,1,15.0
55079003700,55079009400,-87.98336380852676,43.08546039091554,-87.98309572088205,43.053347935581954,2020-07-17,2,30.0
55079003700,55079015800,-87.98336380852676,43.08546039091554,-87.93761636287321,43.021659379009066,2020-07-17,1,15.0
55079003700,55079007300,-87.98336380852676,43.08546039091554,-87.88807891595606,43.0779148594549,2020-07-17,1,15.0
55079003700,55079000700,-87.98336380852676,43.08546039091554,-87.99009583376943,43.15588909293765,2020-07-17,3,46.0
55079003700,55079003100,-87.98336380852676,43.08546039091554,-87.98607018194353,43.10091760946077,2020-07-17,1,15.0
55079003700,55079005200,-87.98336380852676,43.08546039091554,-88.0124256780363,43.086227920709504,2020-07-17,1,15.0
55079003700,55079005900,-87.98336380852676,43.08546039091554,-87.98523579862835,43.06821108392844,2020-07-17,2,30.0
55079003700,55079006600,-87.98336380852676,43.08546039091554,-87.93135214789555,43.075399167305534,2020-07-17,1,15.0
55079003700,55079007600,-87.98336380852676,43.08546039091554,-87.87859580944733,43.06399812725538,2020-07-17,1,15.0
55079003700,55079001300,-87.98336380852676,43.08546039091554,-87.99843350448002,43.126783535933505,2020-07-17,1,15.0
55079003700,55079001700,-87.98336380852676,43.08546039091554,-88.01621221830194,43.10855887721336,2020-07-17,3,46.0
55079003700,55079004200,-87.98336380852676,43.08546039091554,-87.94544782159862,43.09516547779425,2020-07-17,2,30.0
55079003700,55079014900,-87.98336380852676,43.08546039091554,-87.94481830610269,43.03704436935605,2020-07-17,1,15.0
55079003700,55079002000,-87.98336380852676,43.08546039091554,-87.96815137233186,43.115621500302275,2020-07-17,2,30.0
55079003700,55079000201,-87.98336380852676,43.08546039091554,-88.0472441211064,43.1799495757708,2020-07-17,1,15.0
55079003700,55079007800,-87.98336380852676,43.08546039091554,-87.88801504624632,43.07075279367613,2020-07-17,2,30.0
55079003700,55079016400,-87.98336380852676,43.08546039091554,-87.92777599229481,43.01665943799343,2020-07-17,1,15.0
55079003700,55079009000,-87.98336380852676,43.08546039091554,-87.9610837883489,43.060355868415826,2020-07-17,1,15.0
55079003700,55079009100,-87.98336380852676,43.08546039091554,-87.96852806703085,43.060675408064526,2020-07-17,2,30.0
55079003700,55079001900,-87.98336380852676,43.08546039091554,-87.98367415791445,43.115686316787006,2020-07-17,3,46.0
55079003700,55079003700,-87.98336380852676,43.08546039091554,-87.98336380852676,43.08546039091554,2020-07-17,104,1606.0
55079003700,55079009600,-87.98336380852676,43.08546039091554,-87.96486502955395,43.05277336645368,2020-07-17,8,123.0
55079003700,55079008900,-87.98336380852676,43.08546039091554,-87.95337828163817,43.06706338271535,2020-07-17,1,15.0
55079003700,55079091000,-87.98336380852676,43.08546039091554,-87.99705672432205,43.06433297165757,2020-07-17,1,15.0
55079003700,55079100300,-87.98336380852676,43.08546039091554,-88.00316709835943,43.017354422985534,2020-07-17,1,15.0
55079003700,55079005100,-87.98336380852676,43.08546039091554,-87.99757698420609,43.08261869423604,2020-07-17,2,30.0
55079003700,55079004900,-87.98336380852676,43.08546039091554,-87.97231517837423,43.077061406485264,2020-07-17,3,46.0
55079003700,55079186100,-87.98336380852676,43.08546039091554,-87.94279275484007,43.048652729679134,2020-07-17,1,15.0
55079003700,55079013300,-87.98336380852676,43.08546039091554,-87.96206431187025,43.03483590901066,2020-07-17,1,15.0
55079003700,55079002500,-87.98336380852676,43.08546039091554,-87.96218045466739,43.10795733493045,2020-07-17,1,15.0
55079003700,55079006100,-87.98336380852676,43.08546039091554,-87.96847508739953,43.06791249267312,2020-07-17,1,15.0
55079003700,55079001000,-87.98336380852676,43.08546039091554,-87.95348314468296,43.12464896388482,2020-07-17,1,15.0
55079003700,55079002200,-87.98336380852676,43.08546039091554,-87.9335870089048,43.11469059411332,2020-07-17,2,30.0
55079003700,55079009900,-87.98336380852676,43.08546039091554,-87.94630275235495,43.060274421469344,2020-07-17,1,15.0
55079003700,55079185400,-87.98336380852676,43.08546039091554,-87.93768935592728,43.06023552955454,2020-07-17,1,15.0
55079003700,55079006900,-87.98336380852676,43.08546039091554,-87.91078185483303,43.07979537793229,2020-07-17,1,15.0
55079001400,55079004300,-88.01656972395298,43.130900969315825,-87.93220867621264,43.094799127568905,2020-07-17,2,47.0
55079001400,55079060200,-88.01656972395298,43.130900969315825,-87.9245165328896,43.11556508690733,2020-07-17,4,95.0
55079001400,55079016200,-88.01656972395298,43.130900969315825,-87.94745090497267,43.01660575920564,2020-07-17,3,71.0
55079001400,55079000101,-88.01656972395298,43.130900969315825,-88.00922083481396,43.18510784936368,2020-07-17,2,47.0
55079001400,55079000102,-88.01656972395298,43.130900969315825,-88.01167859828367,43.164645145767146,2020-07-17,2,47.0
55079001400,55079002300,-88.01656972395298,43.130900969315825,-87.93621856893152,43.105985427841645,2020-07-17,4,95.0
55079001400,55079110100,-88.01656972395298,43.130900969315825,-87.9710022364233,43.012448953036525,2020-07-17,1,23.0
55079001400,55079000600,-88.01656972395298,43.130900969315825,-88.00190569680801,43.14010292722225,2020-07-17,8,191.0
55079001400,55079090300,-88.01656972395298,43.130900969315825,-88.0515779905257,43.06739040507833,2020-07-17,1,23.0
55079001400,55079021700,-88.01656972395298,43.130900969315825,-87.91312462574102,42.94052513723052,2020-07-17,1,23.0
55079001400,55079090200,-88.01656972395298,43.130900969315825,-88.05200796218348,43.081902180003375,2020-07-17,2,47.0
55079001400,55079000501,-88.01656972395298,43.130900969315825,-88.04340002069712,43.115390222488664,2020-07-17,3,71.0
55079001400,55079003500,-88.01656972395298,43.130900969315825,-87.99830093777771,43.09359369867719,2020-07-17,2,47.0
55079001400,55079003200,-88.01656972395298,43.130900969315825,-88.00111189801154,43.10115852758208,2020-07-17,1,23.0
55079001400,55079060101,-88.01656972395298,43.130900969315825,-87.92535691568614,43.13950788268824,2020-07-17,1,23.0
55079001400,55079185500,-88.01656972395298,43.130900969315825,-87.92624880733425,43.0601763240656,2020-07-17,1,23.0
55079001400,55079000302,-88.01656972395298,43.130900969315825,-88.04649688617519,43.13922972061493,2020-07-17,1,23.0
55079001400,55079185300,-88.01656972395298,43.130900969315825,-88.04265402690729,43.049880154873065,2020-07-17,1,23.0
55079001400,55079187400,-88.01656972395298,43.130900969315825,-87.90767949876499,43.03217517915639,2020-07-17,1,23.0
55079001400,55079000800,-88.01656972395298,43.130900969315825,-87.97372753660457,43.14064967469203,2020-07-17,1,23.0
55079001400,55079004600,-88.01656972395298,43.130900969315825,-87.9321086251029,43.08569057130924,2020-07-17,1,23.0
55079001400,55079000400,-88.01656972395298,43.130900969315825,-88.05554472050937,43.110954423820296,2020-07-17,1,23.0
55079001400,55079000502,-88.01656972395298,43.130900969315825,-88.03128731150349,43.12480634966938,2020-07-17,2,47.0
55079001400,55079186800,-88.01656972395298,43.130900969315825,-87.9506670108877,43.02815858561159,2020-07-17,2,47.0
55079001400,55079006000,-88.01656972395298,43.130900969315825,-87.97554005335066,43.067947929210746,2020-07-17,1,23.0
55079001400,55079020100,-88.01656972395298,43.130900969315825,-87.94099671150566,42.988482506396224,2020-07-17,2,47.0
55079001400,55079001400,-88.01656972395298,43.130900969315825,-88.01656972395298,43.130900969315825,2020-07-17,87,2086.0
55079001400,55079003300,-88.01656972395298,43.130900969315825,-88.0173066794685,43.1010408446094,2020-07-17,1,23.0
55079001400,55079008500,-88.01656972395298,43.130900969315825,-87.9298714910033,43.06776123229879,2020-07-17,1,23.0
55079001400,55079003600,-88.01656972395298,43.130900969315825,-87.98321131530031,43.092736225323044,2020-07-17,2,47.0
55079001400,55079011300,-88.01656972395298,43.130900969315825,-87.90713298111844,43.04890661506502,2020-07-17,2,47.0
55079001400,55079001800,-88.01656972395298,43.130900969315825,-87.99853790291819,43.115847306484916,2020-07-17,1,23.0
55079001400,55079005800,-88.01656972395298,43.130900969315825,-87.99994620357029,43.072303413103626,2020-07-17,1,23.0
55079001400,55079035200,-88.01656972395298,43.130900969315825,-87.9070718018067,43.16012040860922,2020-07-17,1,23.0
55079001400,55079050102,-88.01656972395298,43.130900969315825,-87.96743569232115,43.172443064752215,2020-07-17,3,71.0
55079001400,55079020700,-88.01656972395298,43.130900969315825,-87.89282968229121,42.980391637955094,2020-07-17,1,23.0
55079001400,55079000700,-88.01656972395298,43.130900969315825,-87.99009583376943,43.15588909293765,2020-07-17,2,47.0
55079001400,55079010700,-88.01656972395298,43.130900969315825,-87.90095083433016,43.0597678010215,2020-07-17,1,23.0
55079001400,55079003100,-88.01656972395298,43.130900969315825,-87.98607018194353,43.10091760946077,2020-07-17,1,23.0
55079001400,55079007600,-88.01656972395298,43.130900969315825,-87.87859580944733,43.06399812725538,2020-07-17,1,23.0
55079001400,55079000900,-88.01656972395298,43.130900969315825,-87.95566887882444,43.14970170326806,2020-07-17,2,47.0
55079001400,55079001300,-88.01656972395298,43.130900969315825,-87.99843350448002,43.126783535933505,2020-07-17,2,47.0
55079001400,55079001700,-88.01656972395298,43.130900969315825,-88.01621221830194,43.10855887721336,2020-07-17,1,23.0
55079001400,55079001500,-88.01656972395298,43.130900969315825,-88.01520145334699,43.123754077777434,2020-07-17,2,47.0
55079001400,55079000201,-88.01656972395298,43.130900969315825,-88.0472441211064,43.1799495757708,2020-07-17,3,71.0
55079001400,55079004700,-88.01656972395298,43.130900969315825,-87.94760565609727,43.08576787197636,2020-07-17,1,23.0
55079001400,55079018500,-88.01656972395298,43.130900969315825,-87.91439743752404,42.98441904059949,2020-07-17,1,23.0
55079001400,55079016400,-88.01656972395298,43.130900969315825,-87.92777599229481,43.01665943799343,2020-07-17,1,23.0
55079001400,55079013700,-88.01656972395298,43.130900969315825,-87.94529508707278,43.04229912697773,2020-07-17,1,23.0
55079001400,55079000304,-88.01656972395298,43.130900969315825,-88.02644618111368,43.14364069729464,2020-07-17,3,71.0
55079001400,55079003700,-88.01656972395298,43.130900969315825,-87.98336380852676,43.08546039091554,2020-07-17,1,23.0
55079001400,55079001100,-88.01656972395298,43.130900969315825,-87.96901390366762,43.127689901740844,2020-07-17,1,23.0
55079001400,55079009600,-88.01656972395298,43.130900969315825,-87.96486502955395,43.05277336645368,2020-07-17,2,47.0
55079001400,55079004100,-88.01656972395298,43.130900969315825,-87.95681147526382,43.0940907627305,2020-07-17,1,23.0
55079001400,55079060102,-88.01656972395298,43.130900969315825,-87.93974960524739,43.148654535590595,2020-07-17,1,23.0
55079001400,55079004900,-88.01656972395298,43.130900969315825,-87.97231517837423,43.077061406485264,2020-07-17,1,23.0
55079001400,55079009200,-88.01656972395298,43.130900969315825,-87.97560474362125,43.06069020349929,2020-07-17,1,23.0
55079001400,55079017100,-88.01656972395298,43.130900969315825,-87.95808412992528,43.01056521552099,2020-07-17,1,23.0
55079001400,55079000303,-88.01656972395298,43.130900969315825,-88.04588241201564,43.12968529312476,2020-07-17,1,23.0
55079001400,55079001000,-88.01656972395298,43.130900969315825,-87.95348314468296,43.12464896388482,2020-07-17,1,23.0
55079001400,55079008600,-88.01656972395298,43.130900969315825,-87.93517868399437,43.06762170689756,2020-07-17,1,23.0
55079001400,55079006500,-88.01656972395298,43.130900969315825,-87.94229465456391,43.0797331466399,2020-07-17,1,23.0
55079001400,55079015900,-88.01656972395298,43.130900969315825,-87.9473669417017,43.02159668337006,2020-07-17,4,95.0
55079012300,55079002100,-87.96196748080853,43.043599093031496,-87.95315716160212,43.115529640428136,2020-07-17,1,16.0
55079012300,55079004300,-87.96196748080853,43.043599093031496,-87.93220867621264,43.094799127568905,2020-07-17,1,16.0
55079012300,55079060200,-87.96196748080853,43.043599093031496,-87.9245165328896,43.11556508690733,2020-07-17,1,16.0
55079012300,55079015700,-87.96196748080853,43.043599093031496,-87.92777138656925,43.021663598322064,2020-07-17,1,16.0
55079012300,55079019000,-87.96196748080853,43.043599093031496,-87.967877289968,42.995496154489715,2020-07-17,3,50.0
55079012300,55079000102,-87.96196748080853,43.043599093031496,-88.01167859828367,43.164645145767146,2020-07-17,1,16.0
55079012300,55079110100,-87.96196748080853,43.043599093031496,-87.9710022364233,43.012448953036525,2020-07-17,2,33.0
55079012300,55079101000,-87.96196748080853,43.043599093031496,-88.05764456171738,42.99173938525954,2020-07-17,1,16.0
55079012300,55079186300,-87.96196748080853,43.043599093031496,-87.91799927397663,43.040616743150025,2020-07-17,1,16.0
55079012300,55079012400,-87.96196748080853,43.043599093031496,-87.97680856828566,43.04580144948212,2020-07-17,1,16.0
55079012300,55079120203,-87.96196748080853,43.043599093031496,-88.00776394431053,42.95694649923871,2020-07-17,2,33.0
55079012300,55079160300,-87.96196748080853,43.043599093031496,-87.8893867076047,42.856940087232964,2020-07-17,1,16.0
55079012300,55079005300,-87.96196748080853,43.043599093031496,-88.01242727702714,43.07892288175221,2020-07-17,1,16.0
55079012300,55079021400,-87.96196748080853,43.043599093031496,-87.93891709359613,42.96295890378409,2020-07-17,1,16.0
55079012300,55079090600,-87.96196748080853,43.043599093031496,-88.05435154566402,43.03795832032663,2020-07-17,1,16.0
55079012300,55079185300,-87.96196748080853,43.043599093031496,-88.04265402690729,43.049880154873065,2020-07-17,1,16.0
55079012300,55079186800,-87.96196748080853,43.043599093031496,-87.9506670108877,43.02815858561159,2020-07-17,1,16.0
55079012300,55079187200,-87.96196748080853,43.043599093031496,-88.00769048889484,42.863813659193866,2020-07-17,1,16.0
55079012300,55079018900,-87.96196748080853,43.043599093031496,-87.95323213052187,42.995654122863776,2020-07-17,1,16.0
55079012300,55079160202,-87.96196748080853,43.043599093031496,-87.87217546542965,42.881379330302295,2020-07-17,1,16.0
55079012300,55079101100,-87.96196748080853,43.043599093031496,-88.04276904850849,42.99420752845147,2020-07-17,1,16.0
55079012300,55079140201,-87.96196748080853,43.043599093031496,-87.99911426080601,42.93902100763907,2020-07-17,1,16.0
55079012300,55079003300,-87.96196748080853,43.043599093031496,-88.0173066794685,43.1010408446094,2020-07-17,1,16.0
55079012300,55079001600,-87.96196748080853,43.043599093031496,-88.01599665750028,43.11588641903863,2020-07-17,2,33.0
55079012300,55079003600,-87.96196748080853,43.043599093031496,-87.98321131530031,43.092736225323044,2020-07-17,2,33.0
55079012300,55079100400,-87.96196748080853,43.043599093031496,-88.01166560297426,43.0170103539625,2020-07-17,1,16.0
55079012300,55079021600,-87.96196748080853,43.043599093031496,-87.92488475274558,42.952251222261935,2020-07-17,2,33.0
55079012300,55079050102,-87.96196748080853,43.043599093031496,-87.96743569232115,43.172443064752215,2020-07-17,1,16.0
55079012300,55079080200,-87.96196748080853,43.043599093031496,-87.8877423232882,43.0942616397457,2020-07-17,2,33.0
55079012300,55079100200,-87.96196748080853,43.043599093031496,-87.99137992566246,43.01460892403096,2020-07-17,2,33.0
55079012300,55079005200,-87.96196748080853,43.043599093031496,-88.0124256780363,43.086227920709504,2020-07-17,1,16.0
55079012300,55079005900,-87.96196748080853,43.043599093031496,-87.98523579862835,43.06821108392844,2020-07-17,1,16.0
55079012300,55079000900,-87.96196748080853,43.043599093031496,-87.95566887882444,43.14970170326806,2020-07-17,1,16.0
55079012300,55079186600,-87.96196748080853,43.043599093031496,-87.91355022125023,43.001384465822476,2020-07-17,2,33.0
55079012300,55079012300,-87.96196748080853,43.043599093031496,-87.96196748080853,43.043599093031496,2020-07-17,53,898.0
55079012300,55079001500,-87.96196748080853,43.043599093031496,-88.01520145334699,43.123754077777434,2020-07-17,1,16.0
55079012300,55079016000,-87.96196748080853,43.043599093031496,-87.95725941865898,43.02137414837421,2020-07-17,1,16.0
55079012300,55079009000,-87.96196748080853,43.043599093031496,-87.9610837883489,43.060355868415826,2020-07-17,1,16.0
55079012300,55079013700,-87.96196748080853,43.043599093031496,-87.94529508707278,43.04229912697773,2020-07-17,1,16.0
55079012300,55079016500,-87.96196748080853,43.043599093031496,-87.91153110922029,43.01579142211555,2020-07-17,1,16.0
55079012300,55079180200,-87.96196748080853,43.043599093031496,-87.85506992096182,42.95465467367753,2020-07-17,1,16.0
55079012300,55079009600,-87.96196748080853,43.043599093031496,-87.96486502955395,43.05277336645368,2020-07-17,7,118.0
55079012300,55079004100,-87.96196748080853,43.043599093031496,-87.95681147526382,43.0940907627305,2020-07-17,1,16.0
55079012300,55079170100,-87.96196748080853,43.043599093031496,-87.84892368656588,42.919583500675934,2020-07-17,1,16.0
55079012300,55079013400,-87.96196748080853,43.043599093031496,-87.95356038604784,43.03496530197635,2020-07-17,2,33.0
55079012300,55079186200,-87.96196748080853,43.043599093031496,-87.93244814260824,43.04856605375616,2020-07-17,1,16.0
55079012300,55079186900,-87.96196748080853,43.043599093031496,-87.88804149673794,43.05226526687869,2020-07-17,1,16.0
55079012300,55079014800,-87.96196748080853,43.043599093031496,-87.9402035907502,43.042125624825495,2020-07-17,1,16.0
55079012300,55079185200,-87.96196748080853,43.043599093031496,-87.88193798921913,42.967674094622936,2020-07-17,1,16.0
55079012300,55079016900,-87.96196748080853,43.043599093031496,-87.93770785693083,43.00951913559766,2020-07-17,1,16.0
55079012300,55079012200,-87.96196748080853,43.043599093031496,-87.95271101560115,43.04866661559741,2020-07-17,3,50.0
55079012300,55079013300,-87.96196748080853,43.043599093031496,-87.96206431187025,43.03483590901066,2020-07-17,1,16.0
55079012300,55079009900,-87.96196748080853,43.043599093031496,-87.94630275235495,43.060274421469344,2020-07-17,1,16.0
55079012300,55079017200,-87.96196748080853,43.043599093031496,-87.95621680562614,43.002904101727246,2020-07-17,2,33.0
55079012300,55079013500,-87.96196748080853,43.043599093031496,-87.9526122313311,43.040147622140005,2020-07-17,1,16.0
55079012300,55079009700,-87.96196748080853,43.043599093031496,-87.95262115062044,43.05393954073114,2020-07-17,1,16.0
55079012300,55079008700,-87.96196748080853,43.043599093031496,-87.93997122125838,43.06781436915486,2020-07-17,1,16.0
55079013300,55079004300,-87.96206431187025,43.03483590901066,-87.93220867621264,43.094799127568905,2020-07-17,1,18.0
55079013300,55079060200,-87.96206431187025,43.03483590901066,-87.9245165328896,43.11556508690733,2020-07-17,1,18.0
55079013300,55079004500,-87.96206431187025,43.03483590901066,-87.92226909278084,43.08550885272536,2020-07-17,1,18.0
55079013300,55079012800,-87.96206431187025,43.03483590901066,-88.03145321223326,43.03059221584991,2020-07-17,2,37.0
55079013300,55079091300,-87.96206431187025,43.03483590901066,-88.0097444924032,43.037871666045895,2020-07-17,1,18.0
55079013300,55079110100,-87.96206431187025,43.03483590901066,-87.9710022364233,43.012448953036525,2020-07-17,5,93.0
55079013300,55079000600,-87.96206431187025,43.03483590901066,-88.00190569680801,43.14010292722225,2020-07-17,2,37.0
55079013300,55079090200,-87.96206431187025,43.03483590901066,-88.05200796218348,43.081902180003375,2020-07-17,1,18.0
55079013300,55079160300,-87.96206431187025,43.03483590901066,-87.8893867076047,42.856940087232964,2020-07-17,1,18.0
55079013300,55079000800,-87.96206431187025,43.03483590901066,-87.97372753660457,43.14064967469203,2020-07-17,1,18.0
55079013300,55079012500,-87.96206431187025,43.03483590901066,-87.97654888060033,43.037091021714275,2020-07-17,1,18.0
55079013300,55079160204,-87.96206431187025,43.03483590901066,-87.9317944903397,42.879700165258704,2020-07-17,1,18.0
55079013300,55079186800,-87.96206431187025,43.03483590901066,-87.9506670108877,43.02815858561159,2020-07-17,1,18.0
55079013300,55079187200,-87.96206431187025,43.03483590901066,-88.00769048889484,42.863813659193866,2020-07-17,1,18.0
55079013300,55079091200,-87.96206431187025,43.03483590901066,-88.00388284004167,43.0467075980639,2020-07-17,2,37.0
55079013300,55079013600,-87.96206431187025,43.03483590901066,-87.9527511611333,43.04369545920421,2020-07-17,1,18.0
55079013300,55079091400,-87.96206431187025,43.03483590901066,-87.99383660813824,43.04031315098078,2020-07-17,2,37.0
55079013300,55079021600,-87.96206431187025,43.03483590901066,-87.92488475274558,42.952251222261935,2020-07-17,1,18.0
55079013300,55079035200,-87.96206431187025,43.03483590901066,-87.9070718018067,43.16012040860922,2020-07-17,1,18.0
55079013300,55079080200,-87.96206431187025,43.03483590901066,-87.8877423232882,43.0942616397457,2020-07-17,1,18.0
55079013300,55079100200,-87.96206431187025,43.03483590901066,-87.99137992566246,43.01460892403096,2020-07-17,1,18.0
55079013300,55079012600,-87.96206431187025,43.03483590901066,-87.99443577770006,43.034032251200934,2020-07-17,2,37.0
55079013300,55079186600,-87.96206431187025,43.03483590901066,-87.91355022125023,43.001384465822476,2020-07-17,1,18.0
55079013300,55079000201,-87.96206431187025,43.03483590901066,-88.0472441211064,43.1799495757708,2020-07-17,1,18.0
55079013300,55079016000,-87.96206431187025,43.03483590901066,-87.95725941865898,43.02137414837421,2020-07-17,1,18.0
55079013300,55079004100,-87.96206431187025,43.03483590901066,-87.95681147526382,43.0940907627305,2020-07-17,1,18.0
55079013300,55079013400,-87.96206431187025,43.03483590901066,-87.95356038604784,43.03496530197635,2020-07-17,2,37.0
55079013300,55079100300,-87.96206431187025,43.03483590901066,-88.00316709835943,43.017354422985534,2020-07-17,1,18.0
55079013300,55079005100,-87.96206431187025,43.03483590901066,-87.99757698420609,43.08261869423604,2020-07-17,1,18.0
55079013300,55079009200,-87.96206431187025,43.03483590901066,-87.97560474362125,43.06069020349929,2020-07-17,1,18.0
55079013300,55079012900,-87.96206431187025,43.03483590901066,-87.99989477924994,43.028140622580246,2020-07-17,1,18.0
55079013300,55079017100,-87.96206431187025,43.03483590901066,-87.95808412992528,43.01056521552099,2020-07-17,1,18.0
55079013300,55079012200,-87.96206431187025,43.03483590901066,-87.95271101560115,43.04866661559741,2020-07-17,1,18.0
55079013300,55079013300,-87.96206431187025,43.03483590901066,-87.96206431187025,43.03483590901066,2020-07-17,50,932.0
55079100600,55079004300,-88.02237498004419,43.02035162464835,-87.93220867621264,43.094799127568905,2020-07-17,1,19.0
55079100600,55079004400,-88.02237498004419,43.02035162464835,-87.90608569163814,43.089298213737145,2020-07-17,1,19.0
55079100600,55079012800,-88.02237498004419,43.02035162464835,-88.03145321223326,43.03059221584991,2020-07-17,2,38.0
55079100600,55079100100,-88.02237498004419,43.02035162464835,-87.98598444052216,43.01659648927991,2020-07-17,1,19.0
55079100600,55079100700,-88.02237498004419,43.02035162464835,-88.03788629567484,43.0213025080197,2020-07-17,6,114.0
55079100600,55079002300,-88.02237498004419,43.02035162464835,-87.93621856893152,43.105985427841645,2020-07-17,1,19.0
55079100600,55079101000,-88.02237498004419,43.02035162464835,-88.05764456171738,42.99173938525954,2020-07-17,9,171.0
55079100600,55079021700,-88.02237498004419,43.02035162464835,-87.91312462574102,42.94052513723052,2020-07-17,1,19.0
55079100600,55079120501,-88.02237498004419,43.02035162464835,-87.96680035551529,42.94072396992586,2020-07-17,2,38.0
55079100600,55079090200,-88.02237498004419,43.02035162464835,-88.05200796218348,43.081902180003375,2020-07-17,2,38.0
55079100600,55079120400,-88.02237498004419,43.02035162464835,-87.96548496050795,42.96670427425607,2020-07-17,2,38.0
55079100600,55079120203,-88.02237498004419,43.02035162464835,-88.00776394431053,42.95694649923871,2020-07-17,3,57.0
55079100600,55079187300,-88.02237498004419,43.02035162464835,-87.9656302556773,42.887159701718595,2020-07-17,1,19.0
55079100600,55079000501,-88.02237498004419,43.02035162464835,-88.04340002069712,43.115390222488664,2020-07-17,3,57.0
55079100600,55079004800,-88.02237498004419,43.02035162464835,-87.96231596301399,43.077035360461494,2020-07-17,1,19.0
55079100600,55079021400,-88.02237498004419,43.02035162464835,-87.93891709359613,42.96295890378409,2020-07-17,1,19.0
55079100600,55079185300,-88.02237498004419,43.02035162464835,-88.04265402690729,43.049880154873065,2020-07-17,1,19.0
55079100600,55079187400,-88.02237498004419,43.02035162464835,-87.90767949876499,43.03217517915639,2020-07-17,1,19.0
55079100600,55079006000,-88.02237498004419,43.02035162464835,-87.97554005335066,43.067947929210746,2020-07-17,1,19.0
55079100600,55079091200,-88.02237498004419,43.02035162464835,-88.00388284004167,43.0467075980639,2020-07-17,1,19.0
55079100600,55079100500,-88.02237498004419,43.02035162464835,-88.02674691869541,43.01326660162138,2020-07-17,2,38.0
55079100600,55079100600,-88.02237498004419,43.02035162464835,-88.02237498004419,43.02035162464835,2020-07-17,98,1869.0
55079100600,55079100900,-88.02237498004419,43.02035162464835,-88.05216898532913,43.00959788353506,2020-07-17,7,133.0
55079100600,55079101100,-88.02237498004419,43.02035162464835,-88.04276904850849,42.99420752845147,2020-07-17,10,190.0
55079100600,55079140201,-88.02237498004419,43.02035162464835,-87.99911426080601,42.93902100763907,2020-07-17,3,57.0
55079100600,55079120101,-88.02237498004419,43.02035162464835,-88.04814010007517,42.95916305909443,2020-07-17,3,57.0
55079100600,55079070100,-88.02237498004419,43.02035162464835,-87.9076583493148,43.12063010988105,2020-07-17,1,19.0
55079100600,55079003600,-88.02237498004419,43.02035162464835,-87.98321131530031,43.092736225323044,2020-07-17,1,19.0
55079100600,55079100400,-88.02237498004419,43.02035162464835,-88.01166560297426,43.0170103539625,2020-07-17,8,152.0
55079100600,55079150100,-88.02237498004419,43.02035162464835,-87.97759713310646,42.91424119290261,2020-07-17,2,38.0
55079100600,55079021600,-88.02237498004419,43.02035162464835,-87.92488475274558,42.952251222261935,2020-07-17,2,38.0
55079100600,55079016600,-88.02237498004419,43.02035162464835,-87.9139279223807,43.010028166006215,2020-07-17,1,19.0
55079100600,55079120102,-88.02237498004419,43.02035162464835,-88.04966546230908,42.97409794368699,2020-07-17,3,57.0
55079100600,55079130100,-88.02237498004419,43.02035162464835,-88.04407902007586,42.942752065148895,2020-07-17,2,38.0
55079100600,55079019600,-88.02237498004419,43.02035162464835,-88.00769668957767,42.984657216409644,2020-07-17,6,114.0
55079100600,55079100800,-88.02237498004419,43.02035162464835,-88.05710943935104,43.023654444193184,2020-07-17,3,57.0
55079100600,55079050102,-88.02237498004419,43.02035162464835,-87.96743569232115,43.172443064752215,2020-07-17,1,19.0
55079100600,55079020700,-88.02237498004419,43.02035162464835,-87.89282968229121,42.980391637955094,2020-07-17,2,38.0
55079100600,55079019900,-88.02237498004419,43.02035162464835,-87.98235255712866,42.973172118392476,2020-07-17,1,19.0
55079100600,55079101500,-88.02237498004419,43.02035162464835,-88.00747595996755,43.007126720391405,2020-07-17,3,57.0
55079100600,55079101700,-88.02237498004419,43.02035162464835,-88.00697190300957,43.00173437379505,2020-07-17,2,38.0
55079100600,55079020400,-88.02237498004419,43.02035162464835,-87.9300852632457,42.98834002972675,2020-07-17,2,38.0
55079100600,55079100200,-88.02237498004419,43.02035162464835,-87.99137992566246,43.01460892403096,2020-07-17,1,19.0
55079100600,55079016700,-88.02237498004419,43.02035162464835,-87.92209519609614,43.010301162214034,2020-07-17,1,19.0
55079100600,55079000201,-88.02237498004419,43.02035162464835,-88.0472441211064,43.1799495757708,2020-07-17,1,19.0
55079100600,55079012700,-88.02237498004419,43.02035162464835,-88.0122777504643,43.029662330242175,2020-07-17,4,76.0
55079100600,55079003700,-88.02237498004419,43.02035162464835,-87.98336380852676,43.08546039091554,2020-07-17,1,19.0
55079100600,55079005100,-88.02237498004419,43.02035162464835,-87.99757698420609,43.08261869423604,2020-07-17,1,19.0
55079100600,55079012900,-88.02237498004419,43.02035162464835,-87.99989477924994,43.028140622580246,2020-07-17,5,95.0
55079100600,55079120300,-88.02237498004419,43.02035162464835,-87.97376432533524,42.98091406493879,2020-07-17,1,19.0
55079100600,55079017000,-88.02237498004419,43.02035162464835,-87.9475259715867,43.01041841584858,2020-07-17,1,19.0
55079080400,55079060200,-87.88848724040903,43.08594082590386,-87.9245165328896,43.11556508690733,2020-07-17,6,154.0
55079080400,55079004400,-87.88848724040903,43.08594082590386,-87.90608569163814,43.089298213737145,2020-07-17,3,77.0
55079080400,55079100700,-87.88848724040903,43.08594082590386,-88.03788629567484,43.0213025080197,2020-07-17,1,25.0
55079080400,55079000101,-87.88848724040903,43.08594082590386,-88.00922083481396,43.18510784936368,2020-07-17,1,25.0
55079080400,55079002300,-87.88848724040903,43.08594082590386,-87.93621856893152,43.105985427841645,2020-07-17,1,25.0
55079080400,55079110100,-87.88848724040903,43.08594082590386,-87.9710022364233,43.012448953036525,2020-07-17,3,77.0
55079080400,55079160100,-87.88848724040903,43.08594082590386,-87.91471599062149,42.91513941042769,2020-07-17,2,51.0
55079080400,55079050101,-87.88848724040903,43.08594082590386,-87.98494662348081,43.17683059907653,2020-07-17,1,25.0
55079080400,55079090300,-87.88848724040903,43.08594082590386,-88.0515779905257,43.06739040507833,2020-07-17,1,25.0
55079080400,55079012400,-87.88848724040903,43.08594082590386,-87.97680856828566,43.04580144948212,2020-07-17,1,25.0
55079080400,55079021700,-87.88848724040903,43.08594082590386,-87.91312462574102,42.94052513723052,2020-07-17,2,51.0
55079080400,55079003500,-87.88848724040903,43.08594082590386,-87.99830093777771,43.09359369867719,2020-07-17,2,51.0
55079080400,55079009500,-87.88848724040903,43.08594082590386,-87.97530476217976,43.0530114064315,2020-07-17,1,25.0
55079080400,55079005300,-87.88848724040903,43.08594082590386,-88.01242727702714,43.07892288175221,2020-07-17,1,25.0
55079080400,55079060101,-87.88848724040903,43.08594082590386,-87.92535691568614,43.13950788268824,2020-07-17,1,25.0
55079080400,55079185500,-87.88848724040903,43.08594082590386,-87.92624880733425,43.0601763240656,2020-07-17,1,25.0
55079080400,55079080300,-87.88848724040903,43.08594082590386,-87.87475616434764,43.089996653126924,2020-07-17,10,256.0
55079080400,55079185300,-87.88848724040903,43.08594082590386,-88.04265402690729,43.049880154873065,2020-07-17,1,25.0
55079080400,55079120502,-87.88848724040903,43.08594082590386,-87.96510992081555,42.95304728304586,2020-07-17,1,25.0
55079080400,55079021000,-87.88848724040903,43.08594082590386,-87.89993467732904,42.962739149255064,2020-07-17,1,25.0
55079080400,55079080100,-87.88848724040903,43.08594082590386,-87.89773689723896,43.0955518884228,2020-07-17,3,77.0
55079080400,55079100900,-87.88848724040903,43.08594082590386,-88.05216898532913,43.00959788353506,2020-07-17,2,51.0
55079080400,55079140201,-87.88848724040903,43.08594082590386,-87.99911426080601,42.93902100763907,2020-07-17,1,25.0
55079080400,55079070100,-87.88848724040903,43.08594082590386,-87.9076583493148,43.12063010988105,2020-07-17,2,51.0
55079080400,55079030100,-87.88848724040903,43.08594082590386,-87.89837270942148,43.1819862198906,2020-07-17,3,77.0
55079080400,55079007700,-87.88848724040903,43.08594082590386,-87.88849935823362,43.06389053422122,2020-07-17,2,51.0
55079080400,55079011300,-87.88848724040903,43.08594082590386,-87.90713298111844,43.04890661506502,2020-07-17,1,25.0
55079080400,55079014400,-87.88848724040903,43.08594082590386,-87.90784049253895,43.042413401572134,2020-07-17,1,25.0
55079080400,55079100400,-87.88848724040903,43.08594082590386,-88.01166560297426,43.0170103539625,2020-07-17,1,25.0
55079080400,55079070200,-87.88848724040903,43.08594082590386,-87.8919112738197,43.1133970416122,2020-07-17,1,25.0
55079080400,55079021600,-87.88848724040903,43.08594082590386,-87.92488475274558,42.952251222261935,2020-07-17,1,25.0
55079080400,55079005800,-87.88848724040903,43.08594082590386,-87.99994620357029,43.072303413103626,2020-07-17,2,51.0
55079080400,55079035200,-87.88848724040903,43.08594082590386,-87.9070718018067,43.16012040860922,2020-07-17,2,51.0
55079080400,55079016100,-87.88848724040903,43.08594082590386,-87.95946595975387,43.016089910899275,2020-07-17,1,25.0
55079080400,55079187000,-87.88848724040903,43.08594082590386,-87.88728455831759,43.05530607398437,2020-07-17,1,25.0
55079080400,55079014100,-87.88848724040903,43.08594082590386,-87.92097269793881,43.04863570292668,2020-07-17,1,25.0
55079080400,55079007300,-87.88848724040903,43.08594082590386,-87.88807891595606,43.0779148594549,2020-07-17,3,77.0
55079080400,55079080200,-87.88848724040903,43.08594082590386,-87.8877423232882,43.0942616397457,2020-07-17,13,333.0
55079080400,55079010700,-87.88848724040903,43.08594082590386,-87.90095083433016,43.0597678010215,2020-07-17,1,25.0
55079080400,55079100200,-87.88848724040903,43.08594082590386,-87.99137992566246,43.01460892403096,2020-07-17,1,25.0
55079080400,55079007600,-87.88848724040903,43.08594082590386,-87.87859580944733,43.06399812725538,2020-07-17,2,51.0
55079080400,55079080400,-87.88848724040903,43.08594082590386,-87.88848724040903,43.08594082590386,2020-07-17,99,2542.0
55079080400,55079003900,-87.88848724040903,43.08594082590386,-87.96215160813261,43.086172227530916,2020-07-17,1,25.0
55079080400,55079004700,-87.88848724040903,43.08594082590386,-87.94760565609727,43.08576787197636,2020-07-17,1,25.0
55079080400,55079150303,-87.88848724040903,43.08594082590386,-88.02312771344377,42.88960646488504,2020-07-17,1,25.0
55079080400,55079186400,-87.88848724040903,43.08594082590386,-87.93038892981184,43.03695266796131,2020-07-17,1,25.0
55079080400,55079004100,-87.88848724040903,43.08594082590386,-87.95681147526382,43.0940907627305,2020-07-17,1,25.0
55079080400,55079100300,-87.88848724040903,43.08594082590386,-88.00316709835943,43.017354422985534,2020-07-17,1,25.0
55079080400,55079007400,-87.88848724040903,43.08594082590386,-87.87216855868374,43.078043126250115,2020-07-17,2,51.0
55079080400,55079001000,-87.88848724040903,43.08594082590386,-87.95348314468296,43.12464896388482,2020-07-17,1,25.0
55079080400,55079008400,-87.88848724040903,43.08594082590386,-87.92332577697063,43.067583013115005,2020-07-17,1,25.0
55079002600,55079002100,-87.96192834607115,43.10067420371696,-87.95315716160212,43.115529640428136,2020-07-17,1,25.0
55079002600,55079002400,-87.96192834607115,43.10067420371696,-87.95188617843814,43.106404380820805,2020-07-17,4,101.0
55079002600,55079060200,-87.96192834607115,43.10067420371696,-87.9245165328896,43.11556508690733,2020-07-17,3,76.0
55079002600,55079004400,-87.96192834607115,43.10067420371696,-87.90608569163814,43.089298213737145,2020-07-17,1,25.0
55079002600,55079004500,-87.96192834607115,43.10067420371696,-87.92226909278084,43.08550885272536,2020-07-17,1,25.0
55079002600,55079015700,-87.96192834607115,43.10067420371696,-87.92777138656925,43.021663598322064,2020-07-17,2,50.0
55079002600,55079019000,-87.96192834607115,43.10067420371696,-87.967877289968,42.995496154489715,2020-07-17,1,25.0
55079002600,55079000101,-87.96192834607115,43.10067420371696,-88.00922083481396,43.18510784936368,2020-07-17,1,25.0
55079002600,55079000102,-87.96192834607115,43.10067420371696,-88.01167859828367,43.164645145767146,2020-07-17,2,50.0
55079002600,55079000202,-87.96192834607115,43.10067420371696,-88.04132965001602,43.160382512849615,2020-07-17,1,25.0
55079002600,55079002300,-87.96192834607115,43.10067420371696,-87.93621856893152,43.105985427841645,2020-07-17,2,50.0
55079002600,55079110100,-87.96192834607115,43.10067420371696,-87.9710022364233,43.012448953036525,2020-07-17,2,50.0
55079002600,55079000600,-87.96192834607115,43.10067420371696,-88.00190569680801,43.14010292722225,2020-07-17,2,50.0
55079002600,55079050101,-87.96192834607115,43.10067420371696,-87.98494662348081,43.17683059907653,2020-07-17,1,25.0
55079002600,55079090300,-87.96192834607115,43.10067420371696,-88.0515779905257,43.06739040507833,2020-07-17,2,50.0
55079002600,55079186300,-87.96192834607115,43.10067420371696,-87.91799927397663,43.040616743150025,2020-07-17,2,50.0
55079002600,55079012400,-87.96192834607115,43.10067420371696,-87.97680856828566,43.04580144948212,2020-07-17,1,25.0
55079002600,55079021700,-87.96192834607115,43.10067420371696,-87.91312462574102,42.94052513723052,2020-07-17,2,50.0
55079002600,55079120501,-87.96192834607115,43.10067420371696,-87.96680035551529,42.94072396992586,2020-07-17,2,50.0
55079002600,55079019100,-87.96192834607115,43.10067420371696,-87.96549351619066,42.982165146288615,2020-07-17,1,25.0
55079002600,55079090100,-87.96192834607115,43.10067420371696,-88.04837730790923,43.0973204568905,2020-07-17,2,50.0
55079002600,55079090200,-87.96192834607115,43.10067420371696,-88.05200796218348,43.081902180003375,2020-07-17,2,50.0
55079002600,55079120203,-87.96192834607115,43.10067420371696,-88.00776394431053,42.95694649923871,2020-07-17,1,25.0
55079002600,55079160300,-87.96192834607115,43.10067420371696,-87.8893867076047,42.856940087232964,2020-07-17,1,25.0
55079002600,55079000501,-87.96192834607115,43.10067420371696,-88.04340002069712,43.115390222488664,2020-07-17,6,152.0
55079002600,55079002700,-87.96192834607115,43.10067420371696,-87.97176690626681,43.100825271475365,2020-07-17,4,101.0
55079002600,55079003500,-87.96192834607115,43.10067420371696,-87.99830093777771,43.09359369867719,2020-07-17,1,25.0
55079002600,55079004800,-87.96192834607115,43.10067420371696,-87.96231596301399,43.077035360461494,2020-07-17,3,76.0
55079002600,55079003200,-87.96192834607115,43.10067420371696,-88.00111189801154,43.10115852758208,2020-07-17,2,50.0
55079002600,55079060101,-87.96192834607115,43.10067420371696,-87.92535691568614,43.13950788268824,2020-07-17,1,25.0
55079002600,55079090600,-87.96192834607115,43.10067420371696,-88.05435154566402,43.03795832032663,2020-07-17,2,50.0
55079002600,55079185300,-87.96192834607115,43.10067420371696,-88.04265402690729,43.049880154873065,2020-07-17,1,25.0
55079002600,55079004000,-87.96192834607115,43.10067420371696,-87.97205846198321,43.09342306765945,2020-07-17,1,25.0
55079002600,55079004600,-87.96192834607115,43.10067420371696,-87.9321086251029,43.08569057130924,2020-07-17,3,76.0
55079002600,55079000502,-87.96192834607115,43.10067420371696,-88.03128731150349,43.12480634966938,2020-07-17,2,50.0
55079002600,55079006000,-87.96192834607115,43.10067420371696,-87.97554005335066,43.067947929210746,2020-07-17,1,25.0
55079002600,55079160203,-87.96192834607115,43.10067420371696,-87.91638950191752,42.89402789790319,2020-07-17,1,25.0
55079002600,55079020100,-87.96192834607115,43.10067420371696,-87.94099671150566,42.988482506396224,2020-07-17,1,25.0
55079002600,55079005000,-87.96192834607115,43.10067420371696,-87.98327608357046,43.07665137069942,2020-07-17,2,50.0
55079002600,55079001400,-87.96192834607115,43.10067420371696,-88.01656972395298,43.130900969315825,2020-07-17,2,50.0
55079002600,55079002800,-87.96192834607115,43.10067420371696,-87.97141961541004,43.10830621321033,2020-07-17,2,50.0
55079002600,55079014600,-87.96192834607115,43.10067420371696,-87.93032605572249,43.04237842637439,2020-07-17,1,25.0
55079002600,55079100900,-87.96192834607115,43.10067420371696,-88.05216898532913,43.00959788353506,2020-07-17,1,25.0
55079002600,55079007000,-87.96192834607115,43.10067420371696,-87.91122456687498,43.07424564740019,2020-07-17,1,25.0
55079002600,55079101100,-87.96192834607115,43.10067420371696,-88.04276904850849,42.99420752845147,2020-07-17,2,50.0
55079002600,55079016800,-87.96192834607115,43.10067420371696,-87.92935001478907,43.01036042537408,2020-07-17,2,50.0
55079002600,55079008500,-87.96192834607115,43.10067420371696,-87.9298714910033,43.06776123229879,2020-07-17,2,50.0
55079002600,55079040100,-87.96192834607115,43.10067420371696,-87.93527423095499,43.17163768621121,2020-07-17,1,25.0
55079002600,55079003600,-87.96192834607115,43.10067420371696,-87.98321131530031,43.092736225323044,2020-07-17,10,254.0
55079002600,55079003800,-87.96192834607115,43.10067420371696,-87.97215356169055,43.086187842345545,2020-07-17,1,25.0
55079002600,55079150100,-87.96192834607115,43.10067420371696,-87.97759713310646,42.91424119290261,2020-07-17,1,25.0
55079002600,55079005800,-87.96192834607115,43.10067420371696,-87.99994620357029,43.072303413103626,2020-07-17,1,25.0
55079002600,55079016100,-87.96192834607115,43.10067420371696,-87.95946595975387,43.016089910899275,2020-07-17,1,25.0
55079002600,55079187000,-87.96192834607115,43.10067420371696,-87.88728455831759,43.05530607398437,2020-07-17,1,25.0
55079002600,55079002900,-87.96192834607115,43.10067420371696,-87.98131890013833,43.108341188298006,2020-07-17,1,25.0
55079002600,55079014100,-87.96192834607115,43.10067420371696,-87.92097269793881,43.04863570292668,2020-07-17,2,50.0
55079002600,55079150301,-87.96192834607115,43.10067420371696,-88.05345903025625,42.89781994777656,2020-07-17,1,25.0
55079002600,55079180300,-87.96192834607115,43.10067420371696,-87.87005593266791,42.951885652862586,2020-07-17,2,50.0
55079002600,55079006300,-87.96192834607115,43.10067420371696,-87.95229119818997,43.07635281761954,2020-07-17,3,76.0
55079002600,55079185700,-87.96192834607115,43.10067420371696,-87.91471207902771,43.06752585199898,2020-07-17,2,50.0
55079002600,55079000700,-87.96192834607115,43.10067420371696,-87.99009583376943,43.15588909293765,2020-07-17,3,76.0
55079002600,55079010700,-87.96192834607115,43.10067420371696,-87.90095083433016,43.0597678010215,2020-07-17,1,25.0
55079002600,55079007200,-87.96192834607115,43.10067420371696,-87.89788270005259,43.07774402945858,2020-07-17,1,25.0
55079002600,55079006600,-87.96192834607115,43.10067420371696,-87.93135214789555,43.075399167305534,2020-07-17,4,101.0
55079002600,55079001300,-87.96192834607115,43.10067420371696,-87.99843350448002,43.126783535933505,2020-07-17,2,50.0
55079002600,55079001700,-87.96192834607115,43.10067420371696,-88.01621221830194,43.10855887721336,2020-07-17,2,50.0
55079002600,55079004200,-87.96192834607115,43.10067420371696,-87.94544782159862,43.09516547779425,2020-07-17,3,76.0
55079002600,55079014900,-87.96192834607115,43.10067420371696,-87.94481830610269,43.03704436935605,2020-07-17,1,25.0
55079002600,55079001500,-87.96192834607115,43.10067420371696,-88.01520145334699,43.123754077777434,2020-07-17,1,25.0
55079002600,55079002000,-87.96192834607115,43.10067420371696,-87.96815137233186,43.115621500302275,2020-07-17,1,25.0
55079002600,55079003900,-87.96192834607115,43.10067420371696,-87.96215160813261,43.086172227530916,2020-07-17,1,25.0
55079002600,55079004700,-87.96192834607115,43.10067420371696,-87.94760565609727,43.08576787197636,2020-07-17,3,76.0
55079002600,55079016400,-87.96192834607115,43.10067420371696,-87.92777599229481,43.01665943799343,2020-07-17,2,50.0
55079002600,55079002600,-87.96192834607115,43.10067420371696,-87.96192834607115,43.10067420371696,2020-07-17,96,2443.0
55079002600,55079009000,-87.96192834607115,43.10067420371696,-87.9610837883489,43.060355868415826,2020-07-17,1,25.0
55079002600,55079013700,-87.96192834607115,43.10067420371696,-87.94529508707278,43.04229912697773,2020-07-17,1,25.0
55079002600,55079001900,-87.96192834607115,43.10067420371696,-87.98367415791445,43.115686316787006,2020-07-17,1,25.0
55079002600,55079003700,-87.96192834607115,43.10067420371696,-87.98336380852676,43.08546039091554,2020-07-17,1,25.0
55079002600,55079009600,-87.96192834607115,43.10067420371696,-87.96486502955395,43.05277336645368,2020-07-17,1,25.0
55079002600,55079008900,-87.96192834607115,43.10067420371696,-87.95337828163817,43.06706338271535,2020-07-17,1,25.0
55079002600,55079004100,-87.96192834607115,43.10067420371696,-87.95681147526382,43.0940907627305,2020-07-17,2,50.0
55079002600,55079005100,-87.96192834607115,43.10067420371696,-87.99757698420609,43.08261869423604,2020-07-17,2,50.0
55079002600,55079009200,-87.96192834607115,43.10067420371696,-87.97560474362125,43.06069020349929,2020-07-17,1,25.0
55079002600,55079012900,-87.96192834607115,43.10067420371696,-87.99989477924994,43.028140622580246,2020-07-17,1,25.0
55079002600,55079013300,-87.96192834607115,43.10067420371696,-87.96206431187025,43.03483590901066,2020-07-17,1,25.0
55079002600,55079002500,-87.96192834607115,43.10067420371696,-87.96218045466739,43.10795733493045,2020-07-17,2,50.0
55079002600,55079006100,-87.96192834607115,43.10067420371696,-87.96847508739953,43.06791249267312,2020-07-17,2,50.0
55079002600,55079006500,-87.96192834607115,43.10067420371696,-87.94229465456391,43.0797331466399,2020-07-17,1,25.0
55079002600,55079008800,-87.96192834607115,43.10067420371696,-87.94617084834631,43.06788862375971,2020-07-17,1,25.0
55079002600,55079009700,-87.96192834607115,43.10067420371696,-87.95262115062044,43.05393954073114,2020-07-17,1,25.0
55079004800,55079002400,-87.96231596301399,43.077035360461494,-87.95188617843814,43.106404380820805,2020-07-17,2,49.0
55079004800,55079004300,-87.96231596301399,43.077035360461494,-87.93220867621264,43.094799127568905,2020-07-17,2,49.0
55079004800,55079060200,-87.96231596301399,43.077035360461494,-87.9245165328896,43.11556508690733,2020-07-17,2,49.0
55079004800,55079004400,-87.96231596301399,43.077035360461494,-87.90608569163814,43.089298213737145,2020-07-17,3,74.0
55079004800,55079004500,-87.96231596301399,43.077035360461494,-87.92226909278084,43.08550885272536,2020-07-17,2,49.0
55079004800,55079019000,-87.96231596301399,43.077035360461494,-87.967877289968,42.995496154489715,2020-07-17,1,24.0
55079004800,55079100100,-87.96231596301399,43.077035360461494,-87.98598444052216,43.01659648927991,2020-07-17,1,24.0
55079004800,55079000101,-87.96231596301399,43.077035360461494,-88.00922083481396,43.18510784936368,2020-07-17,2,49.0
55079004800,55079000102,-87.96231596301399,43.077035360461494,-88.01167859828367,43.164645145767146,2020-07-17,1,24.0
55079004800,55079000202,-87.96231596301399,43.077035360461494,-88.04132965001602,43.160382512849615,2020-07-17,3,74.0
55079004800,55079110100,-87.96231596301399,43.077035360461494,-87.9710022364233,43.012448953036525,2020-07-17,7,174.0
55079004800,55079101000,-87.96231596301399,43.077035360461494,-88.05764456171738,42.99173938525954,2020-07-17,1,24.0
55079004800,55079160100,-87.96231596301399,43.077035360461494,-87.91471599062149,42.91513941042769,2020-07-17,2,49.0
55079004800,55079000600,-87.96231596301399,43.077035360461494,-88.00190569680801,43.14010292722225,2020-07-17,1,24.0
55079004800,55079050101,-87.96231596301399,43.077035360461494,-87.98494662348081,43.17683059907653,2020-07-17,1,24.0
55079004800,55079090300,-87.96231596301399,43.077035360461494,-88.0515779905257,43.06739040507833,2020-07-17,1,24.0
55079004800,55079012400,-87.96231596301399,43.077035360461494,-87.97680856828566,43.04580144948212,2020-07-17,1,24.0
55079004800,55079021700,-87.96231596301399,43.077035360461494,-87.91312462574102,42.94052513723052,2020-07-17,2,49.0
55079004800,55079090100,-87.96231596301399,43.077035360461494,-88.04837730790923,43.0973204568905,2020-07-17,2,49.0
55079004800,55079090200,-87.96231596301399,43.077035360461494,-88.05200796218348,43.081902180003375,2020-07-17,4,99.0
55079004800,55079090900,-87.96231596301399,43.077035360461494,-88.00270912368009,43.06124682618238,2020-07-17,1,24.0
55079004800,55079120400,-87.96231596301399,43.077035360461494,-87.96548496050795,42.96670427425607,2020-07-17,2,49.0
55079004800,55079000501,-87.96231596301399,43.077035360461494,-88.04340002069712,43.115390222488664,2020-07-17,1,24.0
55079004800,55079001200,-87.96231596301399,43.077035360461494,-87.98620080987179,43.12617611256525,2020-07-17,2,49.0
55079004800,55079002700,-87.96231596301399,43.077035360461494,-87.97176690626681,43.100825271475365,2020-07-17,2,49.0
55079004800,55079003500,-87.96231596301399,43.077035360461494,-87.99830093777771,43.09359369867719,2020-07-17,2,49.0
55079004800,55079004800,-87.96231596301399,43.077035360461494,-87.96231596301399,43.077035360461494,2020-07-17,139,3472.0
55079004800,55079185900,-87.96231596301399,43.077035360461494,-87.93229166080955,43.05383765471328,2020-07-17,1,24.0
55079004800,55079186000,-87.96231596301399,43.077035360461494,-87.92039854147795,43.053956957431964,2020-07-17,1,24.0
55079004800,55079003200,-87.96231596301399,43.077035360461494,-88.00111189801154,43.10115852758208,2020-07-17,2,49.0
55079004800,55079021400,-87.96231596301399,43.077035360461494,-87.93891709359613,42.96295890378409,2020-07-17,3,74.0
55079004800,55079080300,-87.96231596301399,43.077035360461494,-87.87475616434764,43.089996653126924,2020-07-17,2,49.0
55079004800,55079120502,-87.96231596301399,43.077035360461494,-87.96510992081555,42.95304728304586,2020-07-17,1,24.0
55079004800,55079004000,-87.96231596301399,43.077035360461494,-87.97205846198321,43.09342306765945,2020-07-17,1,24.0
55079004800,55079004600,-87.96231596301399,43.077035360461494,-87.9321086251029,43.08569057130924,2020-07-17,2,49.0
55079004800,55079000400,-87.96231596301399,43.077035360461494,-88.05554472050937,43.110954423820296,2020-07-17,2,49.0
55079004800,55079006200,-87.96231596301399,43.077035360461494,-87.96097127315564,43.067902782244275,2020-07-17,1,24.0
55079004800,55079186800,-87.96231596301399,43.077035360461494,-87.9506670108877,43.02815858561159,2020-07-17,2,49.0
55079004800,55079080100,-87.96231596301399,43.077035360461494,-87.89773689723896,43.0955518884228,2020-07-17,1,24.0
55079004800,55079006000,-87.96231596301399,43.077035360461494,-87.97554005335066,43.067947929210746,2020-07-17,2,49.0
55079004800,55079091200,-87.96231596301399,43.077035360461494,-88.00388284004167,43.0467075980639,2020-07-17,1,24.0
55079004800,55079100500,-87.96231596301399,43.077035360461494,-88.02674691869541,43.01326660162138,2020-07-17,1,24.0
55079004800,55079002800,-87.96231596301399,43.077035360461494,-87.97141961541004,43.10830621321033,2020-07-17,1,24.0
55079004800,55079186500,-87.96231596301399,43.077035360461494,-87.9130303085029,43.02319729476483,2020-07-17,1,24.0
55079004800,55079016800,-87.96231596301399,43.077035360461494,-87.92935001478907,43.01036042537408,2020-07-17,1,24.0
55079004800,55079008500,-87.96231596301399,43.077035360461494,-87.9298714910033,43.06776123229879,2020-07-17,1,24.0
55079004800,55079003600,-87.96231596301399,43.077035360461494,-87.98321131530031,43.092736225323044,2020-07-17,4,99.0
55079004800,55079003800,-87.96231596301399,43.077035360461494,-87.97215356169055,43.086187842345545,2020-07-17,1,24.0
55079004800,55079011300,-87.96231596301399,43.077035360461494,-87.90713298111844,43.04890661506502,2020-07-17,3,74.0
55079004800,55079014400,-87.96231596301399,43.077035360461494,-87.90784049253895,43.042413401572134,2020-07-17,1,24.0
55079004800,55079150100,-87.96231596301399,43.077035360461494,-87.97759713310646,42.91424119290261,2020-07-17,2,49.0
55079004800,55079021600,-87.96231596301399,43.077035360461494,-87.92488475274558,42.952251222261935,2020-07-17,1,24.0
55079004800,55079001800,-87.96231596301399,43.077035360461494,-87.99853790291819,43.115847306484916,2020-07-17,1,24.0
55079004800,55079003400,-87.96231596301399,43.077035360461494,-88.02444287795417,43.0934576342605,2020-07-17,5,124.0
55079004800,55079005800,-87.96231596301399,43.077035360461494,-87.99994620357029,43.072303413103626,2020-07-17,2,49.0
55079004800,55079002900,-87.96231596301399,43.077035360461494,-87.98131890013833,43.108341188298006,2020-07-17,6,149.0
55079004800,55079120102,-87.96231596301399,43.077035360461494,-88.04966546230908,42.97409794368699,2020-07-17,1,24.0
55079004800,55079015800,-87.96231596301399,43.077035360461494,-87.93761636287321,43.021659379009066,2020-07-17,1,24.0
55079004800,55079185100,-87.96231596301399,43.077035360461494,-87.86132764015301,42.9760744263621,2020-07-17,1,24.0
55079004800,55079007100,-87.96231596301399,43.077035360461494,-87.90149576859913,43.07383574480911,2020-07-17,2,49.0
55079004800,55079006300,-87.96231596301399,43.077035360461494,-87.95229119818997,43.07635281761954,2020-07-17,3,74.0
55079004800,55079016300,-87.96231596301399,43.077035360461494,-87.93764055272034,43.01572710315665,2020-07-17,1,24.0
55079004800,55079019900,-87.96231596301399,43.077035360461494,-87.98235255712866,42.973172118392476,2020-07-17,2,49.0
55079004800,55079010700,-87.96231596301399,43.077035360461494,-87.90095083433016,43.0597678010215,2020-07-17,2,49.0
55079004800,55079003100,-87.96231596301399,43.077035360461494,-87.98607018194353,43.10091760946077,2020-07-17,2,49.0
55079004800,55079005200,-87.96231596301399,43.077035360461494,-88.0124256780363,43.086227920709504,2020-07-17,1,24.0
55079004800,55079005900,-87.96231596301399,43.077035360461494,-87.98523579862835,43.06821108392844,2020-07-17,5,124.0
55079004800,55079001300,-87.96231596301399,43.077035360461494,-87.99843350448002,43.126783535933505,2020-07-17,1,24.0
55079004800,55079014900,-87.96231596301399,43.077035360461494,-87.94481830610269,43.03704436935605,2020-07-17,1,24.0
55079004800,55079080400,-87.96231596301399,43.077035360461494,-87.88848724040903,43.08594082590386,2020-07-17,1,24.0
55079004800,55079003900,-87.96231596301399,43.077035360461494,-87.96215160813261,43.086172227530916,2020-07-17,5,124.0
55079004800,55079000201,-87.96231596301399,43.077035360461494,-88.0472441211064,43.1799495757708,2020-07-17,1,24.0
55079004800,55079018200,-87.96231596301399,43.077035360461494,-87.87369831321716,42.99249911585218,2020-07-17,1,24.0
55079004800,55079007800,-87.96231596301399,43.077035360461494,-87.88801504624632,43.07075279367613,2020-07-17,1,24.0
55079004800,55079004700,-87.96231596301399,43.077035360461494,-87.94760565609727,43.08576787197636,2020-07-17,2,49.0
55079004800,55079019800,-87.96231596301399,43.077035360461494,-87.98973307517815,42.982078809345225,2020-07-17,1,24.0
55079004800,55079009000,-87.96231596301399,43.077035360461494,-87.9610837883489,43.060355868415826,2020-07-17,4,99.0
55079004800,55079009100,-87.96231596301399,43.077035360461494,-87.96852806703085,43.060675408064526,2020-07-17,2,49.0
55079004800,55079001900,-87.96231596301399,43.077035360461494,-87.98367415791445,43.115686316787006,2020-07-17,3,74.0
55079004800,55079001100,-87.96231596301399,43.077035360461494,-87.96901390366762,43.127689901740844,2020-07-17,2,49.0
55079004800,55079016500,-87.96231596301399,43.077035360461494,-87.91153110922029,43.01579142211555,2020-07-17,2,49.0
55079004800,55079009600,-87.96231596301399,43.077035360461494,-87.96486502955395,43.05277336645368,2020-07-17,3,74.0
55079004800,55079011100,-87.96231596301399,43.077035360461494,-87.90155963599153,43.04933924860895,2020-07-17,1,24.0
55079004800,55079008900,-87.96231596301399,43.077035360461494,-87.95337828163817,43.06706338271535,2020-07-17,2,49.0
55079004800,55079004100,-87.96231596301399,43.077035360461494,-87.95681147526382,43.0940907627305,2020-07-17,2,49.0
55079004800,55079170100,-87.96231596301399,43.077035360461494,-87.84892368656588,42.919583500675934,2020-07-17,2,49.0
55079004800,55079186200,-87.96231596301399,43.077035360461494,-87.93244814260824,43.04856605375616,2020-07-17,1,24.0
55079004800,55079005100,-87.96231596301399,43.077035360461494,-87.99757698420609,43.08261869423604,2020-07-17,1,24.0
55079004800,55079014800,-87.96231596301399,43.077035360461494,-87.9402035907502,43.042125624825495,2020-07-17,1,24.0
55079004800,55079004900,-87.96231596301399,43.077035360461494,-87.97231517837423,43.077061406485264,2020-07-17,8,199.0
55079004800,55079186100,-87.96231596301399,43.077035360461494,-87.94279275484007,43.048652729679134,2020-07-17,1,24.0
55079004800,55079006400,-87.96231596301399,43.077035360461494,-87.94234792087695,43.07421796319209,2020-07-17,2,49.0
55079004800,55079013300,-87.96231596301399,43.077035360461494,-87.96206431187025,43.03483590901066,2020-07-17,1,24.0
55079004800,55079002500,-87.96231596301399,43.077035360461494,-87.96218045466739,43.10795733493045,2020-07-17,1,24.0
55079004800,55079006100,-87.96231596301399,43.077035360461494,-87.96847508739953,43.06791249267312,2020-07-17,1,24.0
55079004800,55079001000,-87.96231596301399,43.077035360461494,-87.95348314468296,43.12464896388482,2020-07-17,2,49.0
55079004800,55079120300,-87.96231596301399,43.077035360461494,-87.97376432533524,42.98091406493879,2020-07-17,3,74.0
55079004800,55079009300,-87.96231596301399,43.077035360461494,-87.98314520393755,43.060746025032145,2020-07-17,1,24.0
55079004800,55079008600,-87.96231596301399,43.077035360461494,-87.93517868399437,43.06762170689756,2020-07-17,1,24.0
55079004800,55079170400,-87.96231596301399,43.077035360461494,-87.8734267877277,42.89848248246609,2020-07-17,1,24.0
55079004800,55079006500,-87.96231596301399,43.077035360461494,-87.94229465456391,43.0797331466399,2020-07-17,2,49.0
55079004800,55079185400,-87.96231596301399,43.077035360461494,-87.93768935592728,43.06023552955454,2020-07-17,3,74.0
55079004800,55079017200,-87.96231596301399,43.077035360461494,-87.95621680562614,43.002904101727246,2020-07-17,1,24.0
55079004800,55079008800,-87.96231596301399,43.077035360461494,-87.94617084834631,43.06788862375971,2020-07-17,1,24.0
55079004800,55079006900,-87.96231596301399,43.077035360461494,-87.91078185483303,43.07979537793229,2020-07-17,1,24.0
55079004800,55079013500,-87.96231596301399,43.077035360461494,-87.9526122313311,43.040147622140005,2020-07-17,1,24.0
55079004800,55079008700,-87.96231596301399,43.077035360461494,-87.93997122125838,43.06781436915486,2020-07-17,3,74.0
55079014600,55079060200,-87.93032605572249,43.04237842637439,-87.9245165328896,43.11556508690733,2020-07-17,1,56.0
55079014600,55079004400,-87.93032605572249,43.04237842637439,-87.90608569163814,43.089298213737145,2020-07-17,1,56.0
55079014600,55079110100,-87.93032605572249,43.04237842637439,-87.9710022364233,43.012448953036525,2020-07-17,2,113.0
55079014600,55079021200,-87.93032605572249,43.04237842637439,-87.92101040508955,42.965284697357816,2020-07-17,1,56.0
55079014600,55079186300,-87.93032605572249,43.04237842637439,-87.91799927397663,43.040616743150025,2020-07-17,1,56.0
55079014600,55079012400,-87.93032605572249,43.04237842637439,-87.97680856828566,43.04580144948212,2020-07-17,1,56.0
55079014600,55079090900,-87.93032605572249,43.04237842637439,-88.00270912368009,43.06124682618238,2020-07-17,1,56.0
55079014600,55079185900,-87.93032605572249,43.04237842637439,-87.93229166080955,43.05383765471328,2020-07-17,3,169.0
55079014600,55079060101,-87.93032605572249,43.04237842637439,-87.92535691568614,43.13950788268824,2020-07-17,1,56.0
55079014600,55079000302,-87.93032605572249,43.04237842637439,-88.04649688617519,43.13922972061493,2020-07-17,1,56.0
55079014600,55079080300,-87.93032605572249,43.04237842637439,-87.87475616434764,43.089996653126924,2020-07-17,1,56.0
55079014600,55079014700,-87.93032605572249,43.04237842637439,-87.93551340137516,43.042200823908786,2020-07-17,2,113.0
55079014600,55079187400,-87.93032605572249,43.04237842637439,-87.90767949876499,43.03217517915639,2020-07-17,2,113.0
55079014600,55079006200,-87.93032605572249,43.04237842637439,-87.96097127315564,43.067902782244275,2020-07-17,1,56.0
55079014600,55079186800,-87.93032605572249,43.04237842637439,-87.9506670108877,43.02815858561159,2020-07-17,2,113.0
55079014600,55079006800,-87.93032605572249,43.04237842637439,-87.92500216567623,43.079683301494654,2020-07-17,1,56.0
55079014600,55079014600,-87.93032605572249,43.04237842637439,-87.93032605572249,43.04237842637439,2020-07-17,59,3339.0
55079014600,55079101100,-87.93032605572249,43.04237842637439,-88.04276904850849,42.99420752845147,2020-07-17,2,113.0
55079014600,55079001600,-87.93032605572249,43.04237842637439,-88.01599665750028,43.11588641903863,2020-07-17,1,56.0
55079014600,55079003600,-87.93032605572249,43.04237842637439,-87.98321131530031,43.092736225323044,2020-07-17,1,56.0
55079014600,55079014400,-87.93032605572249,43.04237842637439,-87.90784049253895,43.042413401572134,2020-07-17,1,56.0
55079014600,55079070200,-87.93032605572249,43.04237842637439,-87.8919112738197,43.1133970416122,2020-07-17,1,56.0
55079014600,55079001800,-87.93032605572249,43.04237842637439,-87.99853790291819,43.115847306484916,2020-07-17,1,56.0
55079014600,55079005800,-87.93032605572249,43.04237842637439,-87.99994620357029,43.072303413103626,2020-07-17,1,56.0
55079014600,55079035200,-87.93032605572249,43.04237842637439,-87.9070718018067,43.16012040860922,2020-07-17,1,56.0
55079014600,55079007900,-87.93032605572249,43.04237842637439,-87.89683936352995,43.06599950452746,2020-07-17,1,56.0
55079014600,55079019900,-87.93032605572249,43.04237842637439,-87.98235255712866,42.973172118392476,2020-07-17,1,56.0
55079014600,55079007600,-87.93032605572249,43.04237842637439,-87.87859580944733,43.06399812725538,2020-07-17,1,56.0
55079014600,55079186600,-87.93032605572249,43.04237842637439,-87.91355022125023,43.001384465822476,2020-07-17,1,56.0
55079014600,55079120202,-87.93032605572249,43.04237842637439,-87.99868084532402,42.965848843600455,2020-07-17,1,56.0
55079014600,55079011000,-87.93032605572249,43.04237842637439,-87.89727240641399,43.050053518943756,2020-07-17,1,56.0
55079014600,55079003900,-87.93032605572249,43.04237842637439,-87.96215160813261,43.086172227530916,2020-07-17,1,56.0
55079014600,55079009100,-87.93032605572249,43.04237842637439,-87.96852806703085,43.060675408064526,2020-07-17,1,56.0
55079014600,55079013700,-87.93032605572249,43.04237842637439,-87.94529508707278,43.04229912697773,2020-07-17,1,56.0
55079014600,55079186400,-87.93032605572249,43.04237842637439,-87.93038892981184,43.03695266796131,2020-07-17,4,226.0
55079014600,55079009600,-87.93032605572249,43.04237842637439,-87.96486502955395,43.05277336645368,2020-07-17,1,56.0
55079014600,55079008900,-87.93032605572249,43.04237842637439,-87.95337828163817,43.06706338271535,2020-07-17,1,56.0
55079014600,55079185800,-87.93032605572249,43.04237842637439,-87.94265216254213,43.0538687550207,2020-07-17,1,56.0
55079014600,55079004900,-87.93032605572249,43.04237842637439,-87.97231517837423,43.077061406485264,2020-07-17,2,113.0
55079014600,55079002200,-87.93032605572249,43.04237842637439,-87.9335870089048,43.11469059411332,2020-07-17,1,56.0
55079014600,55079006700,-87.93032605572249,43.04237842637439,-87.92040407919447,43.07437828581977,2020-07-17,1,56.0
55079017200,55079004300,-87.95621680562614,43.002904101727246,-87.93220867621264,43.094799127568905,2020-07-17,1,32.0
55079017200,55079060200,-87.95621680562614,43.002904101727246,-87.9245165328896,43.11556508690733,2020-07-17,1,32.0
55079017200,55079015700,-87.95621680562614,43.002904101727246,-87.92777138656925,43.021663598322064,2020-07-17,2,65.0
55079017200,55079019000,-87.95621680562614,43.002904101727246,-87.967877289968,42.995496154489715,2020-07-17,1,32.0
55079017200,55079010800,-87.95621680562614,43.002904101727246,-87.88986181293924,43.05733829509928,2020-07-17,3,97.0
55079017200,55079110100,-87.95621680562614,43.002904101727246,-87.9710022364233,43.012448953036525,2020-07-17,7,228.0
55079017200,55079101600,-87.95621680562614,43.002904101727246,-87.98881839806968,43.003113634057684,2020-07-17,2,65.0
55079017200,55079021700,-87.95621680562614,43.002904101727246,-87.91312462574102,42.94052513723052,2020-07-17,1,32.0
55079017200,55079120501,-87.95621680562614,43.002904101727246,-87.96680035551529,42.94072396992586,2020-07-17,1,32.0
55079017200,55079019200,-87.95621680562614,43.002904101727246,-87.9858350139744,42.99282711086924,2020-07-17,3,97.0
55079017200,55079120400,-87.95621680562614,43.002904101727246,-87.96548496050795,42.96670427425607,2020-07-17,3,97.0
55079017200,55079120203,-87.95621680562614,43.002904101727246,-88.00776394431053,42.95694649923871,2020-07-17,3,97.0
55079017200,55079018400,-87.95621680562614,43.002904101727246,-87.90417459790928,42.9917062933768,2020-07-17,1,32.0
55079017200,55079017300,-87.95621680562614,43.002904101727246,-87.94877202549131,43.0036525046766,2020-07-17,1,32.0
55079017200,55079187400,-87.95621680562614,43.002904101727246,-87.90767949876499,43.03217517915639,2020-07-17,1,32.0
55079017200,55079150304,-87.95621680562614,43.002904101727246,-88.02760163837803,42.91519132559998,2020-07-17,2,65.0
55079017200,55079091200,-87.95621680562614,43.002904101727246,-88.00388284004167,43.0467075980639,2020-07-17,1,32.0
55079017200,55079100500,-87.95621680562614,43.002904101727246,-88.02674691869541,43.01326660162138,2020-07-17,1,32.0
55079017200,55079020100,-87.95621680562614,43.002904101727246,-87.94099671150566,42.988482506396224,2020-07-17,4,130.0
55079017200,55079140100,-87.95621680562614,43.002904101727246,-88.0188613886232,42.93745223479677,2020-07-17,1,32.0
55079017200,55079140201,-87.95621680562614,43.002904101727246,-87.99911426080601,42.93902100763907,2020-07-17,1,32.0
55079017200,55079186500,-87.95621680562614,43.002904101727246,-87.9130303085029,43.02319729476483,2020-07-17,1,32.0
55079017200,55079007700,-87.95621680562614,43.002904101727246,-87.88849935823362,43.06389053422122,2020-07-17,1,32.0
55079017200,55079070200,-87.95621680562614,43.002904101727246,-87.8919112738197,43.1133970416122,2020-07-17,1,32.0
55079017200,55079150100,-87.95621680562614,43.002904101727246,-87.97759713310646,42.91424119290261,2020-07-17,1,32.0
55079017200,55079021600,-87.95621680562614,43.002904101727246,-87.92488475274558,42.952251222261935,2020-07-17,1,32.0
55079017200,55079016100,-87.95621680562614,43.002904101727246,-87.95946595975387,43.016089910899275,2020-07-17,1,32.0
55079017200,55079021300,-87.95621680562614,43.002904101727246,-87.93877469638159,42.970224160413096,2020-07-17,3,97.0
55079017200,55079187000,-87.95621680562614,43.002904101727246,-87.88728455831759,43.05530607398437,2020-07-17,2,65.0
55079017200,55079120102,-87.95621680562614,43.002904101727246,-88.04966546230908,42.97409794368699,2020-07-17,1,32.0
55079017200,55079019600,-87.95621680562614,43.002904101727246,-88.00769668957767,42.984657216409644,2020-07-17,3,97.0
55079017200,55079100800,-87.95621680562614,43.002904101727246,-88.05710943935104,43.023654444193184,2020-07-17,1,32.0
55079017200,55079016300,-87.95621680562614,43.002904101727246,-87.93764055272034,43.01572710315665,2020-07-17,1,32.0
55079017200,55079101500,-87.95621680562614,43.002904101727246,-88.00747595996755,43.007126720391405,2020-07-17,2,65.0
55079017200,55079100200,-87.95621680562614,43.002904101727246,-87.99137992566246,43.01460892403096,2020-07-17,1,32.0
55079017200,55079017500,-87.95621680562614,43.002904101727246,-87.92965116916102,43.00287441605045,2020-07-17,1,32.0
55079017200,55079007600,-87.95621680562614,43.002904101727246,-87.87859580944733,43.06399812725538,2020-07-17,1,32.0
55079017200,55079016700,-87.95621680562614,43.002904101727246,-87.92209519609614,43.010301162214034,2020-07-17,1,32.0
55079017200,55079017400,-87.95621680562614,43.002904101727246,-87.9382983850757,43.00476614107047,2020-07-17,2,65.0
55079017200,55079018800,-87.95621680562614,43.002904101727246,-87.94058386370827,42.99929639057026,2020-07-17,5,163.0
55079017200,55079120202,-87.95621680562614,43.002904101727246,-87.99868084532402,42.965848843600455,2020-07-17,1,32.0
55079017200,55079011000,-87.95621680562614,43.002904101727246,-87.89727240641399,43.050053518943756,2020-07-17,1,32.0
55079017200,55079018500,-87.95621680562614,43.002904101727246,-87.91439743752404,42.98441904059949,2020-07-17,1,32.0
55079017200,55079020500,-87.95621680562614,43.002904101727246,-87.92272370744391,42.988321496925906,2020-07-17,1,32.0
55079017200,55079020200,-87.95621680562614,43.002904101727246,-87.94112496275925,42.977527635995024,2020-07-17,2,65.0
55079017200,55079019800,-87.95621680562614,43.002904101727246,-87.98973307517815,42.982078809345225,2020-07-17,1,32.0
55079017200,55079016400,-87.95621680562614,43.002904101727246,-87.92777599229481,43.01665943799343,2020-07-17,1,32.0
55079017200,55079010600,-87.95621680562614,43.002904101727246,-87.90749884397533,43.060136167504425,2020-07-17,1,32.0
55079017200,55079018300,-87.95621680562614,43.002904101727246,-87.89285805580873,42.991354183119796,2020-07-17,1,32.0
55079017200,55079016500,-87.95621680562614,43.002904101727246,-87.91153110922029,43.01579142211555,2020-07-17,2,65.0
55079017200,55079017600,-87.95621680562614,43.002904101727246,-87.92236059293215,43.00280872383964,2020-07-17,1,32.0
55079017200,55079018700,-87.95621680562614,43.002904101727246,-87.92991431934564,42.995583237143,2020-07-17,2,65.0
55079017200,55079000301,-87.95621680562614,43.002904101727246,-88.06021668804352,43.1363311013577,2020-07-17,1,32.0
55079017200,55079016900,-87.95621680562614,43.002904101727246,-87.93770785693083,43.00951913559766,2020-07-17,2,65.0
55079017200,55079017100,-87.95621680562614,43.002904101727246,-87.95808412992528,43.01056521552099,2020-07-17,7,228.0
55079017200,55079017000,-87.95621680562614,43.002904101727246,-87.9475259715867,43.01041841584858,2020-07-17,3,97.0
55079017200,55079185400,-87.95621680562614,43.002904101727246,-87.93768935592728,43.06023552955454,2020-07-17,1,32.0
55079017200,55079017200,-87.95621680562614,43.002904101727246,-87.95621680562614,43.002904101727246,2020-07-17,67,2186.0
55079002100,55079002100,-87.95315716160212,43.115529640428136,-87.95315716160212,43.115529640428136,2020-07-17,94,1743.0
55079002100,55079002400,-87.95315716160212,43.115529640428136,-87.95188617843814,43.106404380820805,2020-07-17,4,74.0
55079002100,55079004300,-87.95315716160212,43.115529640428136,-87.93220867621264,43.094799127568905,2020-07-17,2,37.0
55079002100,55079060200,-87.95315716160212,43.115529640428136,-87.9245165328896,43.11556508690733,2020-07-17,3,55.0
55079002100,55079004400,-87.95315716160212,43.115529640428136,-87.90608569163814,43.089298213737145,2020-07-17,2,37.0
55079002100,55079004500,-87.95315716160212,43.115529640428136,-87.92226909278084,43.08550885272536,2020-07-17,3,55.0
55079002100,55079015700,-87.95315716160212,43.115529640428136,-87.92777138656925,43.021663598322064,2020-07-17,1,18.0
55079002100,55079019000,-87.95315716160212,43.115529640428136,-87.967877289968,42.995496154489715,2020-07-17,1,18.0
55079002100,55079000101,-87.95315716160212,43.115529640428136,-88.00922083481396,43.18510784936368,2020-07-17,1,18.0
55079002100,55079000102,-87.95315716160212,43.115529640428136,-88.01167859828367,43.164645145767146,2020-07-17,1,18.0
55079002100,55079000202,-87.95315716160212,43.115529640428136,-88.04132965001602,43.160382512849615,2020-07-17,2,37.0
55079002100,55079002300,-87.95315716160212,43.115529640428136,-87.93621856893152,43.105985427841645,2020-07-17,3,55.0
55079002100,55079110100,-87.95315716160212,43.115529640428136,-87.9710022364233,43.012448953036525,2020-07-17,2,37.0
55079002100,55079101000,-87.95315716160212,43.115529640428136,-88.05764456171738,42.99173938525954,2020-07-17,1,18.0
55079002100,55079186300,-87.95315716160212,43.115529640428136,-87.91799927397663,43.040616743150025,2020-07-17,2,37.0
55079002100,55079090200,-87.95315716160212,43.115529640428136,-88.05200796218348,43.081902180003375,2020-07-17,1,18.0
55079002100,55079120203,-87.95315716160212,43.115529640428136,-88.00776394431053,42.95694649923871,2020-07-17,3,55.0
55079002100,55079000501,-87.95315716160212,43.115529640428136,-88.04340002069712,43.115390222488664,2020-07-17,1,18.0
55079002100,55079003500,-87.95315716160212,43.115529640428136,-87.99830093777771,43.09359369867719,2020-07-17,2,37.0
55079002100,55079004800,-87.95315716160212,43.115529640428136,-87.96231596301399,43.077035360461494,2020-07-17,2,37.0
55079002100,55079186000,-87.95315716160212,43.115529640428136,-87.92039854147795,43.053956957431964,2020-07-17,1,18.0
55079002100,55079185500,-87.95315716160212,43.115529640428136,-87.92624880733425,43.0601763240656,2020-07-17,3,55.0
55079002100,55079090600,-87.95315716160212,43.115529640428136,-88.05435154566402,43.03795832032663,2020-07-17,1,18.0
55079002100,55079185300,-87.95315716160212,43.115529640428136,-88.04265402690729,43.049880154873065,2020-07-17,1,18.0
55079002100,55079014700,-87.95315716160212,43.115529640428136,-87.93551340137516,43.042200823908786,2020-07-17,1,18.0
55079002100,55079000800,-87.95315716160212,43.115529640428136,-87.97372753660457,43.14064967469203,2020-07-17,1,18.0
55079002100,55079004600,-87.95315716160212,43.115529640428136,-87.9321086251029,43.08569057130924,2020-07-17,4,74.0
55079002100,55079000502,-87.95315716160212,43.115529640428136,-88.03128731150349,43.12480634966938,2020-07-17,1,18.0
55079002100,55079006200,-87.95315716160212,43.115529640428136,-87.96097127315564,43.067902782244275,2020-07-17,2,37.0
55079002100,55079160204,-87.95315716160212,43.115529640428136,-87.9317944903397,42.879700165258704,2020-07-17,1,18.0
55079002100,55079005000,-87.95315716160212,43.115529640428136,-87.98327608357046,43.07665137069942,2020-07-17,2,37.0
55079002100,55079014600,-87.95315716160212,43.115529640428136,-87.93032605572249,43.04237842637439,2020-07-17,1,18.0
55079002100,55079007000,-87.95315716160212,43.115529640428136,-87.91122456687498,43.07424564740019,2020-07-17,2,37.0
55079002100,55079101100,-87.95315716160212,43.115529640428136,-88.04276904850849,42.99420752845147,2020-07-17,1,18.0
55079002100,55079186500,-87.95315716160212,43.115529640428136,-87.9130303085029,43.02319729476483,2020-07-17,2,37.0
55079002100,55079001600,-87.95315716160212,43.115529640428136,-88.01599665750028,43.11588641903863,2020-07-17,1,18.0
55079002100,55079008500,-87.95315716160212,43.115529640428136,-87.9298714910033,43.06776123229879,2020-07-17,1,18.0
55079002100,55079007700,-87.95315716160212,43.115529640428136,-87.88849935823362,43.06389053422122,2020-07-17,1,18.0
55079002100,55079003600,-87.95315716160212,43.115529640428136,-87.98321131530031,43.092736225323044,2020-07-17,3,55.0
55079002100,55079003800,-87.95315716160212,43.115529640428136,-87.97215356169055,43.086187842345545,2020-07-17,1,18.0
55079002100,55079014400,-87.95315716160212,43.115529640428136,-87.90784049253895,43.042413401572134,2020-07-17,2,37.0
55079002100,55079002900,-87.95315716160212,43.115529640428136,-87.98131890013833,43.108341188298006,2020-07-17,1,18.0
55079002100,55079014100,-87.95315716160212,43.115529640428136,-87.92097269793881,43.04863570292668,2020-07-17,1,18.0
55079002100,55079050102,-87.95315716160212,43.115529640428136,-87.96743569232115,43.172443064752215,2020-07-17,1,18.0
55079002100,55079180300,-87.95315716160212,43.115529640428136,-87.87005593266791,42.951885652862586,2020-07-17,1,18.0
55079002100,55079015800,-87.95315716160212,43.115529640428136,-87.93761636287321,43.021659379009066,2020-07-17,1,18.0
55079002100,55079007900,-87.95315716160212,43.115529640428136,-87.89683936352995,43.06599950452746,2020-07-17,1,18.0
55079002100,55079185700,-87.95315716160212,43.115529640428136,-87.91471207902771,43.06752585199898,2020-07-17,2,37.0
55079002100,55079000700,-87.95315716160212,43.115529640428136,-87.99009583376943,43.15588909293765,2020-07-17,1,18.0
55079002100,55079005200,-87.95315716160212,43.115529640428136,-88.0124256780363,43.086227920709504,2020-07-17,1,18.0
55079002100,55079006600,-87.95315716160212,43.115529640428136,-87.93135214789555,43.075399167305534,2020-07-17,4,74.0
55079002100,55079007600,-87.95315716160212,43.115529640428136,-87.87859580944733,43.06399812725538,2020-07-17,2,37.0
55079002100,55079000900,-87.95315716160212,43.115529640428136,-87.95566887882444,43.14970170326806,2020-07-17,1,18.0
55079002100,55079016700,-87.95315716160212,43.115529640428136,-87.92209519609614,43.010301162214034,2020-07-17,1,18.0
55079002100,55079004200,-87.95315716160212,43.115529640428136,-87.94544782159862,43.09516547779425,2020-07-17,2,37.0
55079002100,55079012300,-87.95315716160212,43.115529640428136,-87.96196748080853,43.043599093031496,2020-07-17,1,18.0
55079002100,55079002000,-87.95315716160212,43.115529640428136,-87.96815137233186,43.115621500302275,2020-07-17,5,92.0
55079002100,55079000201,-87.95315716160212,43.115529640428136,-88.0472441211064,43.1799495757708,2020-07-17,3,55.0
55079002100,55079018600,-87.95315716160212,43.115529640428136,-87.92255649026754,42.995575414800356,2020-07-17,1,18.0
55079002100,55079002600,-87.95315716160212,43.115529640428136,-87.96192834607115,43.10067420371696,2020-07-17,1,18.0
55079002100,55079013700,-87.95315716160212,43.115529640428136,-87.94529508707278,43.04229912697773,2020-07-17,1,18.0
55079002100,55079001900,-87.95315716160212,43.115529640428136,-87.98367415791445,43.115686316787006,2020-07-17,5,92.0
55079002100,55079001100,-87.95315716160212,43.115529640428136,-87.96901390366762,43.127689901740844,2020-07-17,1,18.0
55079002100,55079009600,-87.95315716160212,43.115529640428136,-87.96486502955395,43.05277336645368,2020-07-17,1,18.0
55079002100,55079004100,-87.95315716160212,43.115529640428136,-87.95681147526382,43.0940907627305,2020-07-17,2,37.0
55079002100,55079170100,-87.95315716160212,43.115529640428136,-87.84892368656588,42.919583500675934,2020-07-17,1,18.0
55079002100,55079013400,-87.95315716160212,43.115529640428136,-87.95356038604784,43.03496530197635,2020-07-17,1,18.0
55079002100,55079186200,-87.95315716160212,43.115529640428136,-87.93244814260824,43.04856605375616,2020-07-17,1,18.0
55079002100,55079185600,-87.95315716160212,43.115529640428136,-87.91469071944607,43.06026722158336,2020-07-17,1,18.0
55079002100,55079005100,-87.95315716160212,43.115529640428136,-87.99757698420609,43.08261869423604,2020-07-17,2,37.0
55079002100,55079004900,-87.95315716160212,43.115529640428136,-87.97231517837423,43.077061406485264,2020-07-17,1,18.0
55079002100,55079002500,-87.95315716160212,43.115529640428136,-87.96218045466739,43.10795733493045,2020-07-17,2,37.0
55079002100,55079006100,-87.95315716160212,43.115529640428136,-87.96847508739953,43.06791249267312,2020-07-17,2,37.0
55079002100,55079001000,-87.95315716160212,43.115529640428136,-87.95348314468296,43.12464896388482,2020-07-17,4,74.0
55079002100,55079008400,-87.95315716160212,43.115529640428136,-87.92332577697063,43.067583013115005,2020-07-17,1,18.0
55079002100,55079002200,-87.95315716160212,43.115529640428136,-87.9335870089048,43.11469059411332,2020-07-17,2,37.0
55079002100,55079009900,-87.95315716160212,43.115529640428136,-87.94630275235495,43.060274421469344,2020-07-17,2,37.0
55079002100,55079008600,-87.95315716160212,43.115529640428136,-87.93517868399437,43.06762170689756,2020-07-17,1,18.0
55079002100,55079006500,-87.95315716160212,43.115529640428136,-87.94229465456391,43.0797331466399,2020-07-17,2,37.0
55079002100,55079015900,-87.95315716160212,43.115529640428136,-87.9473669417017,43.02159668337006,2020-07-17,1,18.0
55079002100,55079006900,-87.95315716160212,43.115529640428136,-87.91078185483303,43.07979537793229,2020-07-17,1,18.0
55079002100,55079009700,-87.95315716160212,43.115529640428136,-87.95262115062044,43.05393954073114,2020-07-17,1,18.0
55079002100,55079008700,-87.95315716160212,43.115529640428136,-87.93997122125838,43.06781436915486,2020-07-17,2,37.0
55079004200,55079002100,-87.94544782159862,43.09516547779425,-87.95315716160212,43.115529640428136,2020-07-17,6,149.0
55079004200,55079002400,-87.94544782159862,43.09516547779425,-87.95188617843814,43.106404380820805,2020-07-17,4,99.0
55079004200,55079004300,-87.94544782159862,43.09516547779425,-87.93220867621264,43.094799127568905,2020-07-17,8,199.0
55079004200,55079060200,-87.94544782159862,43.09516547779425,-87.9245165328896,43.11556508690733,2020-07-17,6,149.0
55079004200,55079004400,-87.94544782159862,43.09516547779425,-87.90608569163814,43.089298213737145,2020-07-17,7,174.0
55079004200,55079004500,-87.94544782159862,43.09516547779425,-87.92226909278084,43.08550885272536,2020-07-17,1,24.0
55079004200,55079000101,-87.94544782159862,43.09516547779425,-88.00922083481396,43.18510784936368,2020-07-17,2,49.0
55079004200,55079000102,-87.94544782159862,43.09516547779425,-88.01167859828367,43.164645145767146,2020-07-17,2,49.0
55079004200,55079000202,-87.94544782159862,43.09516547779425,-88.04132965001602,43.160382512849615,2020-07-17,3,74.0
55079004200,55079002300,-87.94544782159862,43.09516547779425,-87.93621856893152,43.105985427841645,2020-07-17,4,99.0
55079004200,55079010800,-87.94544782159862,43.09516547779425,-87.88986181293924,43.05733829509928,2020-07-17,1,24.0
55079004200,55079000600,-87.94544782159862,43.09516547779425,-88.00190569680801,43.14010292722225,2020-07-17,1,24.0
55079004200,55079050101,-87.94544782159862,43.09516547779425,-87.98494662348081,43.17683059907653,2020-07-17,2,49.0
55079004200,55079186300,-87.94544782159862,43.09516547779425,-87.91799927397663,43.040616743150025,2020-07-17,2,49.0
55079004200,55079012400,-87.94544782159862,43.09516547779425,-87.97680856828566,43.04580144948212,2020-07-17,1,24.0
55079004200,55079021700,-87.94544782159862,43.09516547779425,-87.91312462574102,42.94052513723052,2020-07-17,1,24.0
55079004200,55079090200,-87.94544782159862,43.09516547779425,-88.05200796218348,43.081902180003375,2020-07-17,2,49.0
55079004200,55079000501,-87.94544782159862,43.09516547779425,-88.04340002069712,43.115390222488664,2020-07-17,1,24.0
55079004200,55079001200,-87.94544782159862,43.09516547779425,-87.98620080987179,43.12617611256525,2020-07-17,1,24.0
55079004200,55079002700,-87.94544782159862,43.09516547779425,-87.97176690626681,43.100825271475365,2020-07-17,2,49.0
55079004200,55079003500,-87.94544782159862,43.09516547779425,-87.99830093777771,43.09359369867719,2020-07-17,1,24.0
55079004200,55079003200,-87.94544782159862,43.09516547779425,-88.00111189801154,43.10115852758208,2020-07-17,1,24.0
55079004200,55079060101,-87.94544782159862,43.09516547779425,-87.92535691568614,43.13950788268824,2020-07-17,1,24.0
55079004200,55079185500,-87.94544782159862,43.09516547779425,-87.92624880733425,43.0601763240656,2020-07-17,4,99.0
55079004200,55079004000,-87.94544782159862,43.09516547779425,-87.97205846198321,43.09342306765945,2020-07-17,1,24.0
55079004200,55079004600,-87.94544782159862,43.09516547779425,-87.9321086251029,43.08569057130924,2020-07-17,3,74.0
55079004200,55079186800,-87.94544782159862,43.09516547779425,-87.9506670108877,43.02815858561159,2020-07-17,1,24.0
55079004200,55079091200,-87.94544782159862,43.09516547779425,-88.00388284004167,43.0467075980639,2020-07-17,1,24.0
55079004200,55079005000,-87.94544782159862,43.09516547779425,-87.98327608357046,43.07665137069942,2020-07-17,1,24.0
55079004200,55079001400,-87.94544782159862,43.09516547779425,-88.01656972395298,43.130900969315825,2020-07-17,1,24.0
55079004200,55079006800,-87.94544782159862,43.09516547779425,-87.92500216567623,43.079683301494654,2020-07-17,1,24.0
55079004200,55079100900,-87.94544782159862,43.09516547779425,-88.05216898532913,43.00959788353506,2020-07-17,1,24.0
55079004200,55079007000,-87.94544782159862,43.09516547779425,-87.91122456687498,43.07424564740019,2020-07-17,1,24.0
55079004200,55079101100,-87.94544782159862,43.09516547779425,-88.04276904850849,42.99420752845147,2020-07-17,2,49.0
55079004200,55079001600,-87.94544782159862,43.09516547779425,-88.01599665750028,43.11588641903863,2020-07-17,1,24.0
55079004200,55079007700,-87.94544782159862,43.09516547779425,-87.88849935823362,43.06389053422122,2020-07-17,1,24.0
55079004200,55079003600,-87.94544782159862,43.09516547779425,-87.98321131530031,43.092736225323044,2020-07-17,1,24.0
55079004200,55079011300,-87.94544782159862,43.09516547779425,-87.90713298111844,43.04890661506502,2020-07-17,1,24.0
55079004200,55079014400,-87.94544782159862,43.09516547779425,-87.90784049253895,43.042413401572134,2020-07-17,2,49.0
55079004200,55079003400,-87.94544782159862,43.09516547779425,-88.02444287795417,43.0934576342605,2020-07-17,6,149.0
55079004200,55079005500,-87.94544782159862,43.09516547779425,-88.03284541742188,43.08237006688624,2020-07-17,1,24.0
55079004200,55079035200,-87.94544782159862,43.09516547779425,-87.9070718018067,43.16012040860922,2020-07-17,1,24.0
55079004200,55079120102,-87.94544782159862,43.09516547779425,-88.04966546230908,42.97409794368699,2020-07-17,2,49.0
55079004200,55079009400,-87.94544782159862,43.09516547779425,-87.98309572088205,43.053347935581954,2020-07-17,1,24.0
55079004200,55079050102,-87.94544782159862,43.09516547779425,-87.96743569232115,43.172443064752215,2020-07-17,2,49.0
55079004200,55079180300,-87.94544782159862,43.09516547779425,-87.87005593266791,42.951885652862586,2020-07-17,1,24.0
55079004200,55079000700,-87.94544782159862,43.09516547779425,-87.99009583376943,43.15588909293765,2020-07-17,1,24.0
55079004200,55079003100,-87.94544782159862,43.09516547779425,-87.98607018194353,43.10091760946077,2020-07-17,1,24.0
55079004200,55079006600,-87.94544782159862,43.09516547779425,-87.93135214789555,43.075399167305534,2020-07-17,2,49.0
55079004200,55079000900,-87.94544782159862,43.09516547779425,-87.95566887882444,43.14970170326806,2020-07-17,5,124.0
55079004200,55079001300,-87.94544782159862,43.09516547779425,-87.99843350448002,43.126783535933505,2020-07-17,1,24.0
55079004200,55079016700,-87.94544782159862,43.09516547779425,-87.92209519609614,43.010301162214034,2020-07-17,1,24.0
55079004200,55079004200,-87.94544782159862,43.09516547779425,-87.94544782159862,43.09516547779425,2020-07-17,116,2896.0
55079004200,55079003900,-87.94544782159862,43.09516547779425,-87.96215160813261,43.086172227530916,2020-07-17,2,49.0
55079004200,55079000201,-87.94544782159862,43.09516547779425,-88.0472441211064,43.1799495757708,2020-07-17,1,24.0
55079004200,55079004700,-87.94544782159862,43.09516547779425,-87.94760565609727,43.08576787197636,2020-07-17,4,99.0
55079004200,55079002600,-87.94544782159862,43.09516547779425,-87.96192834607115,43.10067420371696,2020-07-17,2,49.0
55079004200,55079009000,-87.94544782159862,43.09516547779425,-87.9610837883489,43.060355868415826,2020-07-17,1,24.0
55079004200,55079009100,-87.94544782159862,43.09516547779425,-87.96852806703085,43.060675408064526,2020-07-17,1,24.0
55079004200,55079001900,-87.94544782159862,43.09516547779425,-87.98367415791445,43.115686316787006,2020-07-17,1,24.0
55079004200,55079001100,-87.94544782159862,43.09516547779425,-87.96901390366762,43.127689901740844,2020-07-17,4,99.0
55079004200,55079180200,-87.94544782159862,43.09516547779425,-87.85506992096182,42.95465467367753,2020-07-17,1,24.0
55079004200,55079009600,-87.94544782159862,43.09516547779425,-87.96486502955395,43.05277336645368,2020-07-17,1,24.0
55079004200,55079004100,-87.94544782159862,43.09516547779425,-87.95681147526382,43.0940907627305,2020-07-17,3,74.0
55079004200,55079185800,-87.94544782159862,43.09516547779425,-87.94265216254213,43.0538687550207,2020-07-17,2,49.0
55079004200,55079101200,-87.94544782159862,43.09516547779425,-88.02772831407549,42.99180235090393,2020-07-17,1,24.0
55079004200,55079185600,-87.94544782159862,43.09516547779425,-87.91469071944607,43.06026722158336,2020-07-17,2,49.0
55079004200,55079014800,-87.94544782159862,43.09516547779425,-87.9402035907502,43.042125624825495,2020-07-17,1,24.0
55079004200,55079012200,-87.94544782159862,43.09516547779425,-87.95271101560115,43.04866661559741,2020-07-17,1,24.0
55079004200,55079001000,-87.94544782159862,43.09516547779425,-87.95348314468296,43.12464896388482,2020-07-17,4,99.0
55079004200,55079009300,-87.94544782159862,43.09516547779425,-87.98314520393755,43.060746025032145,2020-07-17,1,24.0
55079004200,55079002200,-87.94544782159862,43.09516547779425,-87.9335870089048,43.11469059411332,2020-07-17,1,24.0
55079004200,55079003000,-87.94544782159862,43.09516547779425,-87.99619059962126,43.10851035065769,2020-07-17,2,49.0
55079004200,55079006500,-87.94544782159862,43.09516547779425,-87.94229465456391,43.0797331466399,2020-07-17,7,174.0
55079004200,55079008800,-87.94544782159862,43.09516547779425,-87.94617084834631,43.06788862375971,2020-07-17,1,24.0
55079004200,55079013500,-87.94544782159862,43.09516547779425,-87.9526122313311,43.040147622140005,2020-07-17,2,49.0
55079004400,55079002100,-87.90608569163814,43.089298213737145,-87.95315716160212,43.115529640428136,2020-07-17,1,32.0
55079004400,55079002400,-87.90608569163814,43.089298213737145,-87.95188617843814,43.106404380820805,2020-07-17,3,97.0
55079004400,55079004300,-87.90608569163814,43.089298213737145,-87.93220867621264,43.094799127568905,2020-07-17,2,64.0
55079004400,55079060200,-87.90608569163814,43.089298213737145,-87.9245165328896,43.11556508690733,2020-07-17,4,129.0
55079004400,55079004400,-87.90608569163814,43.089298213737145,-87.90608569163814,43.089298213737145,2020-07-17,94,3043.0
55079004400,55079004500,-87.90608569163814,43.089298213737145,-87.92226909278084,43.08550885272536,2020-07-17,7,226.0
55079004400,55079000202,-87.90608569163814,43.089298213737145,-88.04132965001602,43.160382512849615,2020-07-17,1,32.0
55079004400,55079011400,-87.90608569163814,43.089298213737145,-87.9106574898586,43.05269479350376,2020-07-17,1,32.0
55079004400,55079110100,-87.90608569163814,43.089298213737145,-87.9710022364233,43.012448953036525,2020-07-17,3,97.0
55079004400,55079160100,-87.90608569163814,43.089298213737145,-87.91471599062149,42.91513941042769,2020-07-17,1,32.0
55079004400,55079090300,-87.90608569163814,43.089298213737145,-88.0515779905257,43.06739040507833,2020-07-17,1,32.0
55079004400,55079186300,-87.90608569163814,43.089298213737145,-87.91799927397663,43.040616743150025,2020-07-17,2,64.0
55079004400,55079070300,-87.90608569163814,43.089298213737145,-87.90380003116019,43.10631443965618,2020-07-17,1,32.0
55079004400,55079160300,-87.90608569163814,43.089298213737145,-87.8893867076047,42.856940087232964,2020-07-17,2,64.0
55079004400,55079000501,-87.90608569163814,43.089298213737145,-88.04340002069712,43.115390222488664,2020-07-17,1,32.0
55079004400,55079001200,-87.90608569163814,43.089298213737145,-87.98620080987179,43.12617611256525,2020-07-17,1,32.0
55079004400,55079003200,-87.90608569163814,43.089298213737145,-88.00111189801154,43.10115852758208,2020-07-17,1,32.0
55079004400,55079060101,-87.90608569163814,43.089298213737145,-87.92535691568614,43.13950788268824,2020-07-17,1,32.0
55079004400,55079185500,-87.90608569163814,43.089298213737145,-87.92624880733425,43.0601763240656,2020-07-17,1,32.0
55079004400,55079185300,-87.90608569163814,43.089298213737145,-88.04265402690729,43.049880154873065,2020-07-17,1,32.0
55079004400,55079187400,-87.90608569163814,43.089298213737145,-87.90767949876499,43.03217517915639,2020-07-17,2,64.0
55079004400,55079180500,-87.90608569163814,43.089298213737145,-87.87471526249948,42.93725893299447,2020-07-17,1,32.0
55079004400,55079012500,-87.90608569163814,43.089298213737145,-87.97654888060033,43.037091021714275,2020-07-17,1,32.0
55079004400,55079186800,-87.90608569163814,43.089298213737145,-87.9506670108877,43.02815858561159,2020-07-17,2,64.0
55079004400,55079006000,-87.90608569163814,43.089298213737145,-87.97554005335066,43.067947929210746,2020-07-17,1,32.0
55079004400,55079160202,-87.90608569163814,43.089298213737145,-87.87217546542965,42.881379330302295,2020-07-17,1,32.0
55079004400,55079006800,-87.90608569163814,43.089298213737145,-87.92500216567623,43.079683301494654,2020-07-17,1,32.0
55079004400,55079014600,-87.90608569163814,43.089298213737145,-87.93032605572249,43.04237842637439,2020-07-17,3,97.0
55079004400,55079007000,-87.90608569163814,43.089298213737145,-87.91122456687498,43.07424564740019,2020-07-17,1,32.0
55079004400,55079140201,-87.90608569163814,43.089298213737145,-87.99911426080601,42.93902100763907,2020-07-17,1,32.0
55079004400,55079186500,-87.90608569163814,43.089298213737145,-87.9130303085029,43.02319729476483,2020-07-17,1,32.0
55079004400,55079070100,-87.90608569163814,43.089298213737145,-87.9076583493148,43.12063010988105,2020-07-17,1,32.0
55079004400,55079003600,-87.90608569163814,43.089298213737145,-87.98321131530031,43.092736225323044,2020-07-17,2,64.0
55079004400,55079014400,-87.90608569163814,43.089298213737145,-87.90784049253895,43.042413401572134,2020-07-17,2,64.0
55079004400,55079150100,-87.90608569163814,43.089298213737145,-87.97759713310646,42.91424119290261,2020-07-17,1,32.0
55079004400,55079001800,-87.90608569163814,43.089298213737145,-87.99853790291819,43.115847306484916,2020-07-17,1,32.0
55079004400,55079003400,-87.90608569163814,43.089298213737145,-88.02444287795417,43.0934576342605,2020-07-17,1,32.0
55079004400,55079187000,-87.90608569163814,43.089298213737145,-87.88728455831759,43.05530607398437,2020-07-17,1,32.0
55079004400,55079007900,-87.90608569163814,43.089298213737145,-87.89683936352995,43.06599950452746,2020-07-17,2,64.0
55079004400,55079007300,-87.90608569163814,43.089298213737145,-87.88807891595606,43.0779148594549,2020-07-17,2,64.0
55079004400,55079080200,-87.90608569163814,43.089298213737145,-87.8877423232882,43.0942616397457,2020-07-17,1,32.0
55079004400,55079000700,-87.90608569163814,43.089298213737145,-87.99009583376943,43.15588909293765,2020-07-17,1,32.0
55079004400,55079020400,-87.90608569163814,43.089298213737145,-87.9300852632457,42.98834002972675,2020-07-17,1,32.0
55079004400,55079007200,-87.90608569163814,43.089298213737145,-87.89788270005259,43.07774402945858,2020-07-17,2,64.0
55079004400,55079006600,-87.90608569163814,43.089298213737145,-87.93135214789555,43.075399167305534,2020-07-17,2,64.0
55079004400,55079001700,-87.90608569163814,43.089298213737145,-88.01621221830194,43.10855887721336,2020-07-17,1,32.0
55079004400,55079004200,-87.90608569163814,43.089298213737145,-87.94544782159862,43.09516547779425,2020-07-17,2,64.0
55079004400,55079001500,-87.90608569163814,43.089298213737145,-88.01520145334699,43.123754077777434,2020-07-17,1,32.0
55079004400,55079080400,-87.90608569163814,43.089298213737145,-87.88848724040903,43.08594082590386,2020-07-17,3,97.0
55079004400,55079002000,-87.90608569163814,43.089298213737145,-87.96815137233186,43.115621500302275,2020-07-17,1,32.0
55079004400,55079000201,-87.90608569163814,43.089298213737145,-88.0472441211064,43.1799495757708,2020-07-17,1,32.0
55079004400,55079021500,-87.90608569163814,43.089298213737145,-87.94398245259515,42.952098604888974,2020-07-17,1,32.0
55079004400,55079016400,-87.90608569163814,43.089298213737145,-87.92777599229481,43.01665943799343,2020-07-17,1,32.0
55079004400,55079009000,-87.90608569163814,43.089298213737145,-87.9610837883489,43.060355868415826,2020-07-17,2,64.0
55079004400,55079090700,-87.90608569163814,43.089298213737145,-88.02545440842808,43.059193901469925,2020-07-17,1,32.0
55079004400,55079008900,-87.90608569163814,43.089298213737145,-87.95337828163817,43.06706338271535,2020-07-17,1,32.0
55079004400,55079170100,-87.90608569163814,43.089298213737145,-87.84892368656588,42.919583500675934,2020-07-17,1,32.0
55079004400,55079100300,-87.90608569163814,43.089298213737145,-88.00316709835943,43.017354422985534,2020-07-17,1,32.0
55079004400,55079008000,-87.90608569163814,43.089298213737145,-87.90282982859381,43.067480284048756,2020-07-17,3,97.0
55079004400,55079009200,-87.90608569163814,43.089298213737145,-87.97560474362125,43.06069020349929,2020-07-17,1,32.0
55079004400,55079013300,-87.90608569163814,43.089298213737145,-87.96206431187025,43.03483590901066,2020-07-17,1,32.0
55079004400,55079001000,-87.90608569163814,43.089298213737145,-87.95348314468296,43.12464896388482,2020-07-17,1,32.0
55079004400,55079003000,-87.90608569163814,43.089298213737145,-87.99619059962126,43.10851035065769,2020-07-17,1,32.0
55079004400,55079185400,-87.90608569163814,43.089298213737145,-87.93768935592728,43.06023552955454,2020-07-17,1,32.0
55079004400,55079006700,-87.90608569163814,43.089298213737145,-87.92040407919447,43.07437828581977,2020-07-17,1,32.0
55079004700,55079002100,-87.94760565609727,43.08576787197636,-87.95315716160212,43.115529640428136,2020-07-17,1,29.0
55079004700,55079002400,-87.94760565609727,43.08576787197636,-87.95188617843814,43.106404380820805,2020-07-17,1,29.0
55079004700,55079004300,-87.94760565609727,43.08576787197636,-87.93220867621264,43.094799127568905,2020-07-17,2,58.0
55079004700,55079060200,-87.94760565609727,43.08576787197636,-87.9245165328896,43.11556508690733,2020-07-17,4,117.0
55079004700,55079004400,-87.94760565609727,43.08576787197636,-87.90608569163814,43.089298213737145,2020-07-17,5,147.0
55079004700,55079004500,-87.94760565609727,43.08576787197636,-87.92226909278084,43.08550885272536,2020-07-17,3,88.0
55079004700,55079016200,-87.94760565609727,43.08576787197636,-87.94745090497267,43.01660575920564,2020-07-17,2,58.0
55079004700,55079000101,-87.94760565609727,43.08576787197636,-88.00922083481396,43.18510784936368,2020-07-17,3,88.0
55079004700,55079000102,-87.94760565609727,43.08576787197636,-88.01167859828367,43.164645145767146,2020-07-17,4,117.0
55079004700,55079002300,-87.94760565609727,43.08576787197636,-87.93621856893152,43.105985427841645,2020-07-17,1,29.0
55079004700,55079011200,-87.94760565609727,43.08576787197636,-87.89756439120579,43.055476240018415,2020-07-17,2,58.0
55079004700,55079011400,-87.94760565609727,43.08576787197636,-87.9106574898586,43.05269479350376,2020-07-17,1,29.0
55079004700,55079000600,-87.94760565609727,43.08576787197636,-88.00190569680801,43.14010292722225,2020-07-17,2,58.0
55079004700,55079090300,-87.94760565609727,43.08576787197636,-88.0515779905257,43.06739040507833,2020-07-17,1,29.0
55079004700,55079186300,-87.94760565609727,43.08576787197636,-87.91799927397663,43.040616743150025,2020-07-17,1,29.0
55079004700,55079090200,-87.94760565609727,43.08576787197636,-88.05200796218348,43.081902180003375,2020-07-17,2,58.0
55079004700,55079000501,-87.94760565609727,43.08576787197636,-88.04340002069712,43.115390222488664,2020-07-17,1,29.0
55079004700,55079001200,-87.94760565609727,43.08576787197636,-87.98620080987179,43.12617611256525,2020-07-17,1,29.0
55079004700,55079004800,-87.94760565609727,43.08576787197636,-87.96231596301399,43.077035360461494,2020-07-17,2,58.0
55079004700,55079185500,-87.94760565609727,43.08576787197636,-87.92624880733425,43.0601763240656,2020-07-17,1,29.0
55079004700,55079185300,-87.94760565609727,43.08576787197636,-88.04265402690729,43.049880154873065,2020-07-17,2,58.0
55079004700,55079004600,-87.94760565609727,43.08576787197636,-87.9321086251029,43.08569057130924,2020-07-17,4,117.0
55079004700,55079005400,-87.94760565609727,43.08576787197636,-88.02259608100492,43.0824437803151,2020-07-17,1,29.0
55079004700,55079000400,-87.94760565609727,43.08576787197636,-88.05554472050937,43.110954423820296,2020-07-17,1,29.0
55079004700,55079000502,-87.94760565609727,43.08576787197636,-88.03128731150349,43.12480634966938,2020-07-17,1,29.0
55079004700,55079186800,-87.94760565609727,43.08576787197636,-87.9506670108877,43.02815858561159,2020-07-17,1,29.0
55079004700,55079091200,-87.94760565609727,43.08576787197636,-88.00388284004167,43.0467075980639,2020-07-17,1,29.0
55079004700,55079005000,-87.94760565609727,43.08576787197636,-87.98327608357046,43.07665137069942,2020-07-17,1,29.0
55079004700,55079001400,-87.94760565609727,43.08576787197636,-88.01656972395298,43.130900969315825,2020-07-17,1,29.0
55079004700,55079006800,-87.94760565609727,43.08576787197636,-87.92500216567623,43.079683301494654,2020-07-17,2,58.0
55079004700,55079091400,-87.94760565609727,43.08576787197636,-87.99383660813824,43.04031315098078,2020-07-17,1,29.0
55079004700,55079186500,-87.94760565609727,43.08576787197636,-87.9130303085029,43.02319729476483,2020-07-17,1,29.0
55079004700,55079003300,-87.94760565609727,43.08576787197636,-88.0173066794685,43.1010408446094,2020-07-17,1,29.0
55079004700,55079001600,-87.94760565609727,43.08576787197636,-88.01599665750028,43.11588641903863,2020-07-17,2,58.0
55079004700,55079016800,-87.94760565609727,43.08576787197636,-87.92935001478907,43.01036042537408,2020-07-17,1,29.0
55079004700,55079008500,-87.94760565609727,43.08576787197636,-87.9298714910033,43.06776123229879,2020-07-17,2,58.0
55079004700,55079070100,-87.94760565609727,43.08576787197636,-87.9076583493148,43.12063010988105,2020-07-17,1,29.0
55079004700,55079003800,-87.94760565609727,43.08576787197636,-87.97215356169055,43.086187842345545,2020-07-17,1,29.0
55079004700,55079011300,-87.94760565609727,43.08576787197636,-87.90713298111844,43.04890661506502,2020-07-17,1,29.0
55079004700,55079003400,-87.94760565609727,43.08576787197636,-88.02444287795417,43.0934576342605,2020-07-17,2,58.0
55079004700,55079005500,-87.94760565609727,43.08576787197636,-88.03284541742188,43.08237006688624,2020-07-17,1,29.0
55079004700,55079187000,-87.94760565609727,43.08576787197636,-87.88728455831759,43.05530607398437,2020-07-17,1,29.0
55079004700,55079007900,-87.94760565609727,43.08576787197636,-87.89683936352995,43.06599950452746,2020-07-17,1,29.0
55079004700,55079006300,-87.94760565609727,43.08576787197636,-87.95229119818997,43.07635281761954,2020-07-17,1,29.0
55079004700,55079185700,-87.94760565609727,43.08576787197636,-87.91471207902771,43.06752585199898,2020-07-17,1,29.0
55079004700,55079010700,-87.94760565609727,43.08576787197636,-87.90095083433016,43.0597678010215,2020-07-17,1,29.0
55079004700,55079100200,-87.94760565609727,43.08576787197636,-87.99137992566246,43.01460892403096,2020-07-17,2,58.0
55079004700,55079005200,-87.94760565609727,43.08576787197636,-88.0124256780363,43.086227920709504,2020-07-17,1,29.0
55079004700,55079001700,-87.94760565609727,43.08576787197636,-88.01621221830194,43.10855887721336,2020-07-17,1,29.0
55079004700,55079004200,-87.94760565609727,43.08576787197636,-87.94544782159862,43.09516547779425,2020-07-17,5,147.0
55079004700,55079011000,-87.94760565609727,43.08576787197636,-87.89727240641399,43.050053518943756,2020-07-17,1,29.0
55079004700,55079001500,-87.94760565609727,43.08576787197636,-88.01520145334699,43.123754077777434,2020-07-17,2,58.0
55079004700,55079080400,-87.94760565609727,43.08576787197636,-87.88848724040903,43.08594082590386,2020-07-17,1,29.0
55079004700,55079003900,-87.94760565609727,43.08576787197636,-87.96215160813261,43.086172227530916,2020-07-17,2,58.0
55079004700,55079007800,-87.94760565609727,43.08576787197636,-87.88801504624632,43.07075279367613,2020-07-17,1,29.0
55079004700,55079004700,-87.94760565609727,43.08576787197636,-87.94760565609727,43.08576787197636,2020-07-17,110,3242.0
55079004700,55079001900,-87.94760565609727,43.08576787197636,-87.98367415791445,43.115686316787006,2020-07-17,4,117.0
55079004700,55079003700,-87.94760565609727,43.08576787197636,-87.98336380852676,43.08546039091554,2020-07-17,1,29.0
55079004700,55079001100,-87.94760565609727,43.08576787197636,-87.96901390366762,43.127689901740844,2020-07-17,3,88.0
55079004700,55079101300,-87.94760565609727,43.08576787197636,-88.02770018483265,42.99907770295741,2020-07-17,1,29.0
55079004700,55079004100,-87.94760565609727,43.08576787197636,-87.95681147526382,43.0940907627305,2020-07-17,3,88.0
55079004700,55079186900,-87.94760565609727,43.08576787197636,-87.88804149673794,43.05226526687869,2020-07-17,1,29.0
55079004700,55079185600,-87.94760565609727,43.08576787197636,-87.91469071944607,43.06026722158336,2020-07-17,1,29.0
55079004700,55079005100,-87.94760565609727,43.08576787197636,-87.99757698420609,43.08261869423604,2020-07-17,4,117.0
55079004700,55079014800,-87.94760565609727,43.08576787197636,-87.9402035907502,43.042125624825495,2020-07-17,1,29.0
55079004700,55079004900,-87.94760565609727,43.08576787197636,-87.97231517837423,43.077061406485264,2020-07-17,2,58.0
55079004700,55079009200,-87.94760565609727,43.08576787197636,-87.97560474362125,43.06069020349929,2020-07-17,1,29.0
55079004700,55079006100,-87.94760565609727,43.08576787197636,-87.96847508739953,43.06791249267312,2020-07-17,1,29.0
55079004700,55079009300,-87.94760565609727,43.08576787197636,-87.98314520393755,43.060746025032145,2020-07-17,1,29.0
55079004700,55079003000,-87.94760565609727,43.08576787197636,-87.99619059962126,43.10851035065769,2020-07-17,2,58.0
55079004700,55079008600,-87.94760565609727,43.08576787197636,-87.93517868399437,43.06762170689756,2020-07-17,2,58.0
55079004700,55079006500,-87.94760565609727,43.08576787197636,-87.94229465456391,43.0797331466399,2020-07-17,5,147.0
55079004700,55079185400,-87.94760565609727,43.08576787197636,-87.93768935592728,43.06023552955454,2020-07-17,2,58.0
55079004700,55079015900,-87.94760565609727,43.08576787197636,-87.9473669417017,43.02159668337006,2020-07-17,1,29.0
55079004700,55079013500,-87.94760565609727,43.08576787197636,-87.9526122313311,43.040147622140005,2020-07-17,1,29.0
55079004700,55079009700,-87.94760565609727,43.08576787197636,-87.95262115062044,43.05393954073114,2020-07-17,1,29.0
55079004700,55079008700,-87.94760565609727,43.08576787197636,-87.93997122125838,43.06781436915486,2020-07-17,1,29.0
55079005100,55079002100,-87.99757698420609,43.08261869423604,-87.95315716160212,43.115529640428136,2020-07-17,2,44.0
55079005100,55079002400,-87.99757698420609,43.08261869423604,-87.95188617843814,43.106404380820805,2020-07-17,1,22.0
55079005100,55079004300,-87.99757698420609,43.08261869423604,-87.93220867621264,43.094799127568905,2020-07-17,3,66.0
55079005100,55079004400,-87.99757698420609,43.08261869423604,-87.90608569163814,43.089298213737145,2020-07-17,1,22.0
55079005100,55079012800,-87.99757698420609,43.08261869423604,-88.03145321223326,43.03059221584991,2020-07-17,1,22.0
55079005100,55079000101,-87.99757698420609,43.08261869423604,-88.00922083481396,43.18510784936368,2020-07-17,2,44.0
55079005100,55079000102,-87.99757698420609,43.08261869423604,-88.01167859828367,43.164645145767146,2020-07-17,2,44.0
55079005100,55079002300,-87.99757698420609,43.08261869423604,-87.93621856893152,43.105985427841645,2020-07-17,1,22.0
55079005100,55079010800,-87.99757698420609,43.08261869423604,-87.88986181293924,43.05733829509928,2020-07-17,1,22.0
55079005100,55079110100,-87.99757698420609,43.08261869423604,-87.9710022364233,43.012448953036525,2020-07-17,1,22.0
55079005100,55079101000,-87.99757698420609,43.08261869423604,-88.05764456171738,42.99173938525954,2020-07-17,2,44.0
55079005100,55079000600,-87.99757698420609,43.08261869423604,-88.00190569680801,43.14010292722225,2020-07-17,3,66.0
55079005100,55079050101,-87.99757698420609,43.08261869423604,-87.98494662348081,43.17683059907653,2020-07-17,1,22.0
55079005100,55079090300,-87.99757698420609,43.08261869423604,-88.0515779905257,43.06739040507833,2020-07-17,3,66.0
55079005100,55079021700,-87.99757698420609,43.08261869423604,-87.91312462574102,42.94052513723052,2020-07-17,2,44.0
55079005100,55079019100,-87.99757698420609,43.08261869423604,-87.96549351619066,42.982165146288615,2020-07-17,1,22.0
55079005100,55079090100,-87.99757698420609,43.08261869423604,-88.04837730790923,43.0973204568905,2020-07-17,1,22.0
55079005100,55079090200,-87.99757698420609,43.08261869423604,-88.05200796218348,43.081902180003375,2020-07-17,1,22.0
55079005100,55079090900,-87.99757698420609,43.08261869423604,-88.00270912368009,43.06124682618238,2020-07-17,2,44.0
55079005100,55079018400,-87.99757698420609,43.08261869423604,-87.90417459790928,42.9917062933768,2020-07-17,1,22.0
55079005100,55079160300,-87.99757698420609,43.08261869423604,-87.8893867076047,42.856940087232964,2020-07-17,1,22.0
55079005100,55079187300,-87.99757698420609,43.08261869423604,-87.9656302556773,42.887159701718595,2020-07-17,2,44.0
55079005100,55079000501,-87.99757698420609,43.08261869423604,-88.04340002069712,43.115390222488664,2020-07-17,1,22.0
55079005100,55079001200,-87.99757698420609,43.08261869423604,-87.98620080987179,43.12617611256525,2020-07-17,1,22.0
55079005100,55079002700,-87.99757698420609,43.08261869423604,-87.97176690626681,43.100825271475365,2020-07-17,1,22.0
55079005100,55079003500,-87.99757698420609,43.08261869423604,-87.99830093777771,43.09359369867719,2020-07-17,2,44.0
55079005100,55079185900,-87.99757698420609,43.08261869423604,-87.93229166080955,43.05383765471328,2020-07-17,1,22.0
55079005100,55079186000,-87.99757698420609,43.08261869423604,-87.92039854147795,43.053956957431964,2020-07-17,1,22.0
55079005100,55079003200,-87.99757698420609,43.08261869423604,-88.00111189801154,43.10115852758208,2020-07-17,2,44.0
55079005100,55079005300,-87.99757698420609,43.08261869423604,-88.01242727702714,43.07892288175221,2020-07-17,2,44.0
55079005100,55079090600,-87.99757698420609,43.08261869423604,-88.05435154566402,43.03795832032663,2020-07-17,2,44.0
55079005100,55079185300,-87.99757698420609,43.08261869423604,-88.04265402690729,43.049880154873065,2020-07-17,3,66.0
55079005100,55079187400,-87.99757698420609,43.08261869423604,-87.90767949876499,43.03217517915639,2020-07-17,1,22.0
55079005100,55079000800,-87.99757698420609,43.08261869423604,-87.97372753660457,43.14064967469203,2020-07-17,1,22.0
55079005100,55079004000,-87.99757698420609,43.08261869423604,-87.97205846198321,43.09342306765945,2020-07-17,1,22.0
55079005100,55079004600,-87.99757698420609,43.08261869423604,-87.9321086251029,43.08569057130924,2020-07-17,1,22.0
55079005100,55079005400,-87.99757698420609,43.08261869423604,-88.02259608100492,43.0824437803151,2020-07-17,2,44.0
55079005100,55079000400,-87.99757698420609,43.08261869423604,-88.05554472050937,43.110954423820296,2020-07-17,1,22.0
55079005100,55079006200,-87.99757698420609,43.08261869423604,-87.96097127315564,43.067902782244275,2020-07-17,1,22.0
55079005100,55079186800,-87.99757698420609,43.08261869423604,-87.9506670108877,43.02815858561159,2020-07-17,3,66.0
55079005100,55079160202,-87.99757698420609,43.08261869423604,-87.87217546542965,42.881379330302295,2020-07-17,1,22.0
55079005100,55079006800,-87.99757698420609,43.08261869423604,-87.92500216567623,43.079683301494654,2020-07-17,1,22.0
55079005100,55079007000,-87.99757698420609,43.08261869423604,-87.91122456687498,43.07424564740019,2020-07-17,1,22.0
55079005100,55079140100,-87.99757698420609,43.08261869423604,-88.0188613886232,42.93745223479677,2020-07-17,1,22.0
55079005100,55079003300,-87.99757698420609,43.08261869423604,-88.0173066794685,43.1010408446094,2020-07-17,1,22.0
55079005100,55079001600,-87.99757698420609,43.08261869423604,-88.01599665750028,43.11588641903863,2020-07-17,1,22.0
55079005100,55079120101,-87.99757698420609,43.08261869423604,-88.04814010007517,42.95916305909443,2020-07-17,1,22.0
55079005100,55079008500,-87.99757698420609,43.08261869423604,-87.9298714910033,43.06776123229879,2020-07-17,2,44.0
55079005100,55079040100,-87.99757698420609,43.08261869423604,-87.93527423095499,43.17163768621121,2020-07-17,1,22.0
55079005100,55079003600,-87.99757698420609,43.08261869423604,-87.98321131530031,43.092736225323044,2020-07-17,4,88.0
55079005100,55079003800,-87.99757698420609,43.08261869423604,-87.97215356169055,43.086187842345545,2020-07-17,3,66.0
55079005100,55079014400,-87.99757698420609,43.08261869423604,-87.90784049253895,43.042413401572134,2020-07-17,1,22.0
55079005100,55079100400,-87.99757698420609,43.08261869423604,-88.01166560297426,43.0170103539625,2020-07-17,1,22.0
55079005100,55079150100,-87.99757698420609,43.08261869423604,-87.97759713310646,42.91424119290261,2020-07-17,2,44.0
55079005100,55079001800,-87.99757698420609,43.08261869423604,-87.99853790291819,43.115847306484916,2020-07-17,1,22.0
55079005100,55079003400,-87.99757698420609,43.08261869423604,-88.02444287795417,43.0934576342605,2020-07-17,12,265.0
55079005100,55079005500,-87.99757698420609,43.08261869423604,-88.03284541742188,43.08237006688624,2020-07-17,1,22.0
55079005100,55079005800,-87.99757698420609,43.08261869423604,-87.99994620357029,43.072303413103626,2020-07-17,1,22.0
55079005100,55079002900,-87.99757698420609,43.08261869423604,-87.98131890013833,43.108341188298006,2020-07-17,1,22.0
55079005100,55079050102,-87.99757698420609,43.08261869423604,-87.96743569232115,43.172443064752215,2020-07-17,3,66.0
55079005100,55079015800,-87.99757698420609,43.08261869423604,-87.93761636287321,43.021659379009066,2020-07-17,1,22.0
55079005100,55079185700,-87.99757698420609,43.08261869423604,-87.91471207902771,43.06752585199898,2020-07-17,4,88.0
55079005100,55079000700,-87.99757698420609,43.08261869423604,-87.99009583376943,43.15588909293765,2020-07-17,1,22.0
55079005100,55079101700,-87.99757698420609,43.08261869423604,-88.00697190300957,43.00173437379505,2020-07-17,1,22.0
55079005100,55079005700,-87.99757698420609,43.08261869423604,-88.01309831915184,43.07138814037072,2020-07-17,3,66.0
55079005100,55079012600,-87.99757698420609,43.08261869423604,-87.99443577770006,43.034032251200934,2020-07-17,1,22.0
55079005100,55079005200,-87.99757698420609,43.08261869423604,-88.0124256780363,43.086227920709504,2020-07-17,5,110.0
55079005100,55079007600,-87.99757698420609,43.08261869423604,-87.87859580944733,43.06399812725538,2020-07-17,1,22.0
55079005100,55079000900,-87.99757698420609,43.08261869423604,-87.95566887882444,43.14970170326806,2020-07-17,2,44.0
55079005100,55079001300,-87.99757698420609,43.08261869423604,-87.99843350448002,43.126783535933505,2020-07-17,1,22.0
55079005100,55079001700,-87.99757698420609,43.08261869423604,-88.01621221830194,43.10855887721336,2020-07-17,1,22.0
55079005100,55079004200,-87.99757698420609,43.08261869423604,-87.94544782159862,43.09516547779425,2020-07-17,1,22.0
55079005100,55079003900,-87.99757698420609,43.08261869423604,-87.96215160813261,43.086172227530916,2020-07-17,2,44.0
55079005100,55079000201,-87.99757698420609,43.08261869423604,-88.0472441211064,43.1799495757708,2020-07-17,1,22.0
55079005100,55079004700,-87.99757698420609,43.08261869423604,-87.94760565609727,43.08576787197636,2020-07-17,2,44.0
55079005100,55079012700,-87.99757698420609,43.08261869423604,-88.0122777504643,43.029662330242175,2020-07-17,1,22.0
55079005100,55079016000,-87.99757698420609,43.08261869423604,-87.95725941865898,43.02137414837421,2020-07-17,1,22.0
55079005100,55079016400,-87.99757698420609,43.08261869423604,-87.92777599229481,43.01665943799343,2020-07-17,1,22.0
55079005100,55079009100,-87.99757698420609,43.08261869423604,-87.96852806703085,43.060675408064526,2020-07-17,2,44.0
55079005100,55079010600,-87.99757698420609,43.08261869423604,-87.90749884397533,43.060136167504425,2020-07-17,1,22.0
55079005100,55079000304,-87.99757698420609,43.08261869423604,-88.02644618111368,43.14364069729464,2020-07-17,2,44.0
55079005100,55079001900,-87.99757698420609,43.08261869423604,-87.98367415791445,43.115686316787006,2020-07-17,3,66.0
55079005100,55079003700,-87.99757698420609,43.08261869423604,-87.98336380852676,43.08546039091554,2020-07-17,6,132.0
55079005100,55079001100,-87.99757698420609,43.08261869423604,-87.96901390366762,43.127689901740844,2020-07-17,3,66.0
55079005100,55079008900,-87.99757698420609,43.08261869423604,-87.95337828163817,43.06706338271535,2020-07-17,1,22.0
55079005100,55079091000,-87.99757698420609,43.08261869423604,-87.99705672432205,43.06433297165757,2020-07-17,1,22.0
55079005100,55079185800,-87.99757698420609,43.08261869423604,-87.94265216254213,43.0538687550207,2020-07-17,2,44.0
55079005100,55079186200,-87.99757698420609,43.08261869423604,-87.93244814260824,43.04856605375616,2020-07-17,3,66.0
55079005100,55079186900,-87.99757698420609,43.08261869423604,-87.88804149673794,43.05226526687869,2020-07-17,1,22.0
55079005100,55079005100,-87.99757698420609,43.08261869423604,-87.99757698420609,43.08261869423604,2020-07-17,135,2986.0
55079005100,55079004900,-87.99757698420609,43.08261869423604,-87.97231517837423,43.077061406485264,2020-07-17,4,88.0
55079005100,55079008000,-87.99757698420609,43.08261869423604,-87.90282982859381,43.067480284048756,2020-07-17,1,22.0
55079005100,55079009200,-87.99757698420609,43.08261869423604,-87.97560474362125,43.06069020349929,2020-07-17,1,22.0
55079005100,55079006400,-87.99757698420609,43.08261869423604,-87.94234792087695,43.07421796319209,2020-07-17,1,22.0
55079005100,55079012200,-87.99757698420609,43.08261869423604,-87.95271101560115,43.04866661559741,2020-07-17,2,44.0
55079005100,55079001000,-87.99757698420609,43.08261869423604,-87.95348314468296,43.12464896388482,2020-07-17,1,22.0
55079005100,55079008400,-87.99757698420609,43.08261869423604,-87.92332577697063,43.067583013115005,2020-07-17,1,22.0
55079005100,55079002200,-87.99757698420609,43.08261869423604,-87.9335870089048,43.11469059411332,2020-07-17,1,22.0
55079005100,55079003000,-87.99757698420609,43.08261869423604,-87.99619059962126,43.10851035065769,2020-07-17,3,66.0
55079005100,55079008600,-87.99757698420609,43.08261869423604,-87.93517868399437,43.06762170689756,2020-07-17,1,22.0
55079005100,55079006500,-87.99757698420609,43.08261869423604,-87.94229465456391,43.0797331466399,2020-07-17,2,44.0
55079006200,55079002100,-87.96097127315564,43.067902782244275,-87.95315716160212,43.115529640428136,2020-07-17,1,22.0
55079006200,55079004400,-87.96097127315564,43.067902782244275,-87.90608569163814,43.089298213737145,2020-07-17,1,22.0
55079006200,55079110100,-87.96097127315564,43.067902782244275,-87.9710022364233,43.012448953036525,2020-07-17,3,67.0
55079006200,55079000600,-87.96097127315564,43.067902782244275,-88.00190569680801,43.14010292722225,2020-07-17,1,22.0
55079006200,55079090300,-87.96097127315564,43.067902782244275,-88.0515779905257,43.06739040507833,2020-07-17,1,22.0
55079006200,55079186300,-87.96097127315564,43.067902782244275,-87.91799927397663,43.040616743150025,2020-07-17,3,67.0
55079006200,55079090200,-87.96097127315564,43.067902782244275,-88.05200796218348,43.081902180003375,2020-07-17,1,22.0
55079006200,55079000501,-87.96097127315564,43.067902782244275,-88.04340002069712,43.115390222488664,2020-07-17,1,22.0
55079006200,55079001200,-87.96097127315564,43.067902782244275,-87.98620080987179,43.12617611256525,2020-07-17,2,44.0
55079006200,55079003500,-87.96097127315564,43.067902782244275,-87.99830093777771,43.09359369867719,2020-07-17,7,156.0
55079006200,55079004800,-87.96097127315564,43.067902782244275,-87.96231596301399,43.077035360461494,2020-07-17,3,67.0
55079006200,55079186000,-87.96097127315564,43.067902782244275,-87.92039854147795,43.053956957431964,2020-07-17,2,44.0
55079006200,55079185500,-87.96097127315564,43.067902782244275,-87.92624880733425,43.0601763240656,2020-07-17,1,22.0
55079006200,55079185300,-87.96097127315564,43.067902782244275,-88.04265402690729,43.049880154873065,2020-07-17,1,22.0
55079006200,55079014700,-87.96097127315564,43.067902782244275,-87.93551340137516,43.042200823908786,2020-07-17,1,22.0
55079006200,55079000800,-87.96097127315564,43.067902782244275,-87.97372753660457,43.14064967469203,2020-07-17,1,22.0
55079006200,55079004000,-87.96097127315564,43.067902782244275,-87.97205846198321,43.09342306765945,2020-07-17,1,22.0
55079006200,55079006200,-87.96097127315564,43.067902782244275,-87.96097127315564,43.067902782244275,2020-07-17,82,1834.0
55079006200,55079091200,-87.96097127315564,43.067902782244275,-88.00388284004167,43.0467075980639,2020-07-17,1,22.0
55079006200,55079007000,-87.96097127315564,43.067902782244275,-87.91122456687498,43.07424564740019,2020-07-17,2,44.0
55079006200,55079186500,-87.96097127315564,43.067902782244275,-87.9130303085029,43.02319729476483,2020-07-17,2,44.0
55079006200,55079001600,-87.96097127315564,43.067902782244275,-88.01599665750028,43.11588641903863,2020-07-17,1,22.0
55079006200,55079008500,-87.96097127315564,43.067902782244275,-87.9298714910033,43.06776123229879,2020-07-17,1,22.0
55079006200,55079003600,-87.96097127315564,43.067902782244275,-87.98321131530031,43.092736225323044,2020-07-17,3,67.0
55079006200,55079003800,-87.96097127315564,43.067902782244275,-87.97215356169055,43.086187842345545,2020-07-17,1,22.0
55079006200,55079005500,-87.96097127315564,43.067902782244275,-88.03284541742188,43.08237006688624,2020-07-17,2,44.0
55079006200,55079016100,-87.96097127315564,43.067902782244275,-87.95946595975387,43.016089910899275,2020-07-17,1,22.0
55079006200,55079009400,-87.96097127315564,43.067902782244275,-87.98309572088205,43.053347935581954,2020-07-17,1,22.0
55079006200,55079050102,-87.96097127315564,43.067902782244275,-87.96743569232115,43.172443064752215,2020-07-17,1,22.0
55079006200,55079180300,-87.96097127315564,43.067902782244275,-87.87005593266791,42.951885652862586,2020-07-17,1,22.0
55079006200,55079006300,-87.96097127315564,43.067902782244275,-87.95229119818997,43.07635281761954,2020-07-17,3,67.0
55079006200,55079007300,-87.96097127315564,43.067902782244275,-87.88807891595606,43.0779148594549,2020-07-17,1,22.0
55079006200,55079101700,-87.96097127315564,43.067902782244275,-88.00697190300957,43.00173437379505,2020-07-17,1,22.0
55079006200,55079005200,-87.96097127315564,43.067902782244275,-88.0124256780363,43.086227920709504,2020-07-17,2,44.0
55079006200,55079006600,-87.96097127315564,43.067902782244275,-87.93135214789555,43.075399167305534,2020-07-17,1,22.0
55079006200,55079007600,-87.96097127315564,43.067902782244275,-87.87859580944733,43.06399812725538,2020-07-17,2,44.0
55079006200,55079009800,-87.96097127315564,43.067902782244275,-87.95409571434068,43.059778012269526,2020-07-17,1,22.0
55079006200,55079000900,-87.96097127315564,43.067902782244275,-87.95566887882444,43.14970170326806,2020-07-17,1,22.0
55079006200,55079001700,-87.96097127315564,43.067902782244275,-88.01621221830194,43.10855887721336,2020-07-17,2,44.0
55079006200,55079000201,-87.96097127315564,43.067902782244275,-88.0472441211064,43.1799495757708,2020-07-17,1,22.0
55079006200,55079018200,-87.96097127315564,43.067902782244275,-87.87369831321716,42.99249911585218,2020-07-17,2,44.0
55079006200,55079004700,-87.96097127315564,43.067902782244275,-87.94760565609727,43.08576787197636,2020-07-17,1,22.0
55079006200,55079002600,-87.96097127315564,43.067902782244275,-87.96192834607115,43.10067420371696,2020-07-17,1,22.0
55079006200,55079009000,-87.96097127315564,43.067902782244275,-87.9610837883489,43.060355868415826,2020-07-17,1,22.0
55079006200,55079009100,-87.96097127315564,43.067902782244275,-87.96852806703085,43.060675408064526,2020-07-17,1,22.0
55079006200,55079000304,-87.96097127315564,43.067902782244275,-88.02644618111368,43.14364069729464,2020-07-17,1,22.0
55079006200,55079001900,-87.96097127315564,43.067902782244275,-87.98367415791445,43.115686316787006,2020-07-17,1,22.0
55079006200,55079001100,-87.96097127315564,43.067902782244275,-87.96901390366762,43.127689901740844,2020-07-17,2,44.0
55079006200,55079016500,-87.96097127315564,43.067902782244275,-87.91153110922029,43.01579142211555,2020-07-17,1,22.0
55079006200,55079180200,-87.96097127315564,43.067902782244275,-87.85506992096182,42.95465467367753,2020-07-17,1,22.0
55079006200,55079008900,-87.96097127315564,43.067902782244275,-87.95337828163817,43.06706338271535,2020-07-17,1,22.0
55079006200,55079170100,-87.96097127315564,43.067902782244275,-87.84892368656588,42.919583500675934,2020-07-17,1,22.0
55079006200,55079005100,-87.96097127315564,43.067902782244275,-87.99757698420609,43.08261869423604,2020-07-17,2,44.0
55079006200,55079014800,-87.96097127315564,43.067902782244275,-87.9402035907502,43.042125624825495,2020-07-17,2,44.0
55079006200,55079004900,-87.96097127315564,43.067902782244275,-87.97231517837423,43.077061406485264,2020-07-17,1,22.0
55079006200,55079006400,-87.96097127315564,43.067902782244275,-87.94234792087695,43.07421796319209,2020-07-17,1,22.0
55079006200,55079006100,-87.96097127315564,43.067902782244275,-87.96847508739953,43.06791249267312,2020-07-17,1,22.0
55079006200,55079008400,-87.96097127315564,43.067902782244275,-87.92332577697063,43.067583013115005,2020-07-17,1,22.0
55079006200,55079008600,-87.96097127315564,43.067902782244275,-87.93517868399437,43.06762170689756,2020-07-17,1,22.0
55079006200,55079185400,-87.96097127315564,43.067902782244275,-87.93768935592728,43.06023552955454,2020-07-17,1,22.0
55079006200,55079008800,-87.96097127315564,43.067902782244275,-87.94617084834631,43.06788862375971,2020-07-17,3,67.0
55079006200,55079006900,-87.96097127315564,43.067902782244275,-87.91078185483303,43.07979537793229,2020-07-17,1,22.0
55079006200,55079008700,-87.96097127315564,43.067902782244275,-87.93997122125838,43.06781436915486,2020-07-17,3,67.0
55079006600,55079002100,-87.93135214789555,43.075399167305534,-87.95315716160212,43.115529640428136,2020-07-17,1,26.0
55079006600,55079004300,-87.93135214789555,43.075399167305534,-87.93220867621264,43.094799127568905,2020-07-17,1,26.0
55079006600,55079060200,-87.93135214789555,43.075399167305534,-87.9245165328896,43.11556508690733,2020-07-17,2,52.0
55079006600,55079004400,-87.93135214789555,43.075399167305534,-87.90608569163814,43.089298213737145,2020-07-17,1,26.0
55079006600,55079000101,-87.93135214789555,43.075399167305534,-88.00922083481396,43.18510784936368,2020-07-17,1,26.0
55079006600,55079000102,-87.93135214789555,43.075399167305534,-88.01167859828367,43.164645145767146,2020-07-17,3,78.0
55079006600,55079000202,-87.93135214789555,43.075399167305534,-88.04132965001602,43.160382512849615,2020-07-17,1,26.0
55079006600,55079002300,-87.93135214789555,43.075399167305534,-87.93621856893152,43.105985427841645,2020-07-17,2,52.0
55079006600,55079010800,-87.93135214789555,43.075399167305534,-87.88986181293924,43.05733829509928,2020-07-17,1,26.0
55079006600,55079110100,-87.93135214789555,43.075399167305534,-87.9710022364233,43.012448953036525,2020-07-17,3,78.0
55079006600,55079090300,-87.93135214789555,43.075399167305534,-88.0515779905257,43.06739040507833,2020-07-17,1,26.0
55079006600,55079012400,-87.93135214789555,43.075399167305534,-87.97680856828566,43.04580144948212,2020-07-17,1,26.0
55079006600,55079090900,-87.93135214789555,43.075399167305534,-88.00270912368009,43.06124682618238,2020-07-17,1,26.0
55079006600,55079120203,-87.93135214789555,43.075399167305534,-88.00776394431053,42.95694649923871,2020-07-17,1,26.0
55079006600,55079002700,-87.93135214789555,43.075399167305534,-87.97176690626681,43.100825271475365,2020-07-17,1,26.0
55079006600,55079004800,-87.93135214789555,43.075399167305534,-87.96231596301399,43.077035360461494,2020-07-17,3,78.0
55079006600,55079185500,-87.93135214789555,43.075399167305534,-87.92624880733425,43.0601763240656,2020-07-17,2,52.0
55079006600,55079004600,-87.93135214789555,43.075399167305534,-87.9321086251029,43.08569057130924,2020-07-17,1,26.0
55079006600,55079000400,-87.93135214789555,43.075399167305534,-88.05554472050937,43.110954423820296,2020-07-17,1,26.0
55079006600,55079091200,-87.93135214789555,43.075399167305534,-88.00388284004167,43.0467075980639,2020-07-17,2,52.0
55079006600,55079005000,-87.93135214789555,43.075399167305534,-87.98327608357046,43.07665137069942,2020-07-17,1,26.0
55079006600,55079002800,-87.93135214789555,43.075399167305534,-87.97141961541004,43.10830621321033,2020-07-17,1,26.0
55079006600,55079006800,-87.93135214789555,43.075399167305534,-87.92500216567623,43.079683301494654,2020-07-17,1,26.0
55079006600,55079007000,-87.93135214789555,43.075399167305534,-87.91122456687498,43.07424564740019,2020-07-17,1,26.0
55079006600,55079186500,-87.93135214789555,43.075399167305534,-87.9130303085029,43.02319729476483,2020-07-17,1,26.0
55079006600,55079008500,-87.93135214789555,43.075399167305534,-87.9298714910033,43.06776123229879,2020-07-17,3,78.0
55079006600,55079003600,-87.93135214789555,43.075399167305534,-87.98321131530031,43.092736225323044,2020-07-17,2,52.0
55079006600,55079014400,-87.93135214789555,43.075399167305534,-87.90784049253895,43.042413401572134,2020-07-17,2,52.0
55079006600,55079150100,-87.93135214789555,43.075399167305534,-87.97759713310646,42.91424119290261,2020-07-17,1,26.0
55079006600,55079001800,-87.93135214789555,43.075399167305534,-87.99853790291819,43.115847306484916,2020-07-17,1,26.0
55079006600,55079003400,-87.93135214789555,43.075399167305534,-88.02444287795417,43.0934576342605,2020-07-17,1,26.0
55079006600,55079005500,-87.93135214789555,43.075399167305534,-88.03284541742188,43.08237006688624,2020-07-17,1,26.0
55079006600,55079187000,-87.93135214789555,43.075399167305534,-87.88728455831759,43.05530607398437,2020-07-17,1,26.0
55079006600,55079150301,-87.93135214789555,43.075399167305534,-88.05345903025625,42.89781994777656,2020-07-17,1,26.0
55079006600,55079050102,-87.93135214789555,43.075399167305534,-87.96743569232115,43.172443064752215,2020-07-17,1,26.0
55079006600,55079006300,-87.93135214789555,43.075399167305534,-87.95229119818997,43.07635281761954,2020-07-17,1,26.0
55079006600,55079006600,-87.93135214789555,43.075399167305534,-87.93135214789555,43.075399167305534,2020-07-17,74,1943.0
55079006600,55079009800,-87.93135214789555,43.075399167305534,-87.95409571434068,43.059778012269526,2020-07-17,1,26.0
55079006600,55079016700,-87.93135214789555,43.075399167305534,-87.92209519609614,43.010301162214034,2020-07-17,1,26.0
55079006600,55079004200,-87.93135214789555,43.075399167305534,-87.94544782159862,43.09516547779425,2020-07-17,1,26.0
55079006600,55079014900,-87.93135214789555,43.075399167305534,-87.94481830610269,43.03704436935605,2020-07-17,1,26.0
55079006600,55079012300,-87.93135214789555,43.075399167305534,-87.96196748080853,43.043599093031496,2020-07-17,1,26.0
55079006600,55079001500,-87.93135214789555,43.075399167305534,-88.01520145334699,43.123754077777434,2020-07-17,1,26.0
55079006600,55079080400,-87.93135214789555,43.075399167305534,-87.88848724040903,43.08594082590386,2020-07-17,2,52.0
55079006600,55079007800,-87.93135214789555,43.075399167305534,-87.88801504624632,43.07075279367613,2020-07-17,3,78.0
55079006600,55079004700,-87.93135214789555,43.075399167305534,-87.94760565609727,43.08576787197636,2020-07-17,2,52.0
55079006600,55079002600,-87.93135214789555,43.075399167305534,-87.96192834607115,43.10067420371696,2020-07-17,1,26.0
55079006600,55079009000,-87.93135214789555,43.075399167305534,-87.9610837883489,43.060355868415826,2020-07-17,1,26.0
55079006600,55079013700,-87.93135214789555,43.075399167305534,-87.94529508707278,43.04229912697773,2020-07-17,1,26.0
55079006600,55079013400,-87.93135214789555,43.075399167305534,-87.95356038604784,43.03496530197635,2020-07-17,2,52.0
55079006600,55079005100,-87.93135214789555,43.075399167305534,-87.99757698420609,43.08261869423604,2020-07-17,1,26.0
55079006600,55079004900,-87.93135214789555,43.075399167305534,-87.97231517837423,43.077061406485264,2020-07-17,1,26.0
55079006600,55079006400,-87.93135214789555,43.075399167305534,-87.94234792087695,43.07421796319209,2020-07-17,3,78.0
55079006600,55079012200,-87.93135214789555,43.075399167305534,-87.95271101560115,43.04866661559741,2020-07-17,1,26.0
55079006600,55079013300,-87.93135214789555,43.075399167305534,-87.96206431187025,43.03483590901066,2020-07-17,1,26.0
55079006600,55079001000,-87.93135214789555,43.075399167305534,-87.95348314468296,43.12464896388482,2020-07-17,1,26.0
55079006600,55079009900,-87.93135214789555,43.075399167305534,-87.94630275235495,43.060274421469344,2020-07-17,2,52.0
55079006600,55079006500,-87.93135214789555,43.075399167305534,-87.94229465456391,43.0797331466399,2020-07-17,1,26.0
55079006600,55079185400,-87.93135214789555,43.075399167305534,-87.93768935592728,43.06023552955454,2020-07-17,3,78.0
55079006600,55079013500,-87.93135214789555,43.075399167305534,-87.9526122313311,43.040147622140005,2020-07-17,1,26.0
55079006600,55079006700,-87.93135214789555,43.075399167305534,-87.92040407919447,43.07437828581977,2020-07-17,1,26.0
55079008400,55079002100,-87.92332577697063,43.067583013115005,-87.95315716160212,43.115529640428136,2020-07-17,2,54.0
55079008400,55079060200,-87.92332577697063,43.067583013115005,-87.9245165328896,43.11556508690733,2020-07-17,3,82.0
55079008400,55079004400,-87.92332577697063,43.067583013115005,-87.90608569163814,43.089298213737145,2020-07-17,7,191.0
55079008400,55079000102,-87.92332577697063,43.067583013115005,-88.01167859828367,43.164645145767146,2020-07-17,1,27.0
55079008400,55079110100,-87.92332577697063,43.067583013115005,-87.9710022364233,43.012448953036525,2020-07-17,2,54.0
55079008400,55079186300,-87.92332577697063,43.067583013115005,-87.91799927397663,43.040616743150025,2020-07-17,1,27.0
55079008400,55079004800,-87.92332577697063,43.067583013115005,-87.96231596301399,43.077035360461494,2020-07-17,1,27.0
55079008400,55079000800,-87.92332577697063,43.067583013115005,-87.97372753660457,43.14064967469203,2020-07-17,1,27.0
55079008400,55079014600,-87.92332577697063,43.067583013115005,-87.93032605572249,43.04237842637439,2020-07-17,2,54.0
55079008400,55079007000,-87.92332577697063,43.067583013115005,-87.91122456687498,43.07424564740019,2020-07-17,3,82.0
55079008400,55079101100,-87.92332577697063,43.067583013115005,-88.04276904850849,42.99420752845147,2020-07-17,1,27.0
55079008400,55079186500,-87.92332577697063,43.067583013115005,-87.9130303085029,43.02319729476483,2020-07-17,1,27.0
55079008400,55079185700,-87.92332577697063,43.067583013115005,-87.91471207902771,43.06752585199898,2020-07-17,1,27.0
55079008400,55079005900,-87.92332577697063,43.067583013115005,-87.98523579862835,43.06821108392844,2020-07-17,1,27.0
55079008400,55079004200,-87.92332577697063,43.067583013115005,-87.94544782159862,43.09516547779425,2020-07-17,1,27.0
55079008400,55079000201,-87.92332577697063,43.067583013115005,-88.0472441211064,43.1799495757708,2020-07-17,1,27.0
55079008400,55079004700,-87.92332577697063,43.067583013115005,-87.94760565609727,43.08576787197636,2020-07-17,1,27.0
55079008400,55079001100,-87.92332577697063,43.067583013115005,-87.96901390366762,43.127689901740844,2020-07-17,1,27.0
55079008400,55079016500,-87.92332577697063,43.067583013115005,-87.91153110922029,43.01579142211555,2020-07-17,1,27.0
55079008400,55079017600,-87.92332577697063,43.067583013115005,-87.92236059293215,43.00280872383964,2020-07-17,1,27.0
55079008400,55079011100,-87.92332577697063,43.067583013115005,-87.90155963599153,43.04933924860895,2020-07-17,1,27.0
55079008400,55079091000,-87.92332577697063,43.067583013115005,-87.99705672432205,43.06433297165757,2020-07-17,1,27.0
55079008400,55079185600,-87.92332577697063,43.067583013115005,-87.91469071944607,43.06026722158336,2020-07-17,3,82.0
55079008400,55079008000,-87.92332577697063,43.067583013115005,-87.90282982859381,43.067480284048756,2020-07-17,1,27.0
55079008400,55079009200,-87.92332577697063,43.067583013115005,-87.97560474362125,43.06069020349929,2020-07-17,1,27.0
55079008400,55079012200,-87.92332577697063,43.067583013115005,-87.95271101560115,43.04866661559741,2020-07-17,1,27.0
55079008400,55079006100,-87.92332577697063,43.067583013115005,-87.96847508739953,43.06791249267312,2020-07-17,1,27.0
55079008400,55079008400,-87.92332577697063,43.067583013115005,-87.92332577697063,43.067583013115005,2020-07-17,38,1042.0
55079008800,55079002100,-87.94617084834631,43.06788862375971,-87.95315716160212,43.115529640428136,2020-07-17,1,21.0
55079008800,55079002400,-87.94617084834631,43.06788862375971,-87.95188617843814,43.106404380820805,2020-07-17,1,21.0
55079008800,55079004300,-87.94617084834631,43.06788862375971,-87.93220867621264,43.094799127568905,2020-07-17,1,21.0
55079008800,55079004400,-87.94617084834631,43.06788862375971,-87.90608569163814,43.089298213737145,2020-07-17,3,63.0
55079008800,55079004500,-87.94617084834631,43.06788862375971,-87.92226909278084,43.08550885272536,2020-07-17,1,21.0
55079008800,55079000101,-87.94617084834631,43.06788862375971,-88.00922083481396,43.18510784936368,2020-07-17,1,21.0
55079008800,55079000102,-87.94617084834631,43.06788862375971,-88.01167859828367,43.164645145767146,2020-07-17,3,63.0
55079008800,55079110100,-87.94617084834631,43.06788862375971,-87.9710022364233,43.012448953036525,2020-07-17,3,63.0
55079008800,55079021200,-87.94617084834631,43.06788862375971,-87.92101040508955,42.965284697357816,2020-07-17,1,21.0
55079008800,55079090300,-87.94617084834631,43.06788862375971,-88.0515779905257,43.06739040507833,2020-07-17,1,21.0
55079008800,55079090200,-87.94617084834631,43.06788862375971,-88.05200796218348,43.081902180003375,2020-07-17,1,21.0
55079008800,55079090900,-87.94617084834631,43.06788862375971,-88.00270912368009,43.06124682618238,2020-07-17,1,21.0
55079008800,55079120203,-87.94617084834631,43.06788862375971,-88.00776394431053,42.95694649923871,2020-07-17,1,21.0
55079008800,55079002700,-87.94617084834631,43.06788862375971,-87.97176690626681,43.100825271475365,2020-07-17,1,21.0
55079008800,55079003500,-87.94617084834631,43.06788862375971,-87.99830093777771,43.09359369867719,2020-07-17,1,21.0
55079008800,55079004800,-87.94617084834631,43.06788862375971,-87.96231596301399,43.077035360461494,2020-07-17,1,21.0
55079008800,55079185500,-87.94617084834631,43.06788862375971,-87.92624880733425,43.0601763240656,2020-07-17,2,42.0
55079008800,55079185300,-87.94617084834631,43.06788862375971,-88.04265402690729,43.049880154873065,2020-07-17,1,21.0
55079008800,55079120502,-87.94617084834631,43.06788862375971,-87.96510992081555,42.95304728304586,2020-07-17,1,21.0
55079008800,55079187400,-87.94617084834631,43.06788862375971,-87.90767949876499,43.03217517915639,2020-07-17,1,21.0
55079008800,55079004600,-87.94617084834631,43.06788862375971,-87.9321086251029,43.08569057130924,2020-07-17,2,42.0
55079008800,55079000400,-87.94617084834631,43.06788862375971,-88.05554472050937,43.110954423820296,2020-07-17,2,42.0
55079008800,55079000502,-87.94617084834631,43.06788862375971,-88.03128731150349,43.12480634966938,2020-07-17,1,21.0
55079008800,55079006200,-87.94617084834631,43.06788862375971,-87.96097127315564,43.067902782244275,2020-07-17,1,21.0
55079008800,55079186800,-87.94617084834631,43.06788862375971,-87.9506670108877,43.02815858561159,2020-07-17,1,21.0
55079008800,55079091200,-87.94617084834631,43.06788862375971,-88.00388284004167,43.0467075980639,2020-07-17,1,21.0
55079008800,55079180400,-87.94617084834631,43.06788862375971,-87.85633588550823,42.93709205888796,2020-07-17,1,21.0
55079008800,55079005000,-87.94617084834631,43.06788862375971,-87.98327608357046,43.07665137069942,2020-07-17,1,21.0
55079008800,55079101100,-87.94617084834631,43.06788862375971,-88.04276904850849,42.99420752845147,2020-07-17,1,21.0
55079008800,55079008500,-87.94617084834631,43.06788862375971,-87.9298714910033,43.06776123229879,2020-07-17,2,42.0
55079008800,55079101400,-87.94617084834631,43.06788862375971,-88.02735540531337,43.00631524274058,2020-07-17,1,21.0
55079008800,55079003600,-87.94617084834631,43.06788862375971,-87.98321131530031,43.092736225323044,2020-07-17,3,63.0
55079008800,55079011300,-87.94617084834631,43.06788862375971,-87.90713298111844,43.04890661506502,2020-07-17,1,21.0
55079008800,55079014400,-87.94617084834631,43.06788862375971,-87.90784049253895,43.042413401572134,2020-07-17,1,21.0
55079008800,55079070200,-87.94617084834631,43.06788862375971,-87.8919112738197,43.1133970416122,2020-07-17,1,21.0
55079008800,55079150100,-87.94617084834631,43.06788862375971,-87.97759713310646,42.91424119290261,2020-07-17,2,42.0
55079008800,55079001800,-87.94617084834631,43.06788862375971,-87.99853790291819,43.115847306484916,2020-07-17,1,21.0
55079008800,55079003400,-87.94617084834631,43.06788862375971,-88.02444287795417,43.0934576342605,2020-07-17,1,21.0
55079008800,55079035200,-87.94617084834631,43.06788862375971,-87.9070718018067,43.16012040860922,2020-07-17,1,21.0
55079008800,55079014100,-87.94617084834631,43.06788862375971,-87.92097269793881,43.04863570292668,2020-07-17,2,42.0
55079008800,55079006300,-87.94617084834631,43.06788862375971,-87.95229119818997,43.07635281761954,2020-07-17,2,42.0
55079008800,55079185700,-87.94617084834631,43.06788862375971,-87.91471207902771,43.06752585199898,2020-07-17,2,42.0
55079008800,55079100200,-87.94617084834631,43.06788862375971,-87.99137992566246,43.01460892403096,2020-07-17,2,42.0
55079008800,55079017500,-87.94617084834631,43.06788862375971,-87.92965116916102,43.00287441605045,2020-07-17,3,63.0
55079008800,55079006600,-87.94617084834631,43.06788862375971,-87.93135214789555,43.075399167305534,2020-07-17,2,42.0
55079008800,55079001300,-87.94617084834631,43.06788862375971,-87.99843350448002,43.126783535933505,2020-07-17,1,21.0
55079008800,55079018800,-87.94617084834631,43.06788862375971,-87.94058386370827,42.99929639057026,2020-07-17,1,21.0
55079008800,55079004200,-87.94617084834631,43.06788862375971,-87.94544782159862,43.09516547779425,2020-07-17,2,42.0
55079008800,55079186600,-87.94617084834631,43.06788862375971,-87.91355022125023,43.001384465822476,2020-07-17,1,21.0
55079008800,55079001500,-87.94617084834631,43.06788862375971,-88.01520145334699,43.123754077777434,2020-07-17,1,21.0
55079008800,55079080400,-87.94617084834631,43.06788862375971,-87.88848724040903,43.08594082590386,2020-07-17,1,21.0
55079008800,55079002000,-87.94617084834631,43.06788862375971,-87.96815137233186,43.115621500302275,2020-07-17,1,21.0
55079008800,55079003900,-87.94617084834631,43.06788862375971,-87.96215160813261,43.086172227530916,2020-07-17,3,63.0
55079008800,55079000201,-87.94617084834631,43.06788862375971,-88.0472441211064,43.1799495757708,2020-07-17,2,42.0
55079008800,55079004700,-87.94617084834631,43.06788862375971,-87.94760565609727,43.08576787197636,2020-07-17,2,42.0
55079008800,55079002600,-87.94617084834631,43.06788862375971,-87.96192834607115,43.10067420371696,2020-07-17,1,21.0
55079008800,55079009000,-87.94617084834631,43.06788862375971,-87.9610837883489,43.060355868415826,2020-07-17,2,42.0
55079008800,55079009100,-87.94617084834631,43.06788862375971,-87.96852806703085,43.060675408064526,2020-07-17,2,42.0
55079008800,55079013700,-87.94617084834631,43.06788862375971,-87.94529508707278,43.04229912697773,2020-07-17,1,21.0
55079008800,55079001900,-87.94617084834631,43.06788862375971,-87.98367415791445,43.115686316787006,2020-07-17,1,21.0
55079008800,55079001100,-87.94617084834631,43.06788862375971,-87.96901390366762,43.127689901740844,2020-07-17,4,84.0
55079008800,55079009600,-87.94617084834631,43.06788862375971,-87.96486502955395,43.05277336645368,2020-07-17,1,21.0
55079008800,55079011100,-87.94617084834631,43.06788862375971,-87.90155963599153,43.04933924860895,2020-07-17,1,21.0
55079008800,55079008900,-87.94617084834631,43.06788862375971,-87.95337828163817,43.06706338271535,2020-07-17,1,21.0
55079008800,55079004100,-87.94617084834631,43.06788862375971,-87.95681147526382,43.0940907627305,2020-07-17,1,21.0
55079008800,55079185600,-87.94617084834631,43.06788862375971,-87.91469071944607,43.06026722158336,2020-07-17,2,42.0
55079008800,55079185200,-87.94617084834631,43.06788862375971,-87.88193798921913,42.967674094622936,2020-07-17,1,21.0
55079008800,55079004900,-87.94617084834631,43.06788862375971,-87.97231517837423,43.077061406485264,2020-07-17,2,42.0
55079008800,55079006400,-87.94617084834631,43.06788862375971,-87.94234792087695,43.07421796319209,2020-07-17,1,21.0
55079008800,55079001000,-87.94617084834631,43.06788862375971,-87.95348314468296,43.12464896388482,2020-07-17,1,21.0
55079008800,55079003000,-87.94617084834631,43.06788862375971,-87.99619059962126,43.10851035065769,2020-07-17,1,21.0
55079008800,55079006500,-87.94617084834631,43.06788862375971,-87.94229465456391,43.0797331466399,2020-07-17,2,42.0
55079008800,55079185400,-87.94617084834631,43.06788862375971,-87.93768935592728,43.06023552955454,2020-07-17,1,21.0
55079008800,55079008800,-87.94617084834631,43.06788862375971,-87.94617084834631,43.06788862375971,2020-07-17,74,1562.0
55079008800,55079013500,-87.94617084834631,43.06788862375971,-87.9526122313311,43.040147622140005,2020-07-17,1,21.0
55079008800,55079009700,-87.94617084834631,43.06788862375971,-87.95262115062044,43.05393954073114,2020-07-17,1,21.0
55079008800,55079008700,-87.94617084834631,43.06788862375971,-87.93997122125838,43.06781436915486,2020-07-17,1,21.0
55079008900,55079002100,-87.95337828163817,43.06706338271535,-87.95315716160212,43.115529640428136,2020-07-17,1,15.0
55079008900,55079002400,-87.95337828163817,43.06706338271535,-87.95188617843814,43.106404380820805,2020-07-17,1,15.0
55079008900,55079060200,-87.95337828163817,43.06706338271535,-87.9245165328896,43.11556508690733,2020-07-17,1,15.0
55079008900,55079004400,-87.95337828163817,43.06706338271535,-87.90608569163814,43.089298213737145,2020-07-17,1,15.0
55079008900,55079004500,-87.95337828163817,43.06706338271535,-87.92226909278084,43.08550885272536,2020-07-17,1,15.0
55079008900,55079000102,-87.95337828163817,43.06706338271535,-88.01167859828367,43.164645145767146,2020-07-17,1,15.0
55079008900,55079000202,-87.95337828163817,43.06706338271535,-88.04132965001602,43.160382512849615,2020-07-17,1,15.0
55079008900,55079000600,-87.95337828163817,43.06706338271535,-88.00190569680801,43.14010292722225,2020-07-17,2,31.0
55079008900,55079186300,-87.95337828163817,43.06706338271535,-87.91799927397663,43.040616743150025,2020-07-17,1,15.0
55079008900,55079090100,-87.95337828163817,43.06706338271535,-88.04837730790923,43.0973204568905,2020-07-17,1,15.0
55079008900,55079120203,-87.95337828163817,43.06706338271535,-88.00776394431053,42.95694649923871,2020-07-17,1,15.0
55079008900,55079160300,-87.95337828163817,43.06706338271535,-87.8893867076047,42.856940087232964,2020-07-17,2,31.0
55079008900,55079003500,-87.95337828163817,43.06706338271535,-87.99830093777771,43.09359369867719,2020-07-17,1,15.0
55079008900,55079186000,-87.95337828163817,43.06706338271535,-87.92039854147795,43.053956957431964,2020-07-17,1,15.0
55079008900,55079185500,-87.95337828163817,43.06706338271535,-87.92624880733425,43.0601763240656,2020-07-17,2,31.0
55079008900,55079090600,-87.95337828163817,43.06706338271535,-88.05435154566402,43.03795832032663,2020-07-17,1,15.0
55079008900,55079187400,-87.95337828163817,43.06706338271535,-87.90767949876499,43.03217517915639,2020-07-17,1,15.0
55079008900,55079004000,-87.95337828163817,43.06706338271535,-87.97205846198321,43.09342306765945,2020-07-17,1,15.0
55079008900,55079005400,-87.95337828163817,43.06706338271535,-88.02259608100492,43.0824437803151,2020-07-17,1,15.0
55079008900,55079006200,-87.95337828163817,43.06706338271535,-87.96097127315564,43.067902782244275,2020-07-17,2,31.0
55079008900,55079160204,-87.95337828163817,43.06706338271535,-87.9317944903397,42.879700165258704,2020-07-17,1,15.0
55079008900,55079091200,-87.95337828163817,43.06706338271535,-88.00388284004167,43.0467075980639,2020-07-17,1,15.0
55079008900,55079001400,-87.95337828163817,43.06706338271535,-88.01656972395298,43.130900969315825,2020-07-17,1,15.0
55079008900,55079013600,-87.95337828163817,43.06706338271535,-87.9527511611333,43.04369545920421,2020-07-17,2,31.0
55079008900,55079016800,-87.95337828163817,43.06706338271535,-87.92935001478907,43.01036042537408,2020-07-17,1,15.0
55079008900,55079120101,-87.95337828163817,43.06706338271535,-88.04814010007517,42.95916305909443,2020-07-17,2,31.0
55079008900,55079003600,-87.95337828163817,43.06706338271535,-87.98321131530031,43.092736225323044,2020-07-17,1,15.0
55079008900,55079011300,-87.95337828163817,43.06706338271535,-87.90713298111844,43.04890661506502,2020-07-17,1,15.0
55079008900,55079005800,-87.95337828163817,43.06706338271535,-87.99994620357029,43.072303413103626,2020-07-17,1,15.0
55079008900,55079187000,-87.95337828163817,43.06706338271535,-87.88728455831759,43.05530607398437,2020-07-17,1,15.0
55079008900,55079014100,-87.95337828163817,43.06706338271535,-87.92097269793881,43.04863570292668,2020-07-17,2,31.0
55079008900,55079007900,-87.95337828163817,43.06706338271535,-87.89683936352995,43.06599950452746,2020-07-17,1,15.0
55079008900,55079006300,-87.95337828163817,43.06706338271535,-87.95229119818997,43.07635281761954,2020-07-17,3,47.0
55079008900,55079185700,-87.95337828163817,43.06706338271535,-87.91471207902771,43.06752585199898,2020-07-17,2,31.0
55079008900,55079003100,-87.95337828163817,43.06706338271535,-87.98607018194353,43.10091760946077,2020-07-17,1,15.0
55079008900,55079005900,-87.95337828163817,43.06706338271535,-87.98523579862835,43.06821108392844,2020-07-17,2,31.0
55079008900,55079009800,-87.95337828163817,43.06706338271535,-87.95409571434068,43.059778012269526,2020-07-17,1,15.0
55079008900,55079012300,-87.95337828163817,43.06706338271535,-87.96196748080853,43.043599093031496,2020-07-17,1,15.0
55079008900,55079003900,-87.95337828163817,43.06706338271535,-87.96215160813261,43.086172227530916,2020-07-17,2,31.0
55079008900,55079018500,-87.95337828163817,43.06706338271535,-87.91439743752404,42.98441904059949,2020-07-17,2,31.0
55079008900,55079016000,-87.95337828163817,43.06706338271535,-87.95725941865898,43.02137414837421,2020-07-17,1,15.0
55079008900,55079009000,-87.95337828163817,43.06706338271535,-87.9610837883489,43.060355868415826,2020-07-17,6,95.0
55079008900,55079009100,-87.95337828163817,43.06706338271535,-87.96852806703085,43.060675408064526,2020-07-17,1,15.0
55079008900,55079010600,-87.95337828163817,43.06706338271535,-87.90749884397533,43.060136167504425,2020-07-17,2,31.0
55079008900,55079001900,-87.95337828163817,43.06706338271535,-87.98367415791445,43.115686316787006,2020-07-17,2,31.0
55079008900,55079008900,-87.95337828163817,43.06706338271535,-87.95337828163817,43.06706338271535,2020-07-17,53,839.0
55079008900,55079091000,-87.95337828163817,43.06706338271535,-87.99705672432205,43.06433297165757,2020-07-17,1,15.0
55079008900,55079004900,-87.95337828163817,43.06706338271535,-87.97231517837423,43.077061406485264,2020-07-17,1,15.0
55079008900,55079012200,-87.95337828163817,43.06706338271535,-87.95271101560115,43.04866661559741,2020-07-17,1,15.0
55079008900,55079013300,-87.95337828163817,43.06706338271535,-87.96206431187025,43.03483590901066,2020-07-17,1,15.0
55079008900,55079006100,-87.95337828163817,43.06706338271535,-87.96847508739953,43.06791249267312,2020-07-17,2,31.0
55079008900,55079008400,-87.95337828163817,43.06706338271535,-87.92332577697063,43.067583013115005,2020-07-17,1,15.0
55079008900,55079002200,-87.95337828163817,43.06706338271535,-87.9335870089048,43.11469059411332,2020-07-17,1,15.0
55079008900,55079009900,-87.95337828163817,43.06706338271535,-87.94630275235495,43.060274421469344,2020-07-17,1,15.0
55079008900,55079008600,-87.95337828163817,43.06706338271535,-87.93517868399437,43.06762170689756,2020-07-17,1,15.0
55079008900,55079006500,-87.95337828163817,43.06706338271535,-87.94229465456391,43.0797331466399,2020-07-17,1,15.0
55079008900,55079185400,-87.95337828163817,43.06706338271535,-87.93768935592728,43.06023552955454,2020-07-17,1,15.0
55079008900,55079008800,-87.95337828163817,43.06706338271535,-87.94617084834631,43.06788862375971,2020-07-17,4,63.0
55079008900,55079013500,-87.95337828163817,43.06706338271535,-87.9526122313311,43.040147622140005,2020-07-17,1,15.0
55079006000,55079002400,-87.97554005335066,43.067947929210746,-87.95188617843814,43.106404380820805,2020-07-17,2,51.0
55079006000,55079004300,-87.97554005335066,43.067947929210746,-87.93220867621264,43.094799127568905,2020-07-17,1,25.0
55079006000,55079060200,-87.97554005335066,43.067947929210746,-87.9245165328896,43.11556508690733,2020-07-17,3,76.0
55079006000,55079004400,-87.97554005335066,43.067947929210746,-87.90608569163814,43.089298213737145,2020-07-17,2,51.0
55079006000,55079004500,-87.97554005335066,43.067947929210746,-87.92226909278084,43.08550885272536,2020-07-17,1,25.0
55079006000,55079000101,-87.97554005335066,43.067947929210746,-88.00922083481396,43.18510784936368,2020-07-17,1,25.0
55079006000,55079000102,-87.97554005335066,43.067947929210746,-88.01167859828367,43.164645145767146,2020-07-17,1,25.0
55079006000,55079011200,-87.97554005335066,43.067947929210746,-87.89756439120579,43.055476240018415,2020-07-17,1,25.0
55079006000,55079110100,-87.97554005335066,43.067947929210746,-87.9710022364233,43.012448953036525,2020-07-17,4,102.0
55079006000,55079000600,-87.97554005335066,43.067947929210746,-88.00190569680801,43.14010292722225,2020-07-17,4,102.0
55079006000,55079090300,-87.97554005335066,43.067947929210746,-88.0515779905257,43.06739040507833,2020-07-17,3,76.0
55079006000,55079012400,-87.97554005335066,43.067947929210746,-87.97680856828566,43.04580144948212,2020-07-17,1,25.0
55079006000,55079090200,-87.97554005335066,43.067947929210746,-88.05200796218348,43.081902180003375,2020-07-17,1,25.0
55079006000,55079120203,-87.97554005335066,43.067947929210746,-88.00776394431053,42.95694649923871,2020-07-17,3,76.0
55079006000,55079001200,-87.97554005335066,43.067947929210746,-87.98620080987179,43.12617611256525,2020-07-17,1,25.0
55079006000,55079003500,-87.97554005335066,43.067947929210746,-87.99830093777771,43.09359369867719,2020-07-17,1,25.0
55079006000,55079004800,-87.97554005335066,43.067947929210746,-87.96231596301399,43.077035360461494,2020-07-17,1,25.0
55079006000,55079005300,-87.97554005335066,43.067947929210746,-88.01242727702714,43.07892288175221,2020-07-17,1,25.0
55079006000,55079185500,-87.97554005335066,43.067947929210746,-87.92624880733425,43.0601763240656,2020-07-17,1,25.0
55079006000,55079185300,-87.97554005335066,43.067947929210746,-88.04265402690729,43.049880154873065,2020-07-17,2,51.0
55079006000,55079004000,-87.97554005335066,43.067947929210746,-87.97205846198321,43.09342306765945,2020-07-17,5,127.0
55079006000,55079000502,-87.97554005335066,43.067947929210746,-88.03128731150349,43.12480634966938,2020-07-17,1,25.0
55079006000,55079006200,-87.97554005335066,43.067947929210746,-87.96097127315564,43.067902782244275,2020-07-17,1,25.0
55079006000,55079006000,-87.97554005335066,43.067947929210746,-87.97554005335066,43.067947929210746,2020-07-17,77,1966.0
55079006000,55079091200,-87.97554005335066,43.067947929210746,-88.00388284004167,43.0467075980639,2020-07-17,1,25.0
55079006000,55079005000,-87.97554005335066,43.067947929210746,-87.98327608357046,43.07665137069942,2020-07-17,3,76.0
55079006000,55079006800,-87.97554005335066,43.067947929210746,-87.92500216567623,43.079683301494654,2020-07-17,1,25.0
55079006000,55079014600,-87.97554005335066,43.067947929210746,-87.93032605572249,43.04237842637439,2020-07-17,3,76.0
55079006000,55079013600,-87.97554005335066,43.067947929210746,-87.9527511611333,43.04369545920421,2020-07-17,1,25.0
55079006000,55079003300,-87.97554005335066,43.067947929210746,-88.0173066794685,43.1010408446094,2020-07-17,3,76.0
55079006000,55079008500,-87.97554005335066,43.067947929210746,-87.9298714910033,43.06776123229879,2020-07-17,1,25.0
55079006000,55079003600,-87.97554005335066,43.067947929210746,-87.98321131530031,43.092736225323044,2020-07-17,3,76.0
55079006000,55079003800,-87.97554005335066,43.067947929210746,-87.97215356169055,43.086187842345545,2020-07-17,1,25.0
55079006000,55079014400,-87.97554005335066,43.067947929210746,-87.90784049253895,43.042413401572134,2020-07-17,1,25.0
55079006000,55079070200,-87.97554005335066,43.067947929210746,-87.8919112738197,43.1133970416122,2020-07-17,1,25.0
55079006000,55079003400,-87.97554005335066,43.067947929210746,-88.02444287795417,43.0934576342605,2020-07-17,2,51.0
55079006000,55079005800,-87.97554005335066,43.067947929210746,-87.99994620357029,43.072303413103626,2020-07-17,1,25.0
55079006000,55079016600,-87.97554005335066,43.067947929210746,-87.9139279223807,43.010028166006215,2020-07-17,2,51.0
55079006000,55079150301,-87.97554005335066,43.067947929210746,-88.05345903025625,42.89781994777656,2020-07-17,1,25.0
55079006000,55079050102,-87.97554005335066,43.067947929210746,-87.96743569232115,43.172443064752215,2020-07-17,1,25.0
55079006000,55079006300,-87.97554005335066,43.067947929210746,-87.95229119818997,43.07635281761954,2020-07-17,1,25.0
55079006000,55079185700,-87.97554005335066,43.067947929210746,-87.91471207902771,43.06752585199898,2020-07-17,1,25.0
55079006000,55079000700,-87.97554005335066,43.067947929210746,-87.99009583376943,43.15588909293765,2020-07-17,3,76.0
55079006000,55079100200,-87.97554005335066,43.067947929210746,-87.99137992566246,43.01460892403096,2020-07-17,2,51.0
55079006000,55079005700,-87.97554005335066,43.067947929210746,-88.01309831915184,43.07138814037072,2020-07-17,1,25.0
55079006000,55079003100,-87.97554005335066,43.067947929210746,-87.98607018194353,43.10091760946077,2020-07-17,1,25.0
55079006000,55079005900,-87.97554005335066,43.067947929210746,-87.98523579862835,43.06821108392844,2020-07-17,4,102.0
55079006000,55079006600,-87.97554005335066,43.067947929210746,-87.93135214789555,43.075399167305534,2020-07-17,1,25.0
55079006000,55079007600,-87.97554005335066,43.067947929210746,-87.87859580944733,43.06399812725538,2020-07-17,1,25.0
55079006000,55079009800,-87.97554005335066,43.067947929210746,-87.95409571434068,43.059778012269526,2020-07-17,1,25.0
55079006000,55079000900,-87.97554005335066,43.067947929210746,-87.95566887882444,43.14970170326806,2020-07-17,1,25.0
55079006000,55079001700,-87.97554005335066,43.067947929210746,-88.01621221830194,43.10855887721336,2020-07-17,1,25.0
55079006000,55079020300,-87.97554005335066,43.067947929210746,-87.92658964497383,42.979242665655576,2020-07-17,1,25.0
55079006000,55079004200,-87.97554005335066,43.067947929210746,-87.94544782159862,43.09516547779425,2020-07-17,1,25.0
55079006000,55079001500,-87.97554005335066,43.067947929210746,-88.01520145334699,43.123754077777434,2020-07-17,1,25.0
55079006000,55079002000,-87.97554005335066,43.067947929210746,-87.96815137233186,43.115621500302275,2020-07-17,1,25.0
55079006000,55079003900,-87.97554005335066,43.067947929210746,-87.96215160813261,43.086172227530916,2020-07-17,2,51.0
55079006000,55079000201,-87.97554005335066,43.067947929210746,-88.0472441211064,43.1799495757708,2020-07-17,1,25.0
55079006000,55079004700,-87.97554005335066,43.067947929210746,-87.94760565609727,43.08576787197636,2020-07-17,1,25.0
55079006000,55079009000,-87.97554005335066,43.067947929210746,-87.9610837883489,43.060355868415826,2020-07-17,3,76.0
55079006000,55079009100,-87.97554005335066,43.067947929210746,-87.96852806703085,43.060675408064526,2020-07-17,1,25.0
55079006000,55079003700,-87.97554005335066,43.067947929210746,-87.98336380852676,43.08546039091554,2020-07-17,1,25.0
55079006000,55079009600,-87.97554005335066,43.067947929210746,-87.96486502955395,43.05277336645368,2020-07-17,2,51.0
55079006000,55079008900,-87.97554005335066,43.067947929210746,-87.95337828163817,43.06706338271535,2020-07-17,1,25.0
55079006000,55079170100,-87.97554005335066,43.067947929210746,-87.84892368656588,42.919583500675934,2020-07-17,1,25.0
55079006000,55079185800,-87.97554005335066,43.067947929210746,-87.94265216254213,43.0538687550207,2020-07-17,1,25.0
55079006000,55079186200,-87.97554005335066,43.067947929210746,-87.93244814260824,43.04856605375616,2020-07-17,1,25.0
55079006000,55079185600,-87.97554005335066,43.067947929210746,-87.91469071944607,43.06026722158336,2020-07-17,1,25.0
55079006000,55079005100,-87.97554005335066,43.067947929210746,-87.99757698420609,43.08261869423604,2020-07-17,2,51.0
55079006000,55079014800,-87.97554005335066,43.067947929210746,-87.9402035907502,43.042125624825495,2020-07-17,1,25.0
55079006000,55079004900,-87.97554005335066,43.067947929210746,-87.97231517837423,43.077061406485264,2020-07-17,4,102.0
55079006000,55079006400,-87.97554005335066,43.067947929210746,-87.94234792087695,43.07421796319209,2020-07-17,3,76.0
55079006000,55079013300,-87.97554005335066,43.067947929210746,-87.96206431187025,43.03483590901066,2020-07-17,1,25.0
55079006000,55079006100,-87.97554005335066,43.067947929210746,-87.96847508739953,43.06791249267312,2020-07-17,2,51.0
55079006000,55079009300,-87.97554005335066,43.067947929210746,-87.98314520393755,43.060746025032145,2020-07-17,1,25.0
55079006000,55079008400,-87.97554005335066,43.067947929210746,-87.92332577697063,43.067583013115005,2020-07-17,2,51.0
55079006000,55079003000,-87.97554005335066,43.067947929210746,-87.99619059962126,43.10851035065769,2020-07-17,1,25.0
55079006000,55079008800,-87.97554005335066,43.067947929210746,-87.94617084834631,43.06788862375971,2020-07-17,2,51.0
55079006000,55079013500,-87.97554005335066,43.067947929210746,-87.9526122313311,43.040147622140005,2020-07-17,1,25.0
55079006900,55079002400,-87.91078185483303,43.07979537793229,-87.95188617843814,43.106404380820805,2020-07-17,1,34.0
55079006900,55079004300,-87.91078185483303,43.07979537793229,-87.93220867621264,43.094799127568905,2020-07-17,4,137.0
55079006900,55079004400,-87.91078185483303,43.07979537793229,-87.90608569163814,43.089298213737145,2020-07-17,11,378.0
55079006900,55079004500,-87.91078185483303,43.07979537793229,-87.92226909278084,43.08550885272536,2020-07-17,1,34.0
55079006900,55079100700,-87.91078185483303,43.07979537793229,-88.03788629567484,43.0213025080197,2020-07-17,1,34.0
55079006900,55079091300,-87.91078185483303,43.07979537793229,-88.0097444924032,43.037871666045895,2020-07-17,1,34.0
55079006900,55079000202,-87.91078185483303,43.07979537793229,-88.04132965001602,43.160382512849615,2020-07-17,1,34.0
55079006900,55079010800,-87.91078185483303,43.07979537793229,-87.88986181293924,43.05733829509928,2020-07-17,3,103.0
55079006900,55079011400,-87.91078185483303,43.07979537793229,-87.9106574898586,43.05269479350376,2020-07-17,1,34.0
55079006900,55079110100,-87.91078185483303,43.07979537793229,-87.9710022364233,43.012448953036525,2020-07-17,7,240.0
55079006900,55079160100,-87.91078185483303,43.07979537793229,-87.91471599062149,42.91513941042769,2020-07-17,1,34.0
55079006900,55079050101,-87.91078185483303,43.07979537793229,-87.98494662348081,43.17683059907653,2020-07-17,1,34.0
55079006900,55079021700,-87.91078185483303,43.07979537793229,-87.91312462574102,42.94052513723052,2020-07-17,1,34.0
55079006900,55079120203,-87.91078185483303,43.07979537793229,-88.00776394431053,42.95694649923871,2020-07-17,4,137.0
55079006900,55079019400,-87.91078185483303,43.07979537793229,-88.02755647500341,42.984577749923744,2020-07-17,1,34.0
55079006900,55079000501,-87.91078185483303,43.07979537793229,-88.04340002069712,43.115390222488664,2020-07-17,1,34.0
55079006900,55079002700,-87.91078185483303,43.07979537793229,-87.97176690626681,43.100825271475365,2020-07-17,1,34.0
55079006900,55079004800,-87.91078185483303,43.07979537793229,-87.96231596301399,43.077035360461494,2020-07-17,1,34.0
55079006900,55079186000,-87.91078185483303,43.07979537793229,-87.92039854147795,43.053956957431964,2020-07-17,1,34.0
55079006900,55079060101,-87.91078185483303,43.07979537793229,-87.92535691568614,43.13950788268824,2020-07-17,2,68.0
55079006900,55079120502,-87.91078185483303,43.07979537793229,-87.96510992081555,42.95304728304586,2020-07-17,1,34.0
55079006900,55079000400,-87.91078185483303,43.07979537793229,-88.05554472050937,43.110954423820296,2020-07-17,1,34.0
55079006900,55079160203,-87.91078185483303,43.07979537793229,-87.91638950191752,42.89402789790319,2020-07-17,2,68.0
55079006900,55079020100,-87.91078185483303,43.07979537793229,-87.94099671150566,42.988482506396224,2020-07-17,2,68.0
55079006900,55079014600,-87.91078185483303,43.07979537793229,-87.93032605572249,43.04237842637439,2020-07-17,3,103.0
55079006900,55079007000,-87.91078185483303,43.07979537793229,-87.91122456687498,43.07424564740019,2020-07-17,11,378.0
55079006900,55079140201,-87.91078185483303,43.07979537793229,-87.99911426080601,42.93902100763907,2020-07-17,3,103.0
55079006900,55079003300,-87.91078185483303,43.07979537793229,-88.0173066794685,43.1010408446094,2020-07-17,1,34.0
55079006900,55079008500,-87.91078185483303,43.07979537793229,-87.9298714910033,43.06776123229879,2020-07-17,1,34.0
55079006900,55079007700,-87.91078185483303,43.07979537793229,-87.88849935823362,43.06389053422122,2020-07-17,1,34.0
55079006900,55079003600,-87.91078185483303,43.07979537793229,-87.98321131530031,43.092736225323044,2020-07-17,1,34.0
55079006900,55079003800,-87.91078185483303,43.07979537793229,-87.97215356169055,43.086187842345545,2020-07-17,1,34.0
55079006900,55079011300,-87.91078185483303,43.07979537793229,-87.90713298111844,43.04890661506502,2020-07-17,1,34.0
55079006900,55079014400,-87.91078185483303,43.07979537793229,-87.90784049253895,43.042413401572134,2020-07-17,1,34.0
55079006900,55079050102,-87.91078185483303,43.07979537793229,-87.96743569232115,43.172443064752215,2020-07-17,1,34.0
55079006900,55079180300,-87.91078185483303,43.07979537793229,-87.87005593266791,42.951885652862586,2020-07-17,1,34.0
55079006900,55079015800,-87.91078185483303,43.07979537793229,-87.93761636287321,43.021659379009066,2020-07-17,1,34.0
55079006900,55079007300,-87.91078185483303,43.07979537793229,-87.88807891595606,43.0779148594549,2020-07-17,1,34.0
55079006900,55079080200,-87.91078185483303,43.07979537793229,-87.8877423232882,43.0942616397457,2020-07-17,1,34.0
55079006900,55079185700,-87.91078185483303,43.07979537793229,-87.91471207902771,43.06752585199898,2020-07-17,2,68.0
55079006900,55079101700,-87.91078185483303,43.07979537793229,-88.00697190300957,43.00173437379505,2020-07-17,1,34.0
55079006900,55079005900,-87.91078185483303,43.07979537793229,-87.98523579862835,43.06821108392844,2020-07-17,2,68.0
55079006900,55079007200,-87.91078185483303,43.07979537793229,-87.89788270005259,43.07774402945858,2020-07-17,2,68.0
55079006900,55079006600,-87.91078185483303,43.07979537793229,-87.93135214789555,43.075399167305534,2020-07-17,2,68.0
55079006900,55079007600,-87.91078185483303,43.07979537793229,-87.87859580944733,43.06399812725538,2020-07-17,1,34.0
55079006900,55079009800,-87.91078185483303,43.07979537793229,-87.95409571434068,43.059778012269526,2020-07-17,1,34.0
55079006900,55079000900,-87.91078185483303,43.07979537793229,-87.95566887882444,43.14970170326806,2020-07-17,3,103.0
55079006900,55079002000,-87.91078185483303,43.07979537793229,-87.96815137233186,43.115621500302275,2020-07-17,1,34.0
55079006900,55079003900,-87.91078185483303,43.07979537793229,-87.96215160813261,43.086172227530916,2020-07-17,2,68.0
55079006900,55079020500,-87.91078185483303,43.07979537793229,-87.92272370744391,42.988321496925906,2020-07-17,2,68.0
55079006900,55079012700,-87.91078185483303,43.07979537793229,-88.0122777504643,43.029662330242175,2020-07-17,1,34.0
55079006900,55079009100,-87.91078185483303,43.07979537793229,-87.96852806703085,43.060675408064526,2020-07-17,1,34.0
55079006900,55079001900,-87.91078185483303,43.07979537793229,-87.98367415791445,43.115686316787006,2020-07-17,1,34.0
55079006900,55079001100,-87.91078185483303,43.07979537793229,-87.96901390366762,43.127689901740844,2020-07-17,1,34.0
55079006900,55079186400,-87.91078185483303,43.07979537793229,-87.93038892981184,43.03695266796131,2020-07-17,1,34.0
55079006900,55079009600,-87.91078185483303,43.07979537793229,-87.96486502955395,43.05277336645368,2020-07-17,3,103.0
55079006900,55079011100,-87.91078185483303,43.07979537793229,-87.90155963599153,43.04933924860895,2020-07-17,1,34.0
55079006900,55079013400,-87.91078185483303,43.07979537793229,-87.95356038604784,43.03496530197635,2020-07-17,1,34.0
55079006900,55079185800,-87.91078185483303,43.07979537793229,-87.94265216254213,43.0538687550207,2020-07-17,1,34.0
55079006900,55079101200,-87.91078185483303,43.07979537793229,-88.02772831407549,42.99180235090393,2020-07-17,1,34.0
55079006900,55079005100,-87.91078185483303,43.07979537793229,-87.99757698420609,43.08261869423604,2020-07-17,1,34.0
55079006900,55079004900,-87.91078185483303,43.07979537793229,-87.97231517837423,43.077061406485264,2020-07-17,1,34.0
55079006900,55079009200,-87.91078185483303,43.07979537793229,-87.97560474362125,43.06069020349929,2020-07-17,1,34.0
55079006900,55079186100,-87.91078185483303,43.07979537793229,-87.94279275484007,43.048652729679134,2020-07-17,1,34.0
55079006900,55079012900,-87.91078185483303,43.07979537793229,-87.99989477924994,43.028140622580246,2020-07-17,1,34.0
55079006900,55079006100,-87.91078185483303,43.07979537793229,-87.96847508739953,43.06791249267312,2020-07-17,1,34.0
55079006900,55079001000,-87.91078185483303,43.07979537793229,-87.95348314468296,43.12464896388482,2020-07-17,1,34.0
55079006900,55079008800,-87.91078185483303,43.07979537793229,-87.94617084834631,43.06788862375971,2020-07-17,1,34.0
55079006900,55079006900,-87.91078185483303,43.07979537793229,-87.91078185483303,43.07979537793229,2020-07-17,66,2270.0
55079009800,55079002400,-87.95409571434068,43.059778012269526,-87.95188617843814,43.106404380820805,2020-07-17,1,24.0
55079009800,55079004300,-87.95409571434068,43.059778012269526,-87.93220867621264,43.094799127568905,2020-07-17,1,24.0
55079009800,55079060200,-87.95409571434068,43.059778012269526,-87.9245165328896,43.11556508690733,2020-07-17,1,24.0
55079009800,55079004400,-87.95409571434068,43.059778012269526,-87.90608569163814,43.089298213737145,2020-07-17,2,48.0
55079009800,55079000202,-87.95409571434068,43.059778012269526,-88.04132965001602,43.160382512849615,2020-07-17,3,72.0
55079009800,55079010800,-87.95409571434068,43.059778012269526,-87.88986181293924,43.05733829509928,2020-07-17,1,24.0
55079009800,55079110100,-87.95409571434068,43.059778012269526,-87.9710022364233,43.012448953036525,2020-07-17,3,72.0
55079009800,55079090300,-87.95409571434068,43.059778012269526,-88.0515779905257,43.06739040507833,2020-07-17,1,24.0
55079009800,55079186300,-87.95409571434068,43.059778012269526,-87.91799927397663,43.040616743150025,2020-07-17,1,24.0
55079009800,55079160300,-87.95409571434068,43.059778012269526,-87.8893867076047,42.856940087232964,2020-07-17,1,24.0
55079009800,55079001200,-87.95409571434068,43.059778012269526,-87.98620080987179,43.12617611256525,2020-07-17,1,24.0
55079009800,55079003500,-87.95409571434068,43.059778012269526,-87.99830093777771,43.09359369867719,2020-07-17,1,24.0
55079009800,55079004800,-87.95409571434068,43.059778012269526,-87.96231596301399,43.077035360461494,2020-07-17,1,24.0
55079009800,55079185900,-87.95409571434068,43.059778012269526,-87.93229166080955,43.05383765471328,2020-07-17,1,24.0
55079009800,55079185500,-87.95409571434068,43.059778012269526,-87.92624880733425,43.0601763240656,2020-07-17,1,24.0
55079009800,55079000302,-87.95409571434068,43.059778012269526,-88.04649688617519,43.13922972061493,2020-07-17,1,24.0
55079009800,55079185300,-87.95409571434068,43.059778012269526,-88.04265402690729,43.049880154873065,2020-07-17,1,24.0
55079009800,55079187200,-87.95409571434068,43.059778012269526,-88.00769048889484,42.863813659193866,2020-07-17,1,24.0
55079009800,55079008500,-87.95409571434068,43.059778012269526,-87.9298714910033,43.06776123229879,2020-07-17,2,48.0
55079009800,55079003600,-87.95409571434068,43.059778012269526,-87.98321131530031,43.092736225323044,2020-07-17,1,24.0
55079009800,55079003800,-87.95409571434068,43.059778012269526,-87.97215356169055,43.086187842345545,2020-07-17,1,24.0
55079009800,55079011300,-87.95409571434068,43.059778012269526,-87.90713298111844,43.04890661506502,2020-07-17,1,24.0
55079009800,55079014400,-87.95409571434068,43.059778012269526,-87.90784049253895,43.042413401572134,2020-07-17,1,24.0
55079009800,55079021300,-87.95409571434068,43.059778012269526,-87.93877469638159,42.970224160413096,2020-07-17,1,24.0
55079009800,55079006300,-87.95409571434068,43.059778012269526,-87.95229119818997,43.07635281761954,2020-07-17,1,24.0
55079009800,55079080200,-87.95409571434068,43.059778012269526,-87.8877423232882,43.0942616397457,2020-07-17,1,24.0
55079009800,55079185700,-87.95409571434068,43.059778012269526,-87.91471207902771,43.06752585199898,2020-07-17,3,72.0
55079009800,55079000700,-87.95409571434068,43.059778012269526,-87.99009583376943,43.15588909293765,2020-07-17,2,48.0
55079009800,55079100200,-87.95409571434068,43.059778012269526,-87.99137992566246,43.01460892403096,2020-07-17,2,48.0
55079009800,55079003100,-87.95409571434068,43.059778012269526,-87.98607018194353,43.10091760946077,2020-07-17,1,24.0
55079009800,55079009800,-87.95409571434068,43.059778012269526,-87.95409571434068,43.059778012269526,2020-07-17,50,1206.0
55079009800,55079001300,-87.95409571434068,43.059778012269526,-87.99843350448002,43.126783535933505,2020-07-17,1,24.0
55079009800,55079001500,-87.95409571434068,43.059778012269526,-88.01520145334699,43.123754077777434,2020-07-17,1,24.0
55079009800,55079080400,-87.95409571434068,43.059778012269526,-87.88848724040903,43.08594082590386,2020-07-17,1,24.0
55079009800,55079020200,-87.95409571434068,43.059778012269526,-87.94112496275925,42.977527635995024,2020-07-17,2,48.0
55079009800,55079009000,-87.95409571434068,43.059778012269526,-87.9610837883489,43.060355868415826,2020-07-17,4,96.0
55079009800,55079000304,-87.95409571434068,43.059778012269526,-88.02644618111368,43.14364069729464,2020-07-17,1,24.0
55079009800,55079017600,-87.95409571434068,43.059778012269526,-87.92236059293215,43.00280872383964,2020-07-17,1,24.0
55079009800,55079008900,-87.95409571434068,43.059778012269526,-87.95337828163817,43.06706338271535,2020-07-17,1,24.0
55079009800,55079186200,-87.95409571434068,43.059778012269526,-87.93244814260824,43.04856605375616,2020-07-17,1,24.0
55079009800,55079005100,-87.95409571434068,43.059778012269526,-87.99757698420609,43.08261869423604,2020-07-17,1,24.0
55079009800,55079170600,-87.95409571434068,43.059778012269526,-87.86320935056827,42.907724102777856,2020-07-17,2,48.0
55079009800,55079000301,-87.95409571434068,43.059778012269526,-88.06021668804352,43.1363311013577,2020-07-17,1,24.0
55079009800,55079012900,-87.95409571434068,43.059778012269526,-87.99989477924994,43.028140622580246,2020-07-17,1,24.0
55079009800,55079006400,-87.95409571434068,43.059778012269526,-87.94234792087695,43.07421796319209,2020-07-17,1,24.0
55079009800,55079012200,-87.95409571434068,43.059778012269526,-87.95271101560115,43.04866661559741,2020-07-17,3,72.0
55079009800,55079006100,-87.95409571434068,43.059778012269526,-87.96847508739953,43.06791249267312,2020-07-17,1,24.0
55079009800,55079009900,-87.95409571434068,43.059778012269526,-87.94630275235495,43.060274421469344,2020-07-17,1,24.0
55079009800,55079003000,-87.95409571434068,43.059778012269526,-87.99619059962126,43.10851035065769,2020-07-17,1,24.0
55079009800,55079008600,-87.95409571434068,43.059778012269526,-87.93517868399437,43.06762170689756,2020-07-17,3,72.0
55079009800,55079006500,-87.95409571434068,43.059778012269526,-87.94229465456391,43.0797331466399,2020-07-17,2,48.0
55079009800,55079185400,-87.95409571434068,43.059778012269526,-87.93768935592728,43.06023552955454,2020-07-17,2,48.0
55079009800,55079009700,-87.95409571434068,43.059778012269526,-87.95262115062044,43.05393954073114,2020-07-17,1,24.0
55079009800,55079006700,-87.95409571434068,43.059778012269526,-87.92040407919447,43.07437828581977,2020-07-17,1,24.0
55079185400,55079002400,-87.93768935592728,43.06023552955454,-87.95188617843814,43.106404380820805,2020-07-17,1,31.0
55079185400,55079060200,-87.93768935592728,43.06023552955454,-87.9245165328896,43.11556508690733,2020-07-17,1,31.0
55079185400,55079004400,-87.93768935592728,43.06023552955454,-87.90608569163814,43.089298213737145,2020-07-17,1,31.0
55079185400,55079002300,-87.93768935592728,43.06023552955454,-87.93621856893152,43.105985427841645,2020-07-17,1,31.0
55079185400,55079000600,-87.93768935592728,43.06023552955454,-88.00190569680801,43.14010292722225,2020-07-17,1,31.0
55079185400,55079090300,-87.93768935592728,43.06023552955454,-88.0515779905257,43.06739040507833,2020-07-17,1,31.0
55079185400,55079021700,-87.93768935592728,43.06023552955454,-87.91312462574102,42.94052513723052,2020-07-17,1,31.0
55079185400,55079090100,-87.93768935592728,43.06023552955454,-88.04837730790923,43.0973204568905,2020-07-17,1,31.0
55079185400,55079186000,-87.93768935592728,43.06023552955454,-87.92039854147795,43.053956957431964,2020-07-17,1,31.0
55079185400,55079185500,-87.93768935592728,43.06023552955454,-87.92624880733425,43.0601763240656,2020-07-17,3,93.0
55079185400,55079000302,-87.93768935592728,43.06023552955454,-88.04649688617519,43.13922972061493,2020-07-17,1,31.0
55079185400,55079185300,-87.93768935592728,43.06023552955454,-88.04265402690729,43.049880154873065,2020-07-17,1,31.0
55079185400,55079000800,-87.93768935592728,43.06023552955454,-87.97372753660457,43.14064967469203,2020-07-17,1,31.0
55079185400,55079000400,-87.93768935592728,43.06023552955454,-88.05554472050937,43.110954423820296,2020-07-17,1,31.0
55079185400,55079160204,-87.93768935592728,43.06023552955454,-87.9317944903397,42.879700165258704,2020-07-17,1,31.0
55079185400,55079007000,-87.93768935592728,43.06023552955454,-87.91122456687498,43.07424564740019,2020-07-17,1,31.0
55079185400,55079140201,-87.93768935592728,43.06023552955454,-87.99911426080601,42.93902100763907,2020-07-17,1,31.0
55079185400,55079011300,-87.93768935592728,43.06023552955454,-87.90713298111844,43.04890661506502,2020-07-17,1,31.0
55079185400,55079014100,-87.93768935592728,43.06023552955454,-87.92097269793881,43.04863570292668,2020-07-17,2,62.0
55079185400,55079185100,-87.93768935592728,43.06023552955454,-87.86132764015301,42.9760744263621,2020-07-17,1,31.0
55079185400,55079006300,-87.93768935592728,43.06023552955454,-87.95229119818997,43.07635281761954,2020-07-17,2,62.0
55079185400,55079005900,-87.93768935592728,43.06023552955454,-87.98523579862835,43.06821108392844,2020-07-17,2,62.0
55079185400,55079001300,-87.93768935592728,43.06023552955454,-87.99843350448002,43.126783535933505,2020-07-17,1,31.0
55079185400,55079004200,-87.93768935592728,43.06023552955454,-87.94544782159862,43.09516547779425,2020-07-17,1,31.0
55079185400,55079007800,-87.93768935592728,43.06023552955454,-87.88801504624632,43.07075279367613,2020-07-17,1,31.0
55079185400,55079009000,-87.93768935592728,43.06023552955454,-87.9610837883489,43.060355868415826,2020-07-17,1,31.0
55079185400,55079004100,-87.93768935592728,43.06023552955454,-87.95681147526382,43.0940907627305,2020-07-17,1,31.0
55079185400,55079185800,-87.93768935592728,43.06023552955454,-87.94265216254213,43.0538687550207,2020-07-17,1,31.0
55079185400,55079186200,-87.93768935592728,43.06023552955454,-87.93244814260824,43.04856605375616,2020-07-17,1,31.0
55079185400,55079060102,-87.93768935592728,43.06023552955454,-87.93974960524739,43.148654535590595,2020-07-17,1,31.0
55079185400,55079009900,-87.93768935592728,43.06023552955454,-87.94630275235495,43.060274421469344,2020-07-17,1,31.0
55079185400,55079185400,-87.93768935592728,43.06023552955454,-87.93768935592728,43.06023552955454,2020-07-17,39,1220.0
55079185400,55079008800,-87.93768935592728,43.06023552955454,-87.94617084834631,43.06788862375971,2020-07-17,1,31.0
55079185400,55079009700,-87.93768935592728,43.06023552955454,-87.95262115062044,43.05393954073114,2020-07-17,1,31.0
55079185400,55079008700,-87.93768935592728,43.06023552955454,-87.93997122125838,43.06781436915486,2020-07-17,2,62.0
55079000101,55079004300,-88.00922083481396,43.18510784936368,-87.93220867621264,43.094799127568905,2020-07-17,3,68.0
55079000101,55079060200,-88.00922083481396,43.18510784936368,-87.9245165328896,43.11556508690733,2020-07-17,5,114.0
55079000101,55079004500,-88.00922083481396,43.18510784936368,-87.92226909278084,43.08550885272536,2020-07-17,1,22.0
55079000101,55079015700,-88.00922083481396,43.18510784936368,-87.92777138656925,43.021663598322064,2020-07-17,1,22.0
55079000101,55079100100,-88.00922083481396,43.18510784936368,-87.98598444052216,43.01659648927991,2020-07-17,1,22.0
55079000101,55079000101,-88.00922083481396,43.18510784936368,-88.00922083481396,43.18510784936368,2020-07-17,189,4317.0
55079000101,55079000102,-88.00922083481396,43.18510784936368,-88.01167859828367,43.164645145767146,2020-07-17,9,205.0
55079000101,55079000202,-88.00922083481396,43.18510784936368,-88.04132965001602,43.160382512849615,2020-07-17,7,159.0
55079000101,55079010800,-88.00922083481396,43.18510784936368,-87.88986181293924,43.05733829509928,2020-07-17,1,22.0
55079000101,55079110100,-88.00922083481396,43.18510784936368,-87.9710022364233,43.012448953036525,2020-07-17,1,22.0
55079000101,55079160100,-88.00922083481396,43.18510784936368,-87.91471599062149,42.91513941042769,2020-07-17,1,22.0
55079000101,55079000600,-88.00922083481396,43.18510784936368,-88.00190569680801,43.14010292722225,2020-07-17,10,228.0
55079000101,55079050101,-88.00922083481396,43.18510784936368,-87.98494662348081,43.17683059907653,2020-07-17,11,251.0
55079000101,55079090300,-88.00922083481396,43.18510784936368,-88.0515779905257,43.06739040507833,2020-07-17,4,91.0
55079000101,55079101600,-88.00922083481396,43.18510784936368,-87.98881839806968,43.003113634057684,2020-07-17,1,22.0
55079000101,55079186300,-88.00922083481396,43.18510784936368,-87.91799927397663,43.040616743150025,2020-07-17,3,68.0
55079000101,55079021700,-88.00922083481396,43.18510784936368,-87.91312462574102,42.94052513723052,2020-07-17,2,45.0
55079000101,55079120501,-88.00922083481396,43.18510784936368,-87.96680035551529,42.94072396992586,2020-07-17,1,22.0
55079000101,55079090100,-88.00922083481396,43.18510784936368,-88.04837730790923,43.0973204568905,2020-07-17,1,22.0
55079000101,55079090200,-88.00922083481396,43.18510784936368,-88.05200796218348,43.081902180003375,2020-07-17,2,45.0
55079000101,55079090900,-88.00922083481396,43.18510784936368,-88.00270912368009,43.06124682618238,2020-07-17,1,22.0
55079000101,55079000501,-88.00922083481396,43.18510784936368,-88.04340002069712,43.115390222488664,2020-07-17,2,45.0
55079000101,55079001200,-88.00922083481396,43.18510784936368,-87.98620080987179,43.12617611256525,2020-07-17,1,22.0
55079000101,55079002700,-88.00922083481396,43.18510784936368,-87.97176690626681,43.100825271475365,2020-07-17,1,22.0
55079000101,55079004800,-88.00922083481396,43.18510784936368,-87.96231596301399,43.077035360461494,2020-07-17,1,22.0
55079000101,55079185900,-88.00922083481396,43.18510784936368,-87.93229166080955,43.05383765471328,2020-07-17,1,22.0
55079000101,55079186000,-88.00922083481396,43.18510784936368,-87.92039854147795,43.053956957431964,2020-07-17,2,45.0
55079000101,55079003200,-88.00922083481396,43.18510784936368,-88.00111189801154,43.10115852758208,2020-07-17,2,45.0
55079000101,55079005300,-88.00922083481396,43.18510784936368,-88.01242727702714,43.07892288175221,2020-07-17,2,45.0
55079000101,55079060101,-88.00922083481396,43.18510784936368,-87.92535691568614,43.13950788268824,2020-07-17,1,22.0
55079000101,55079185500,-88.00922083481396,43.18510784936368,-87.92624880733425,43.0601763240656,2020-07-17,1,22.0
55079000101,55079000302,-88.00922083481396,43.18510784936368,-88.04649688617519,43.13922972061493,2020-07-17,2,45.0
55079000101,55079120502,-88.00922083481396,43.18510784936368,-87.96510992081555,42.95304728304586,2020-07-17,1,22.0
55079000101,55079000800,-88.00922083481396,43.18510784936368,-87.97372753660457,43.14064967469203,2020-07-17,1,22.0
55079000101,55079004600,-88.00922083481396,43.18510784936368,-87.9321086251029,43.08569057130924,2020-07-17,3,68.0
55079000101,55079005400,-88.00922083481396,43.18510784936368,-88.02259608100492,43.0824437803151,2020-07-17,1,22.0
55079000101,55079000400,-88.00922083481396,43.18510784936368,-88.05554472050937,43.110954423820296,2020-07-17,2,45.0
55079000101,55079000502,-88.00922083481396,43.18510784936368,-88.03128731150349,43.12480634966938,2020-07-17,1,22.0
55079000101,55079006200,-88.00922083481396,43.18510784936368,-87.96097127315564,43.067902782244275,2020-07-17,1,22.0
55079000101,55079006000,-88.00922083481396,43.18510784936368,-87.97554005335066,43.067947929210746,2020-07-17,3,68.0
55079000101,55079018900,-88.00922083481396,43.18510784936368,-87.95323213052187,42.995654122863776,2020-07-17,1,22.0
55079000101,55079001400,-88.00922083481396,43.18510784936368,-88.01656972395298,43.130900969315825,2020-07-17,1,22.0
55079000101,55079007000,-88.00922083481396,43.18510784936368,-87.91122456687498,43.07424564740019,2020-07-17,2,45.0
55079000101,55079140100,-88.00922083481396,43.18510784936368,-88.0188613886232,42.93745223479677,2020-07-17,1,22.0
55079000101,55079140201,-88.00922083481396,43.18510784936368,-87.99911426080601,42.93902100763907,2020-07-17,1,22.0
55079000101,55079003300,-88.00922083481396,43.18510784936368,-88.0173066794685,43.1010408446094,2020-07-17,2,45.0
55079000101,55079070100,-88.00922083481396,43.18510784936368,-87.9076583493148,43.12063010988105,2020-07-17,1,22.0
55079000101,55079008100,-88.00922083481396,43.18510784936368,-87.90743836658615,43.067471782486706,2020-07-17,1,22.0
55079000101,55079003600,-88.00922083481396,43.18510784936368,-87.98321131530031,43.092736225323044,2020-07-17,5,114.0
55079000101,55079003800,-88.00922083481396,43.18510784936368,-87.97215356169055,43.086187842345545,2020-07-17,1,22.0
55079000101,55079014400,-88.00922083481396,43.18510784936368,-87.90784049253895,43.042413401572134,2020-07-17,2,45.0
55079000101,55079021600,-88.00922083481396,43.18510784936368,-87.92488475274558,42.952251222261935,2020-07-17,1,22.0
55079000101,55079001800,-88.00922083481396,43.18510784936368,-87.99853790291819,43.115847306484916,2020-07-17,2,45.0
55079000101,55079003400,-88.00922083481396,43.18510784936368,-88.02444287795417,43.0934576342605,2020-07-17,1,22.0
55079000101,55079005800,-88.00922083481396,43.18510784936368,-87.99994620357029,43.072303413103626,2020-07-17,2,45.0
55079000101,55079016600,-88.00922083481396,43.18510784936368,-87.9139279223807,43.010028166006215,2020-07-17,1,22.0
55079000101,55079120102,-88.00922083481396,43.18510784936368,-88.04966546230908,42.97409794368699,2020-07-17,1,22.0
55079000101,55079014100,-88.00922083481396,43.18510784936368,-87.92097269793881,43.04863570292668,2020-07-17,1,22.0
55079000101,55079050102,-88.00922083481396,43.18510784936368,-87.96743569232115,43.172443064752215,2020-07-17,6,137.0
55079000101,55079000700,-88.00922083481396,43.18510784936368,-87.99009583376943,43.15588909293765,2020-07-17,7,159.0
55079000101,55079101700,-88.00922083481396,43.18510784936368,-88.00697190300957,43.00173437379505,2020-07-17,2,45.0
55079000101,55079010700,-88.00922083481396,43.18510784936368,-87.90095083433016,43.0597678010215,2020-07-17,1,22.0
55079000101,55079003100,-88.00922083481396,43.18510784936368,-87.98607018194353,43.10091760946077,2020-07-17,1,22.0
55079000101,55079012600,-88.00922083481396,43.18510784936368,-87.99443577770006,43.034032251200934,2020-07-17,1,22.0
55079000101,55079005900,-88.00922083481396,43.18510784936368,-87.98523579862835,43.06821108392844,2020-07-17,2,45.0
55079000101,55079006600,-88.00922083481396,43.18510784936368,-87.93135214789555,43.075399167305534,2020-07-17,3,68.0
55079000101,55079007600,-88.00922083481396,43.18510784936368,-87.87859580944733,43.06399812725538,2020-07-17,1,22.0
55079000101,55079000900,-88.00922083481396,43.18510784936368,-87.95566887882444,43.14970170326806,2020-07-17,2,45.0
55079000101,55079001300,-88.00922083481396,43.18510784936368,-87.99843350448002,43.126783535933505,2020-07-17,2,45.0
55079000101,55079001700,-88.00922083481396,43.18510784936368,-88.01621221830194,43.10855887721336,2020-07-17,1,22.0
55079000101,55079001500,-88.00922083481396,43.18510784936368,-88.01520145334699,43.123754077777434,2020-07-17,4,91.0
55079000101,55079002000,-88.00922083481396,43.18510784936368,-87.96815137233186,43.115621500302275,2020-07-17,5,114.0
55079000101,55079000201,-88.00922083481396,43.18510784936368,-88.0472441211064,43.1799495757708,2020-07-17,5,114.0
55079000101,55079007800,-88.00922083481396,43.18510784936368,-87.88801504624632,43.07075279367613,2020-07-17,1,22.0
55079000101,55079004700,-88.00922083481396,43.18510784936368,-87.94760565609727,43.08576787197636,2020-07-17,1,22.0
55079000101,55079018500,-88.00922083481396,43.18510784936368,-87.91439743752404,42.98441904059949,2020-07-17,1,22.0
55079000101,55079016000,-88.00922083481396,43.18510784936368,-87.95725941865898,43.02137414837421,2020-07-17,1,22.0
55079000101,55079010600,-88.00922083481396,43.18510784936368,-87.90749884397533,43.060136167504425,2020-07-17,1,22.0
55079000101,55079000304,-88.00922083481396,43.18510784936368,-88.02644618111368,43.14364069729464,2020-07-17,4,91.0
55079000101,55079001900,-88.00922083481396,43.18510784936368,-87.98367415791445,43.115686316787006,2020-07-17,1,22.0
55079000101,55079001100,-88.00922083481396,43.18510784936368,-87.96901390366762,43.127689901740844,2020-07-17,1,22.0
55079000101,55079016500,-88.00922083481396,43.18510784936368,-87.91153110922029,43.01579142211555,2020-07-17,2,45.0
55079000101,55079004100,-88.00922083481396,43.18510784936368,-87.95681147526382,43.0940907627305,2020-07-17,2,45.0
55079000101,55079013400,-88.00922083481396,43.18510784936368,-87.95356038604784,43.03496530197635,2020-07-17,1,22.0
55079000101,55079005100,-88.00922083481396,43.18510784936368,-87.99757698420609,43.08261869423604,2020-07-17,1,22.0
55079000101,55079060102,-88.00922083481396,43.18510784936368,-87.93974960524739,43.148654535590595,2020-07-17,4,91.0
55079000101,55079186100,-88.00922083481396,43.18510784936368,-87.94279275484007,43.048652729679134,2020-07-17,1,22.0
55079000101,55079006400,-88.00922083481396,43.18510784936368,-87.94234792087695,43.07421796319209,2020-07-17,1,22.0
55079000101,55079001000,-88.00922083481396,43.18510784936368,-87.95348314468296,43.12464896388482,2020-07-17,2,45.0
55079000101,55079008400,-88.00922083481396,43.18510784936368,-87.92332577697063,43.067583013115005,2020-07-17,1,22.0
55079000101,55079003000,-88.00922083481396,43.18510784936368,-87.99619059962126,43.10851035065769,2020-07-17,1,22.0
55079000101,55079006500,-88.00922083481396,43.18510784936368,-87.94229465456391,43.0797331466399,2020-07-17,1,22.0
55079000101,55079008800,-88.00922083481396,43.18510784936368,-87.94617084834631,43.06788862375971,2020-07-17,1,22.0
55079000101,55079006900,-88.00922083481396,43.18510784936368,-87.91078185483303,43.07979537793229,2020-07-17,1,22.0
55079000101,55079009700,-88.00922083481396,43.18510784936368,-87.95262115062044,43.05393954073114,2020-07-17,1,22.0
55079000101,55079006700,-88.00922083481396,43.18510784936368,-87.92040407919447,43.07437828581977,2020-07-17,1,22.0
55079006400,55079004300,-87.94234792087695,43.07421796319209,-87.93220867621264,43.094799127568905,2020-07-17,1,19.0
55079006400,55079060200,-87.94234792087695,43.07421796319209,-87.9245165328896,43.11556508690733,2020-07-17,2,39.0
55079006400,55079004400,-87.94234792087695,43.07421796319209,-87.90608569163814,43.089298213737145,2020-07-17,5,99.0
55079006400,55079004500,-87.94234792087695,43.07421796319209,-87.92226909278084,43.08550885272536,2020-07-17,1,19.0
55079006400,55079016200,-87.94234792087695,43.07421796319209,-87.94745090497267,43.01660575920564,2020-07-17,1,19.0
55079006400,55079019000,-87.94234792087695,43.07421796319209,-87.967877289968,42.995496154489715,2020-07-17,1,19.0
55079006400,55079100100,-87.94234792087695,43.07421796319209,-87.98598444052216,43.01659648927991,2020-07-17,1,19.0
55079006400,55079002300,-87.94234792087695,43.07421796319209,-87.93621856893152,43.105985427841645,2020-07-17,1,19.0
55079006400,55079010800,-87.94234792087695,43.07421796319209,-87.88986181293924,43.05733829509928,2020-07-17,2,39.0
55079006400,55079110100,-87.94234792087695,43.07421796319209,-87.9710022364233,43.012448953036525,2020-07-17,3,59.0
55079006400,55079101000,-87.94234792087695,43.07421796319209,-88.05764456171738,42.99173938525954,2020-07-17,2,39.0
55079006400,55079090300,-87.94234792087695,43.07421796319209,-88.0515779905257,43.06739040507833,2020-07-17,1,19.0
55079006400,55079101600,-87.94234792087695,43.07421796319209,-87.98881839806968,43.003113634057684,2020-07-17,1,19.0
55079006400,55079186300,-87.94234792087695,43.07421796319209,-87.91799927397663,43.040616743150025,2020-07-17,1,19.0
55079006400,55079021700,-87.94234792087695,43.07421796319209,-87.91312462574102,42.94052513723052,2020-07-17,1,19.0
55079006400,55079090200,-87.94234792087695,43.07421796319209,-88.05200796218348,43.081902180003375,2020-07-17,1,19.0
55079006400,55079120203,-87.94234792087695,43.07421796319209,-88.00776394431053,42.95694649923871,2020-07-17,1,19.0
55079006400,55079019400,-87.94234792087695,43.07421796319209,-88.02755647500341,42.984577749923744,2020-07-17,1,19.0
55079006400,55079000501,-87.94234792087695,43.07421796319209,-88.04340002069712,43.115390222488664,2020-07-17,1,19.0
55079006400,55079002700,-87.94234792087695,43.07421796319209,-87.97176690626681,43.100825271475365,2020-07-17,1,19.0
55079006400,55079003500,-87.94234792087695,43.07421796319209,-87.99830093777771,43.09359369867719,2020-07-17,1,19.0
55079006400,55079004800,-87.94234792087695,43.07421796319209,-87.96231596301399,43.077035360461494,2020-07-17,3,59.0
55079006400,55079009500,-87.94234792087695,43.07421796319209,-87.97530476217976,43.0530114064315,2020-07-17,1,19.0
55079006400,55079185900,-87.94234792087695,43.07421796319209,-87.93229166080955,43.05383765471328,2020-07-17,1,19.0
55079006400,55079005300,-87.94234792087695,43.07421796319209,-88.01242727702714,43.07892288175221,2020-07-17,1,19.0
55079006400,55079021400,-87.94234792087695,43.07421796319209,-87.93891709359613,42.96295890378409,2020-07-17,1,19.0
55079006400,55079185500,-87.94234792087695,43.07421796319209,-87.92624880733425,43.0601763240656,2020-07-17,1,19.0
55079006400,55079185300,-87.94234792087695,43.07421796319209,-88.04265402690729,43.049880154873065,2020-07-17,1,19.0
55079006400,55079014700,-87.94234792087695,43.07421796319209,-87.93551340137516,43.042200823908786,2020-07-17,1,19.0
55079006400,55079180500,-87.94234792087695,43.07421796319209,-87.87471526249948,42.93725893299447,2020-07-17,1,19.0
55079006400,55079004600,-87.94234792087695,43.07421796319209,-87.9321086251029,43.08569057130924,2020-07-17,2,39.0
55079006400,55079006200,-87.94234792087695,43.07421796319209,-87.96097127315564,43.067902782244275,2020-07-17,1,19.0
55079006400,55079186800,-87.94234792087695,43.07421796319209,-87.9506670108877,43.02815858561159,2020-07-17,1,19.0
55079006400,55079006000,-87.94234792087695,43.07421796319209,-87.97554005335066,43.067947929210746,2020-07-17,1,19.0
55079006400,55079005000,-87.94234792087695,43.07421796319209,-87.98327608357046,43.07665137069942,2020-07-17,1,19.0
55079006400,55079002800,-87.94234792087695,43.07421796319209,-87.97141961541004,43.10830621321033,2020-07-17,1,19.0
55079006400,55079006800,-87.94234792087695,43.07421796319209,-87.92500216567623,43.079683301494654,2020-07-17,2,39.0
55079006400,55079014600,-87.94234792087695,43.07421796319209,-87.93032605572249,43.04237842637439,2020-07-17,1,19.0
55079006400,55079007000,-87.94234792087695,43.07421796319209,-87.91122456687498,43.07424564740019,2020-07-17,1,19.0
55079006400,55079013600,-87.94234792087695,43.07421796319209,-87.9527511611333,43.04369545920421,2020-07-17,1,19.0
55079006400,55079003300,-87.94234792087695,43.07421796319209,-88.0173066794685,43.1010408446094,2020-07-17,2,39.0
55079006400,55079016800,-87.94234792087695,43.07421796319209,-87.92935001478907,43.01036042537408,2020-07-17,1,19.0
55079006400,55079008500,-87.94234792087695,43.07421796319209,-87.9298714910033,43.06776123229879,2020-07-17,1,19.0
55079006400,55079101400,-87.94234792087695,43.07421796319209,-88.02735540531337,43.00631524274058,2020-07-17,1,19.0
55079006400,55079007700,-87.94234792087695,43.07421796319209,-87.88849935823362,43.06389053422122,2020-07-17,1,19.0
55079006400,55079008100,-87.94234792087695,43.07421796319209,-87.90743836658615,43.067471782486706,2020-07-17,1,19.0
55079006400,55079003600,-87.94234792087695,43.07421796319209,-87.98321131530031,43.092736225323044,2020-07-17,2,39.0
55079006400,55079003800,-87.94234792087695,43.07421796319209,-87.97215356169055,43.086187842345545,2020-07-17,2,39.0
55079006400,55079011300,-87.94234792087695,43.07421796319209,-87.90713298111844,43.04890661506502,2020-07-17,1,19.0
55079006400,55079150100,-87.94234792087695,43.07421796319209,-87.97759713310646,42.91424119290261,2020-07-17,1,19.0
55079006400,55079001800,-87.94234792087695,43.07421796319209,-87.99853790291819,43.115847306484916,2020-07-17,1,19.0
55079006400,55079005800,-87.94234792087695,43.07421796319209,-87.99994620357029,43.072303413103626,2020-07-17,1,19.0
55079006400,55079035200,-87.94234792087695,43.07421796319209,-87.9070718018067,43.16012040860922,2020-07-17,1,19.0
55079006400,55079187000,-87.94234792087695,43.07421796319209,-87.88728455831759,43.05530607398437,2020-07-17,1,19.0
55079006400,55079002900,-87.94234792087695,43.07421796319209,-87.98131890013833,43.108341188298006,2020-07-17,2,39.0
55079006400,55079019600,-87.94234792087695,43.07421796319209,-88.00769668957767,42.984657216409644,2020-07-17,1,19.0
55079006400,55079050102,-87.94234792087695,43.07421796319209,-87.96743569232115,43.172443064752215,2020-07-17,2,39.0
55079006400,55079019500,-87.94234792087695,43.07421796319209,-88.02769031152603,42.97732706705707,2020-07-17,1,19.0
55079006400,55079006300,-87.94234792087695,43.07421796319209,-87.95229119818997,43.07635281761954,2020-07-17,8,159.0
55079006400,55079185700,-87.94234792087695,43.07421796319209,-87.91471207902771,43.06752585199898,2020-07-17,1,19.0
55079006400,55079005200,-87.94234792087695,43.07421796319209,-88.0124256780363,43.086227920709504,2020-07-17,1,19.0
55079006400,55079007200,-87.94234792087695,43.07421796319209,-87.89788270005259,43.07774402945858,2020-07-17,1,19.0
55079006400,55079006600,-87.94234792087695,43.07421796319209,-87.93135214789555,43.075399167305534,2020-07-17,5,99.0
55079006400,55079009800,-87.94234792087695,43.07421796319209,-87.95409571434068,43.059778012269526,2020-07-17,1,19.0
55079006400,55079001300,-87.94234792087695,43.07421796319209,-87.99843350448002,43.126783535933505,2020-07-17,1,19.0
55079006400,55079004200,-87.94234792087695,43.07421796319209,-87.94544782159862,43.09516547779425,2020-07-17,1,19.0
55079006400,55079001500,-87.94234792087695,43.07421796319209,-88.01520145334699,43.123754077777434,2020-07-17,1,19.0
55079006400,55079080400,-87.94234792087695,43.07421796319209,-87.88848724040903,43.08594082590386,2020-07-17,1,19.0
55079006400,55079003900,-87.94234792087695,43.07421796319209,-87.96215160813261,43.086172227530916,2020-07-17,1,19.0
55079006400,55079004700,-87.94234792087695,43.07421796319209,-87.94760565609727,43.08576787197636,2020-07-17,5,99.0
55079006400,55079002600,-87.94234792087695,43.07421796319209,-87.96192834607115,43.10067420371696,2020-07-17,2,39.0
55079006400,55079009000,-87.94234792087695,43.07421796319209,-87.9610837883489,43.060355868415826,2020-07-17,2,39.0
55079006400,55079001900,-87.94234792087695,43.07421796319209,-87.98367415791445,43.115686316787006,2020-07-17,1,19.0
55079006400,55079001100,-87.94234792087695,43.07421796319209,-87.96901390366762,43.127689901740844,2020-07-17,1,19.0
55079006400,55079185800,-87.94234792087695,43.07421796319209,-87.94265216254213,43.0538687550207,2020-07-17,1,19.0
55079006400,55079005100,-87.94234792087695,43.07421796319209,-87.99757698420609,43.08261869423604,2020-07-17,1,19.0
55079006400,55079004900,-87.94234792087695,43.07421796319209,-87.97231517837423,43.077061406485264,2020-07-17,2,39.0
55079006400,55079007400,-87.94234792087695,43.07421796319209,-87.87216855868374,43.078043126250115,2020-07-17,1,19.0
55079006400,55079012900,-87.94234792087695,43.07421796319209,-87.99989477924994,43.028140622580246,2020-07-17,1,19.0
55079006400,55079006400,-87.94234792087695,43.07421796319209,-87.94234792087695,43.07421796319209,2020-07-17,77,1539.0
55079006400,55079012200,-87.94234792087695,43.07421796319209,-87.95271101560115,43.04866661559741,2020-07-17,1,19.0
55079006400,55079013300,-87.94234792087695,43.07421796319209,-87.96206431187025,43.03483590901066,2020-07-17,1,19.0
55079006400,55079006100,-87.94234792087695,43.07421796319209,-87.96847508739953,43.06791249267312,2020-07-17,1,19.0
55079006400,55079008400,-87.94234792087695,43.07421796319209,-87.92332577697063,43.067583013115005,2020-07-17,1,19.0
55079006400,55079002200,-87.94234792087695,43.07421796319209,-87.9335870089048,43.11469059411332,2020-07-17,2,39.0
55079006400,55079009900,-87.94234792087695,43.07421796319209,-87.94630275235495,43.060274421469344,2020-07-17,3,59.0
55079006400,55079003000,-87.94234792087695,43.07421796319209,-87.99619059962126,43.10851035065769,2020-07-17,3,59.0
55079006400,55079006500,-87.94234792087695,43.07421796319209,-87.94229465456391,43.0797331466399,2020-07-17,1,19.0
55079006400,55079185400,-87.94234792087695,43.07421796319209,-87.93768935592728,43.06023552955454,2020-07-17,2,39.0
55079006400,55079008800,-87.94234792087695,43.07421796319209,-87.94617084834631,43.06788862375971,2020-07-17,3,59.0
55079006400,55079006700,-87.94234792087695,43.07421796319209,-87.92040407919447,43.07437828581977,2020-07-17,2,39.0
55079007000,55079004300,-87.91122456687498,43.07424564740019,-87.93220867621264,43.094799127568905,2020-07-17,3,40.0
55079007000,55079060200,-87.91122456687498,43.07424564740019,-87.9245165328896,43.11556508690733,2020-07-17,4,54.0
55079007000,55079004400,-87.91122456687498,43.07424564740019,-87.90608569163814,43.089298213737145,2020-07-17,7,94.0
55079007000,55079004500,-87.91122456687498,43.07424564740019,-87.92226909278084,43.08550885272536,2020-07-17,1,13.0
55079007000,55079012800,-87.91122456687498,43.07424564740019,-88.03145321223326,43.03059221584991,2020-07-17,2,27.0
55079007000,55079100100,-87.91122456687498,43.07424564740019,-87.98598444052216,43.01659648927991,2020-07-17,1,13.0
55079007000,55079000102,-87.91122456687498,43.07424564740019,-88.01167859828367,43.164645145767146,2020-07-17,1,13.0
55079007000,55079000202,-87.91122456687498,43.07424564740019,-88.04132965001602,43.160382512849615,2020-07-17,2,27.0
55079007000,55079002300,-87.91122456687498,43.07424564740019,-87.93621856893152,43.105985427841645,2020-07-17,1,13.0
55079007000,55079010800,-87.91122456687498,43.07424564740019,-87.88986181293924,43.05733829509928,2020-07-17,3,40.0
55079007000,55079011200,-87.91122456687498,43.07424564740019,-87.89756439120579,43.055476240018415,2020-07-17,1,13.0
55079007000,55079011400,-87.91122456687498,43.07424564740019,-87.9106574898586,43.05269479350376,2020-07-17,2,27.0
55079007000,55079110100,-87.91122456687498,43.07424564740019,-87.9710022364233,43.012448953036525,2020-07-17,1,13.0
55079007000,55079018100,-87.91122456687498,43.07424564740019,-87.88469234682039,42.998709042311724,2020-07-17,1,13.0
55079007000,55079160100,-87.91122456687498,43.07424564740019,-87.91471599062149,42.91513941042769,2020-07-17,1,13.0
55079007000,55079000600,-87.91122456687498,43.07424564740019,-88.00190569680801,43.14010292722225,2020-07-17,1,13.0
55079007000,55079186300,-87.91122456687498,43.07424564740019,-87.91799927397663,43.040616743150025,2020-07-17,1,13.0
55079007000,55079012400,-87.91122456687498,43.07424564740019,-87.97680856828566,43.04580144948212,2020-07-17,1,13.0
55079007000,55079090200,-87.91122456687498,43.07424564740019,-88.05200796218348,43.081902180003375,2020-07-17,1,13.0
55079007000,55079120203,-87.91122456687498,43.07424564740019,-88.00776394431053,42.95694649923871,2020-07-17,1,13.0
55079007000,55079002700,-87.91122456687498,43.07424564740019,-87.97176690626681,43.100825271475365,2020-07-17,3,40.0
55079007000,55079003500,-87.91122456687498,43.07424564740019,-87.99830093777771,43.09359369867719,2020-07-17,1,13.0
55079007000,55079004800,-87.91122456687498,43.07424564740019,-87.96231596301399,43.077035360461494,2020-07-17,1,13.0
55079007000,55079185900,-87.91122456687498,43.07424564740019,-87.93229166080955,43.05383765471328,2020-07-17,1,13.0
55079007000,55079186000,-87.91122456687498,43.07424564740019,-87.92039854147795,43.053956957431964,2020-07-17,4,54.0
55079007000,55079060101,-87.91122456687498,43.07424564740019,-87.92535691568614,43.13950788268824,2020-07-17,2,27.0
55079007000,55079185500,-87.91122456687498,43.07424564740019,-87.92624880733425,43.0601763240656,2020-07-17,1,13.0
55079007000,55079020800,-87.91122456687498,43.07424564740019,-87.87636299879055,42.985307292991365,2020-07-17,1,13.0
55079007000,55079187400,-87.91122456687498,43.07424564740019,-87.90767949876499,43.03217517915639,2020-07-17,2,27.0
55079007000,55079180500,-87.91122456687498,43.07424564740019,-87.87471526249948,42.93725893299447,2020-07-17,1,13.0
55079007000,55079091200,-87.91122456687498,43.07424564740019,-88.00388284004167,43.0467075980639,2020-07-17,1,13.0
55079007000,55079006800,-87.91122456687498,43.07424564740019,-87.92500216567623,43.079683301494654,2020-07-17,5,67.0
55079007000,55079014600,-87.91122456687498,43.07424564740019,-87.93032605572249,43.04237842637439,2020-07-17,1,13.0
55079007000,55079100900,-87.91122456687498,43.07424564740019,-88.05216898532913,43.00959788353506,2020-07-17,1,13.0
55079007000,55079007000,-87.91122456687498,43.07424564740019,-87.91122456687498,43.07424564740019,2020-07-17,155,2093.0
55079007000,55079140201,-87.91122456687498,43.07424564740019,-87.99911426080601,42.93902100763907,2020-07-17,1,13.0
55079007000,55079186500,-87.91122456687498,43.07424564740019,-87.9130303085029,43.02319729476483,2020-07-17,1,13.0
55079007000,55079003300,-87.91122456687498,43.07424564740019,-88.0173066794685,43.1010408446094,2020-07-17,1,13.0
55079007000,55079016800,-87.91122456687498,43.07424564740019,-87.92935001478907,43.01036042537408,2020-07-17,1,13.0
55079007000,55079008500,-87.91122456687498,43.07424564740019,-87.9298714910033,43.06776123229879,2020-07-17,1,13.0
55079007000,55079007700,-87.91122456687498,43.07424564740019,-87.88849935823362,43.06389053422122,2020-07-17,2,27.0
55079007000,55079008100,-87.91122456687498,43.07424564740019,-87.90743836658615,43.067471782486706,2020-07-17,1,13.0
55079007000,55079003600,-87.91122456687498,43.07424564740019,-87.98321131530031,43.092736225323044,2020-07-17,2,27.0
55079007000,55079011300,-87.91122456687498,43.07424564740019,-87.90713298111844,43.04890661506502,2020-07-17,1,13.0
55079007000,55079014400,-87.91122456687498,43.07424564740019,-87.90784049253895,43.042413401572134,2020-07-17,1,13.0
55079007000,55079001800,-87.91122456687498,43.07424564740019,-87.99853790291819,43.115847306484916,2020-07-17,1,13.0
55079007000,55079005800,-87.91122456687498,43.07424564740019,-87.99994620357029,43.072303413103626,2020-07-17,2,27.0
55079007000,55079187000,-87.91122456687498,43.07424564740019,-87.88728455831759,43.05530607398437,2020-07-17,8,108.0
55079007000,55079014100,-87.91122456687498,43.07424564740019,-87.92097269793881,43.04863570292668,2020-07-17,2,27.0
55079007000,55079050102,-87.91122456687498,43.07424564740019,-87.96743569232115,43.172443064752215,2020-07-17,1,13.0
55079007000,55079007100,-87.91122456687498,43.07424564740019,-87.90149576859913,43.07383574480911,2020-07-17,1,13.0
55079007000,55079007900,-87.91122456687498,43.07424564740019,-87.89683936352995,43.06599950452746,2020-07-17,1,13.0
55079007000,55079006300,-87.91122456687498,43.07424564740019,-87.95229119818997,43.07635281761954,2020-07-17,1,13.0
55079007000,55079007300,-87.91122456687498,43.07424564740019,-87.88807891595606,43.0779148594549,2020-07-17,3,40.0
55079007000,55079185700,-87.91122456687498,43.07424564740019,-87.91471207902771,43.06752585199898,2020-07-17,3,40.0
55079007000,55079016300,-87.91122456687498,43.07424564740019,-87.93764055272034,43.01572710315665,2020-07-17,1,13.0
55079007000,55079101500,-87.91122456687498,43.07424564740019,-88.00747595996755,43.007126720391405,2020-07-17,1,13.0
55079007000,55079003100,-87.91122456687498,43.07424564740019,-87.98607018194353,43.10091760946077,2020-07-17,1,13.0
55079007000,55079005200,-87.91122456687498,43.07424564740019,-88.0124256780363,43.086227920709504,2020-07-17,1,13.0
55079007000,55079005900,-87.91122456687498,43.07424564740019,-87.98523579862835,43.06821108392844,2020-07-17,2,27.0
55079007000,55079007200,-87.91122456687498,43.07424564740019,-87.89788270005259,43.07774402945858,2020-07-17,5,67.0
55079007000,55079006600,-87.91122456687498,43.07424564740019,-87.93135214789555,43.075399167305534,2020-07-17,2,27.0
55079007000,55079009800,-87.91122456687498,43.07424564740019,-87.95409571434068,43.059778012269526,2020-07-17,1,13.0
55079007000,55079004200,-87.91122456687498,43.07424564740019,-87.94544782159862,43.09516547779425,2020-07-17,1,13.0
55079007000,55079011000,-87.91122456687498,43.07424564740019,-87.89727240641399,43.050053518943756,2020-07-17,1,13.0
55079007000,55079002000,-87.91122456687498,43.07424564740019,-87.96815137233186,43.115621500302275,2020-07-17,2,27.0
55079007000,55079000201,-87.91122456687498,43.07424564740019,-88.0472441211064,43.1799495757708,2020-07-17,1,13.0
55079007000,55079004700,-87.91122456687498,43.07424564740019,-87.94760565609727,43.08576787197636,2020-07-17,1,13.0
55079007000,55079009000,-87.91122456687498,43.07424564740019,-87.9610837883489,43.060355868415826,2020-07-17,1,13.0
55079007000,55079013700,-87.91122456687498,43.07424564740019,-87.94529508707278,43.04229912697773,2020-07-17,1,13.0
55079007000,55079003700,-87.91122456687498,43.07424564740019,-87.98336380852676,43.08546039091554,2020-07-17,1,13.0
55079007000,55079009600,-87.91122456687498,43.07424564740019,-87.96486502955395,43.05277336645368,2020-07-17,1,13.0
55079007000,55079020600,-87.91122456687498,43.07424564740019,-87.90444286867323,42.9810337820488,2020-07-17,1,13.0
55079007000,55079090700,-87.91122456687498,43.07424564740019,-88.02545440842808,43.059193901469925,2020-07-17,1,13.0
55079007000,55079008900,-87.91122456687498,43.07424564740019,-87.95337828163817,43.06706338271535,2020-07-17,1,13.0
55079007000,55079004100,-87.91122456687498,43.07424564740019,-87.95681147526382,43.0940907627305,2020-07-17,1,13.0
55079007000,55079170100,-87.91122456687498,43.07424564740019,-87.84892368656588,42.919583500675934,2020-07-17,1,13.0
55079007000,55079186900,-87.91122456687498,43.07424564740019,-87.88804149673794,43.05226526687869,2020-07-17,1,13.0
55079007000,55079185600,-87.91122456687498,43.07424564740019,-87.91469071944607,43.06026722158336,2020-07-17,4,54.0
55079007000,55079005100,-87.91122456687498,43.07424564740019,-87.99757698420609,43.08261869423604,2020-07-17,2,27.0
55079007000,55079170600,-87.91122456687498,43.07424564740019,-87.86320935056827,42.907724102777856,2020-07-17,1,13.0
55079007000,55079008000,-87.91122456687498,43.07424564740019,-87.90282982859381,43.067480284048756,2020-07-17,1,13.0
55079007000,55079009200,-87.91122456687498,43.07424564740019,-87.97560474362125,43.06069020349929,2020-07-17,1,13.0
55079007000,55079002500,-87.91122456687498,43.07424564740019,-87.96218045466739,43.10795733493045,2020-07-17,2,27.0
55079007000,55079001000,-87.91122456687498,43.07424564740019,-87.95348314468296,43.12464896388482,2020-07-17,1,13.0
55079007000,55079008400,-87.91122456687498,43.07424564740019,-87.92332577697063,43.067583013115005,2020-07-17,1,13.0
55079007000,55079003000,-87.91122456687498,43.07424564740019,-87.99619059962126,43.10851035065769,2020-07-17,2,27.0
55079007000,55079008600,-87.91122456687498,43.07424564740019,-87.93517868399437,43.06762170689756,2020-07-17,2,27.0
55079007000,55079185400,-87.91122456687498,43.07424564740019,-87.93768935592728,43.06023552955454,2020-07-17,2,27.0
55079007000,55079008800,-87.91122456687498,43.07424564740019,-87.94617084834631,43.06788862375971,2020-07-17,2,27.0
55079007000,55079006900,-87.91122456687498,43.07424564740019,-87.91078185483303,43.07979537793229,2020-07-17,3,40.0
55079007000,55079013500,-87.91122456687498,43.07424564740019,-87.9526122313311,43.040147622140005,2020-07-17,2,27.0
55079007000,55079009700,-87.91122456687498,43.07424564740019,-87.95262115062044,43.05393954073114,2020-07-17,1,13.0
55079007000,55079006700,-87.91122456687498,43.07424564740019,-87.92040407919447,43.07437828581977,2020-07-17,2,27.0
55079007900,55079004300,-87.89683936352995,43.06599950452746,-87.93220867621264,43.094799127568905,2020-07-17,1,39.0
55079007900,55079060200,-87.89683936352995,43.06599950452746,-87.9245165328896,43.11556508690733,2020-07-17,2,79.0
55079007900,55079012800,-87.89683936352995,43.06599950452746,-88.03145321223326,43.03059221584991,2020-07-17,1,39.0
55079007900,55079010800,-87.89683936352995,43.06599950452746,-87.88986181293924,43.05733829509928,2020-07-17,1,39.0
55079007900,55079186300,-87.89683936352995,43.06599950452746,-87.91799927397663,43.040616743150025,2020-07-17,3,119.0
55079007900,55079120501,-87.89683936352995,43.06599950452746,-87.96680035551529,42.94072396992586,2020-07-17,1,39.0
55079007900,55079090200,-87.89683936352995,43.06599950452746,-88.05200796218348,43.081902180003375,2020-07-17,1,39.0
55079007900,55079187400,-87.89683936352995,43.06599950452746,-87.90767949876499,43.03217517915639,2020-07-17,1,39.0
55079007900,55079186800,-87.89683936352995,43.06599950452746,-87.9506670108877,43.02815858561159,2020-07-17,1,39.0
55079007900,55079006800,-87.89683936352995,43.06599950452746,-87.92500216567623,43.079683301494654,2020-07-17,1,39.0
55079007900,55079014600,-87.89683936352995,43.06599950452746,-87.93032605572249,43.04237842637439,2020-07-17,2,79.0
55079007900,55079186500,-87.89683936352995,43.06599950452746,-87.9130303085029,43.02319729476483,2020-07-17,1,39.0
55079007900,55079008500,-87.89683936352995,43.06599950452746,-87.9298714910033,43.06776123229879,2020-07-17,1,39.0
55079007900,55079101400,-87.89683936352995,43.06599950452746,-88.02735540531337,43.00631524274058,2020-07-17,1,39.0
55079007900,55079008100,-87.89683936352995,43.06599950452746,-87.90743836658615,43.067471782486706,2020-07-17,1,39.0
55079007900,55079014400,-87.89683936352995,43.06599950452746,-87.90784049253895,43.042413401572134,2020-07-17,1,39.0
55079007900,55079100400,-87.89683936352995,43.06599950452746,-88.01166560297426,43.0170103539625,2020-07-17,1,39.0
55079007900,55079021600,-87.89683936352995,43.06599950452746,-87.92488475274558,42.952251222261935,2020-07-17,1,39.0
55079007900,55079187000,-87.89683936352995,43.06599950452746,-87.88728455831759,43.05530607398437,2020-07-17,1,39.0
55079007900,55079100800,-87.89683936352995,43.06599950452746,-88.05710943935104,43.023654444193184,2020-07-17,1,39.0
55079007900,55079007100,-87.89683936352995,43.06599950452746,-87.90149576859913,43.07383574480911,2020-07-17,2,79.0
55079007900,55079007900,-87.89683936352995,43.06599950452746,-87.89683936352995,43.06599950452746,2020-07-17,39,1554.0
55079007900,55079101700,-87.89683936352995,43.06599950452746,-88.00697190300957,43.00173437379505,2020-07-17,1,39.0
55079007900,55079010700,-87.89683936352995,43.06599950452746,-87.90095083433016,43.0597678010215,2020-07-17,1,39.0
55079007900,55079100200,-87.89683936352995,43.06599950452746,-87.99137992566246,43.01460892403096,2020-07-17,1,39.0
55079007900,55079007200,-87.89683936352995,43.06599950452746,-87.89788270005259,43.07774402945858,2020-07-17,1,39.0
55079007900,55079007800,-87.89683936352995,43.06599950452746,-87.88801504624632,43.07075279367613,2020-07-17,1,39.0
55079007900,55079013700,-87.89683936352995,43.06599950452746,-87.94529508707278,43.04229912697773,2020-07-17,1,39.0
55079007900,55079016500,-87.89683936352995,43.06599950452746,-87.91153110922029,43.01579142211555,2020-07-17,2,79.0
55079007900,55079018700,-87.89683936352995,43.06599950452746,-87.92991431934564,42.995583237143,2020-07-17,1,39.0
55079007900,55079100300,-87.89683936352995,43.06599950452746,-88.00316709835943,43.017354422985534,2020-07-17,1,39.0
55079007900,55079185600,-87.89683936352995,43.06599950452746,-87.91469071944607,43.06026722158336,2020-07-17,5,199.0
55079007900,55079008000,-87.89683936352995,43.06599950452746,-87.90282982859381,43.067480284048756,2020-07-17,2,79.0
55079007900,55079016900,-87.89683936352995,43.06599950452746,-87.93770785693083,43.00951913559766,2020-07-17,1,39.0
55079007900,55079006100,-87.89683936352995,43.06599950452746,-87.96847508739953,43.06791249267312,2020-07-17,1,39.0
55079007900,55079017000,-87.89683936352995,43.06599950452746,-87.9475259715867,43.01041841584858,2020-07-17,1,39.0
55079007900,55079006900,-87.89683936352995,43.06599950452746,-87.91078185483303,43.07979537793229,2020-07-17,1,39.0
55079008700,55079004300,-87.93997122125838,43.06781436915486,-87.93220867621264,43.094799127568905,2020-07-17,2,58.0
55079008700,55079060200,-87.93997122125838,43.06781436915486,-87.9245165328896,43.11556508690733,2020-07-17,2,58.0
55079008700,55079004400,-87.93997122125838,43.06781436915486,-87.90608569163814,43.089298213737145,2020-07-17,1,29.0
55079008700,55079100100,-87.93997122125838,43.06781436915486,-87.98598444052216,43.01659648927991,2020-07-17,1,29.0
55079008700,55079000101,-87.93997122125838,43.06781436915486,-88.00922083481396,43.18510784936368,2020-07-17,1,29.0
55079008700,55079002300,-87.93997122125838,43.06781436915486,-87.93621856893152,43.105985427841645,2020-07-17,1,29.0
55079008700,55079186300,-87.93997122125838,43.06781436915486,-87.91799927397663,43.040616743150025,2020-07-17,1,29.0
55079008700,55079090200,-87.93997122125838,43.06781436915486,-88.05200796218348,43.081902180003375,2020-07-17,1,29.0
55079008700,55079120203,-87.93997122125838,43.06781436915486,-88.00776394431053,42.95694649923871,2020-07-17,1,29.0
55079008700,55079186000,-87.93997122125838,43.06781436915486,-87.92039854147795,43.053956957431964,2020-07-17,2,58.0
55079008700,55079185500,-87.93997122125838,43.06781436915486,-87.92624880733425,43.0601763240656,2020-07-17,1,29.0
55079008700,55079014700,-87.93997122125838,43.06781436915486,-87.93551340137516,43.042200823908786,2020-07-17,1,29.0
55079008700,55079000502,-87.93997122125838,43.06781436915486,-88.03128731150349,43.12480634966938,2020-07-17,1,29.0
55079008700,55079006200,-87.93997122125838,43.06781436915486,-87.96097127315564,43.067902782244275,2020-07-17,2,58.0
55079008700,55079006000,-87.93997122125838,43.06781436915486,-87.97554005335066,43.067947929210746,2020-07-17,1,29.0
55079008700,55079014600,-87.93997122125838,43.06781436915486,-87.93032605572249,43.04237842637439,2020-07-17,1,29.0
55079008700,55079007700,-87.93997122125838,43.06781436915486,-87.88849935823362,43.06389053422122,2020-07-17,2,58.0
55079008700,55079003600,-87.93997122125838,43.06781436915486,-87.98321131530031,43.092736225323044,2020-07-17,2,58.0
55079008700,55079011300,-87.93997122125838,43.06781436915486,-87.90713298111844,43.04890661506502,2020-07-17,1,29.0
55079008700,55079002900,-87.93997122125838,43.06781436915486,-87.98131890013833,43.108341188298006,2020-07-17,1,29.0
55079008700,55079006300,-87.93997122125838,43.06781436915486,-87.95229119818997,43.07635281761954,2020-07-17,2,58.0
55079008700,55079006600,-87.93997122125838,43.06781436915486,-87.93135214789555,43.075399167305534,2020-07-17,1,29.0
55079008700,55079007600,-87.93997122125838,43.06781436915486,-87.87859580944733,43.06399812725538,2020-07-17,1,29.0
55079008700,55079009800,-87.93997122125838,43.06781436915486,-87.95409571434068,43.059778012269526,2020-07-17,1,29.0
55079008700,55079016700,-87.93997122125838,43.06781436915486,-87.92209519609614,43.010301162214034,2020-07-17,1,29.0
55079008700,55079003900,-87.93997122125838,43.06781436915486,-87.96215160813261,43.086172227530916,2020-07-17,1,29.0
55079008700,55079000201,-87.93997122125838,43.06781436915486,-88.0472441211064,43.1799495757708,2020-07-17,1,29.0
55079008700,55079007800,-87.93997122125838,43.06781436915486,-87.88801504624632,43.07075279367613,2020-07-17,1,29.0
55079008700,55079004700,-87.93997122125838,43.06781436915486,-87.94760565609727,43.08576787197636,2020-07-17,1,29.0
55079008700,55079020500,-87.93997122125838,43.06781436915486,-87.92272370744391,42.988321496925906,2020-07-17,1,29.0
55079008700,55079002600,-87.93997122125838,43.06781436915486,-87.96192834607115,43.10067420371696,2020-07-17,1,29.0
55079008700,55079009100,-87.93997122125838,43.06781436915486,-87.96852806703085,43.060675408064526,2020-07-17,2,58.0
55079008700,55079003700,-87.93997122125838,43.06781436915486,-87.98336380852676,43.08546039091554,2020-07-17,1,29.0
55079008700,55079001100,-87.93997122125838,43.06781436915486,-87.96901390366762,43.127689901740844,2020-07-17,1,29.0
55079008700,55079186400,-87.93997122125838,43.06781436915486,-87.93038892981184,43.03695266796131,2020-07-17,1,29.0
55079008700,55079009600,-87.93997122125838,43.06781436915486,-87.96486502955395,43.05277336645368,2020-07-17,2,58.0
55079008700,55079019300,-87.93997122125838,43.06781436915486,-87.99612754588766,42.99498021323571,2020-07-17,1,29.0
55079008700,55079004100,-87.93997122125838,43.06781436915486,-87.95681147526382,43.0940907627305,2020-07-17,2,58.0
55079008700,55079185600,-87.93997122125838,43.06781436915486,-87.91469071944607,43.06026722158336,2020-07-17,1,29.0
55079008700,55079006400,-87.93997122125838,43.06781436915486,-87.94234792087695,43.07421796319209,2020-07-17,3,88.0
55079008700,55079008400,-87.93997122125838,43.06781436915486,-87.92332577697063,43.067583013115005,2020-07-17,1,29.0
55079008700,55079009900,-87.93997122125838,43.06781436915486,-87.94630275235495,43.060274421469344,2020-07-17,1,29.0
55079008700,55079006500,-87.93997122125838,43.06781436915486,-87.94229465456391,43.0797331466399,2020-07-17,1,29.0
55079008700,55079185400,-87.93997122125838,43.06781436915486,-87.93768935592728,43.06023552955454,2020-07-17,1,29.0
55079008700,55079008800,-87.93997122125838,43.06781436915486,-87.94617084834631,43.06788862375971,2020-07-17,2,58.0
55079008700,55079008700,-87.93997122125838,43.06781436915486,-87.93997122125838,43.06781436915486,2020-07-17,40,1175.0
55079010600,55079004300,-87.90749884397533,43.060136167504425,-87.93220867621264,43.094799127568905,2020-07-17,4,93.0
55079010600,55079060200,-87.90749884397533,43.060136167504425,-87.9245165328896,43.11556508690733,2020-07-17,1,23.0
55079010600,55079000102,-87.90749884397533,43.060136167504425,-88.01167859828367,43.164645145767146,2020-07-17,1,23.0
55079010600,55079002300,-87.90749884397533,43.060136167504425,-87.93621856893152,43.105985427841645,2020-07-17,2,46.0
55079010600,55079010800,-87.90749884397533,43.060136167504425,-87.88986181293924,43.05733829509928,2020-07-17,4,93.0
55079010600,55079011400,-87.90749884397533,43.060136167504425,-87.9106574898586,43.05269479350376,2020-07-17,3,69.0
55079010600,55079110100,-87.90749884397533,43.060136167504425,-87.9710022364233,43.012448953036525,2020-07-17,3,69.0
55079010600,55079160100,-87.90749884397533,43.060136167504425,-87.91471599062149,42.91513941042769,2020-07-17,2,46.0
55079010600,55079090300,-87.90749884397533,43.060136167504425,-88.0515779905257,43.06739040507833,2020-07-17,2,46.0
55079010600,55079186300,-87.90749884397533,43.060136167504425,-87.91799927397663,43.040616743150025,2020-07-17,2,46.0
55079010600,55079001200,-87.90749884397533,43.060136167504425,-87.98620080987179,43.12617611256525,2020-07-17,1,23.0
55079010600,55079002700,-87.90749884397533,43.060136167504425,-87.97176690626681,43.100825271475365,2020-07-17,2,46.0
55079010600,55079185500,-87.90749884397533,43.060136167504425,-87.92624880733425,43.0601763240656,2020-07-17,1,23.0
55079010600,55079187400,-87.90749884397533,43.060136167504425,-87.90767949876499,43.03217517915639,2020-07-17,2,46.0
55079010600,55079000800,-87.90749884397533,43.060136167504425,-87.97372753660457,43.14064967469203,2020-07-17,1,23.0
55079010600,55079012500,-87.90749884397533,43.060136167504425,-87.97654888060033,43.037091021714275,2020-07-17,1,23.0
55079010600,55079000400,-87.90749884397533,43.060136167504425,-88.05554472050937,43.110954423820296,2020-07-17,2,46.0
55079010600,55079000502,-87.90749884397533,43.060136167504425,-88.03128731150349,43.12480634966938,2020-07-17,2,46.0
55079010600,55079186800,-87.90749884397533,43.060136167504425,-87.9506670108877,43.02815858561159,2020-07-17,2,46.0
55079010600,55079020100,-87.90749884397533,43.060136167504425,-87.94099671150566,42.988482506396224,2020-07-17,1,23.0
55079010600,55079014600,-87.90749884397533,43.060136167504425,-87.93032605572249,43.04237842637439,2020-07-17,1,23.0
55079010600,55079186500,-87.90749884397533,43.060136167504425,-87.9130303085029,43.02319729476483,2020-07-17,2,46.0
55079010600,55079007500,-87.90749884397533,43.060136167504425,-87.87772470520909,43.071061371506396,2020-07-17,1,23.0
55079010600,55079003600,-87.90749884397533,43.060136167504425,-87.98321131530031,43.092736225323044,2020-07-17,2,46.0
55079010600,55079011300,-87.90749884397533,43.060136167504425,-87.90713298111844,43.04890661506502,2020-07-17,2,46.0
55079010600,55079014400,-87.90749884397533,43.060136167504425,-87.90784049253895,43.042413401572134,2020-07-17,4,93.0
55079010600,55079018000,-87.90749884397533,43.060136167504425,-87.8945288084346,43.01098558683315,2020-07-17,2,46.0
55079010600,55079001800,-87.90749884397533,43.060136167504425,-87.99853790291819,43.115847306484916,2020-07-17,1,23.0
55079010600,55079187000,-87.90749884397533,43.060136167504425,-87.88728455831759,43.05530607398437,2020-07-17,1,23.0
55079010600,55079002900,-87.90749884397533,43.060136167504425,-87.98131890013833,43.108341188298006,2020-07-17,1,23.0
55079010600,55079014100,-87.90749884397533,43.060136167504425,-87.92097269793881,43.04863570292668,2020-07-17,1,23.0
55079010600,55079050102,-87.90749884397533,43.060136167504425,-87.96743569232115,43.172443064752215,2020-07-17,1,23.0
55079010600,55079080200,-87.90749884397533,43.060136167504425,-87.8877423232882,43.0942616397457,2020-07-17,3,69.0
55079010600,55079016300,-87.90749884397533,43.060136167504425,-87.93764055272034,43.01572710315665,2020-07-17,2,46.0
55079010600,55079010700,-87.90749884397533,43.060136167504425,-87.90095083433016,43.0597678010215,2020-07-17,1,23.0
55079010600,55079005900,-87.90749884397533,43.060136167504425,-87.98523579862835,43.06821108392844,2020-07-17,1,23.0
55079010600,55079007600,-87.90749884397533,43.060136167504425,-87.87859580944733,43.06399812725538,2020-07-17,1,23.0
55079010600,55079009800,-87.90749884397533,43.060136167504425,-87.95409571434068,43.059778012269526,2020-07-17,2,46.0
55079010600,55079017400,-87.90749884397533,43.060136167504425,-87.9382983850757,43.00476614107047,2020-07-17,2,46.0
55079010600,55079014900,-87.90749884397533,43.060136167504425,-87.94481830610269,43.03704436935605,2020-07-17,1,23.0
55079010600,55079007800,-87.90749884397533,43.060136167504425,-87.88801504624632,43.07075279367613,2020-07-17,1,23.0
55079010600,55079018600,-87.90749884397533,43.060136167504425,-87.92255649026754,42.995575414800356,2020-07-17,1,23.0
55079010600,55079010600,-87.90749884397533,43.060136167504425,-87.90749884397533,43.060136167504425,2020-07-17,49,1141.0
55079010600,55079018300,-87.90749884397533,43.060136167504425,-87.89285805580873,42.991354183119796,2020-07-17,1,23.0
55079010600,55079018700,-87.90749884397533,43.060136167504425,-87.92991431934564,42.995583237143,2020-07-17,1,23.0
55079010600,55079185600,-87.90749884397533,43.060136167504425,-87.91469071944607,43.06026722158336,2020-07-17,2,46.0
55079010600,55079012900,-87.90749884397533,43.060136167504425,-87.99989477924994,43.028140622580246,2020-07-17,2,46.0
55079010600,55079185400,-87.90749884397533,43.060136167504425,-87.93768935592728,43.06023552955454,2020-07-17,1,23.0
55079007400,55079060200,-87.87216855868374,43.078043126250115,-87.9245165328896,43.11556508690733,2020-07-17,1,121.0
55079007400,55079010800,-87.87216855868374,43.078043126250115,-87.88986181293924,43.05733829509928,2020-07-17,1,121.0
55079007400,55079186300,-87.87216855868374,43.078043126250115,-87.91799927397663,43.040616743150025,2020-07-17,1,121.0
55079007400,55079080300,-87.87216855868374,43.078043126250115,-87.87475616434764,43.089996653126924,2020-07-17,2,243.0
55079007400,55079185300,-87.87216855868374,43.078043126250115,-88.04265402690729,43.049880154873065,2020-07-17,2,243.0
55079007400,55079187400,-87.87216855868374,43.078043126250115,-87.90767949876499,43.03217517915639,2020-07-17,1,121.0
55079007400,55079186800,-87.87216855868374,43.078043126250115,-87.9506670108877,43.02815858561159,2020-07-17,1,121.0
55079007400,55079080100,-87.87216855868374,43.078043126250115,-87.89773689723896,43.0955518884228,2020-07-17,1,121.0
55079007400,55079007500,-87.87216855868374,43.078043126250115,-87.87772470520909,43.071061371506396,2020-07-17,1,121.0
55079007400,55079070100,-87.87216855868374,43.078043126250115,-87.9076583493148,43.12063010988105,2020-07-17,4,486.0
55079007400,55079030100,-87.87216855868374,43.078043126250115,-87.89837270942148,43.1819862198906,2020-07-17,1,121.0
55079007400,55079007700,-87.87216855868374,43.078043126250115,-87.88849935823362,43.06389053422122,2020-07-17,2,243.0
55079007400,55079003600,-87.87216855868374,43.078043126250115,-87.98321131530031,43.092736225323044,2020-07-17,1,121.0
55079007400,55079070200,-87.87216855868374,43.078043126250115,-87.8919112738197,43.1133970416122,2020-07-17,1,121.0
55079007400,55079035200,-87.87216855868374,43.078043126250115,-87.9070718018067,43.16012040860922,2020-07-17,1,121.0
55079007400,55079050102,-87.87216855868374,43.078043126250115,-87.96743569232115,43.172443064752215,2020-07-17,2,243.0
55079007400,55079007300,-87.87216855868374,43.078043126250115,-87.88807891595606,43.0779148594549,2020-07-17,1,121.0
55079007400,55079080200,-87.87216855868374,43.078043126250115,-87.8877423232882,43.0942616397457,2020-07-17,3,364.0
55079007400,55079010700,-87.87216855868374,43.078043126250115,-87.90095083433016,43.0597678010215,2020-07-17,1,121.0
55079007400,55079007600,-87.87216855868374,43.078043126250115,-87.87859580944733,43.06399812725538,2020-07-17,2,243.0
55079007400,55079018200,-87.87216855868374,43.078043126250115,-87.87369831321716,42.99249911585218,2020-07-17,2,243.0
55079007400,55079007800,-87.87216855868374,43.078043126250115,-87.88801504624632,43.07075279367613,2020-07-17,3,364.0
55079007400,55079018500,-87.87216855868374,43.078043126250115,-87.91439743752404,42.98441904059949,2020-07-17,1,121.0
55079007400,55079007400,-87.87216855868374,43.078043126250115,-87.87216855868374,43.078043126250115,2020-07-17,26,3159.0
55079007400,55079006900,-87.87216855868374,43.078043126250115,-87.91078185483303,43.07979537793229,2020-07-17,1,121.0
55079009400,55079060200,-87.98309572088205,43.053347935581954,-87.9245165328896,43.11556508690733,2020-07-17,3,124.0
55079009400,55079004400,-87.98309572088205,43.053347935581954,-87.90608569163814,43.089298213737145,2020-07-17,1,41.0
55079009400,55079012800,-87.98309572088205,43.053347935581954,-88.03145321223326,43.03059221584991,2020-07-17,1,41.0
55079009400,55079110100,-87.98309572088205,43.053347935581954,-87.9710022364233,43.012448953036525,2020-07-17,2,82.0
55079009400,55079090300,-87.98309572088205,43.053347935581954,-88.0515779905257,43.06739040507833,2020-07-17,3,124.0
55079009400,55079186300,-87.98309572088205,43.053347935581954,-87.91799927397663,43.040616743150025,2020-07-17,1,41.0
55079009400,55079120501,-87.98309572088205,43.053347935581954,-87.96680035551529,42.94072396992586,2020-07-17,1,41.0
55079009400,55079090100,-87.98309572088205,43.053347935581954,-88.04837730790923,43.0973204568905,2020-07-17,1,41.0
55079009400,55079090200,-87.98309572088205,43.053347935581954,-88.05200796218348,43.081902180003375,2020-07-17,1,41.0
55079009400,55079090900,-87.98309572088205,43.053347935581954,-88.00270912368009,43.06124682618238,2020-07-17,4,165.0
55079009400,55079019400,-87.98309572088205,43.053347935581954,-88.02755647500341,42.984577749923744,2020-07-17,1,41.0
55079009400,55079009500,-87.98309572088205,43.053347935581954,-87.97530476217976,43.0530114064315,2020-07-17,2,82.0
55079009400,55079060101,-87.98309572088205,43.053347935581954,-87.92535691568614,43.13950788268824,2020-07-17,1,41.0
55079009400,55079187400,-87.98309572088205,43.053347935581954,-87.90767949876499,43.03217517915639,2020-07-17,2,82.0
55079009400,55079012500,-87.98309572088205,43.053347935581954,-87.97654888060033,43.037091021714275,2020-07-17,1,41.0
55079009400,55079091200,-87.98309572088205,43.053347935581954,-88.00388284004167,43.0467075980639,2020-07-17,8,331.0
55079009400,55079020100,-87.98309572088205,43.053347935581954,-87.94099671150566,42.988482506396224,2020-07-17,3,124.0
55079009400,55079140201,-87.98309572088205,43.053347935581954,-87.99911426080601,42.93902100763907,2020-07-17,2,82.0
55079009400,55079091400,-87.98309572088205,43.053347935581954,-87.99383660813824,43.04031315098078,2020-07-17,2,82.0
55079009400,55079186500,-87.98309572088205,43.053347935581954,-87.9130303085029,43.02319729476483,2020-07-17,1,41.0
55079009400,55079120101,-87.98309572088205,43.053347935581954,-88.04814010007517,42.95916305909443,2020-07-17,2,82.0
55079009400,55079003600,-87.98309572088205,43.053347935581954,-87.98321131530031,43.092736225323044,2020-07-17,1,41.0
55079009400,55079070200,-87.98309572088205,43.053347935581954,-87.8919112738197,43.1133970416122,2020-07-17,1,41.0
55079009400,55079035200,-87.98309572088205,43.053347935581954,-87.9070718018067,43.16012040860922,2020-07-17,1,41.0
55079009400,55079019600,-87.98309572088205,43.053347935581954,-88.00769668957767,42.984657216409644,2020-07-17,1,41.0
55079009400,55079009400,-87.98309572088205,43.053347935581954,-87.98309572088205,43.053347935581954,2020-07-17,46,1903.0
55079009400,55079120201,-87.98309572088205,43.053347935581954,-88.01868214174351,42.96737507435749,2020-07-17,1,41.0
55079009400,55079050102,-87.98309572088205,43.053347935581954,-87.96743569232115,43.172443064752215,2020-07-17,1,41.0
55079009400,55079016300,-87.98309572088205,43.053347935581954,-87.93764055272034,43.01572710315665,2020-07-17,1,41.0
55079009400,55079100200,-87.98309572088205,43.053347935581954,-87.99137992566246,43.01460892403096,2020-07-17,1,41.0
55079009400,55079120202,-87.98309572088205,43.053347935581954,-87.99868084532402,42.965848843600455,2020-07-17,1,41.0
55079009400,55079018700,-87.98309572088205,43.053347935581954,-87.92991431934564,42.995583237143,2020-07-17,1,41.0
55079009400,55079009600,-87.98309572088205,43.053347935581954,-87.96486502955395,43.05277336645368,2020-07-17,1,41.0
55079009400,55079019300,-87.98309572088205,43.053347935581954,-87.99612754588766,42.99498021323571,2020-07-17,1,41.0
55079009400,55079090700,-87.98309572088205,43.053347935581954,-88.02545440842808,43.059193901469925,2020-07-17,2,82.0
55079009400,55079091000,-87.98309572088205,43.053347935581954,-87.99705672432205,43.06433297165757,2020-07-17,1,41.0
55079009400,55079170300,-87.98309572088205,43.053347935581954,-87.87538996197884,42.9095536521384,2020-07-17,1,41.0
55079009400,55079006100,-87.98309572088205,43.053347935581954,-87.96847508739953,43.06791249267312,2020-07-17,1,41.0
55079009400,55079003000,-87.98309572088205,43.053347935581954,-87.99619059962126,43.10851035065769,2020-07-17,1,41.0
55079011400,55079060200,-87.9106574898586,43.05269479350376,-87.9245165328896,43.11556508690733,2020-07-17,2,61.0
55079011400,55079004400,-87.9106574898586,43.05269479350376,-87.90608569163814,43.089298213737145,2020-07-17,1,30.0
55079011400,55079100100,-87.9106574898586,43.05269479350376,-87.98598444052216,43.01659648927991,2020-07-17,1,30.0
55079011400,55079000101,-87.9106574898586,43.05269479350376,-88.00922083481396,43.18510784936368,2020-07-17,1,30.0
55079011400,55079010800,-87.9106574898586,43.05269479350376,-87.88986181293924,43.05733829509928,2020-07-17,1,30.0
55079011400,55079011400,-87.9106574898586,43.05269479350376,-87.9106574898586,43.05269479350376,2020-07-17,38,1163.0
55079011400,55079110100,-87.9106574898586,43.05269479350376,-87.9710022364233,43.012448953036525,2020-07-17,3,91.0
55079011400,55079186300,-87.9106574898586,43.05269479350376,-87.91799927397663,43.040616743150025,2020-07-17,2,61.0
55079011400,55079004000,-87.9106574898586,43.05269479350376,-87.97205846198321,43.09342306765945,2020-07-17,1,30.0
55079011400,55079186800,-87.9106574898586,43.05269479350376,-87.9506670108877,43.02815858561159,2020-07-17,1,30.0
55079011400,55079186500,-87.9106574898586,43.05269479350376,-87.9130303085029,43.02319729476483,2020-07-17,1,30.0
55079011400,55079120101,-87.9106574898586,43.05269479350376,-88.04814010007517,42.95916305909443,2020-07-17,1,30.0
55079011400,55079007700,-87.9106574898586,43.05269479350376,-87.88849935823362,43.06389053422122,2020-07-17,1,30.0
55079011400,55079040100,-87.9106574898586,43.05269479350376,-87.93527423095499,43.17163768621121,2020-07-17,1,30.0
55079011400,55079011300,-87.9106574898586,43.05269479350376,-87.90713298111844,43.04890661506502,2020-07-17,1,30.0
55079011400,55079014400,-87.9106574898586,43.05269479350376,-87.90784049253895,43.042413401572134,2020-07-17,3,91.0
55079011400,55079150301,-87.9106574898586,43.05269479350376,-88.05345903025625,42.89781994777656,2020-07-17,1,30.0
55079011400,55079010700,-87.9106574898586,43.05269479350376,-87.90095083433016,43.0597678010215,2020-07-17,1,30.0
55079011400,55079007600,-87.9106574898586,43.05269479350376,-87.87859580944733,43.06399812725538,2020-07-17,1,30.0
55079011400,55079080400,-87.9106574898586,43.05269479350376,-87.88848724040903,43.08594082590386,2020-07-17,1,30.0
55079011400,55079007800,-87.9106574898586,43.05269479350376,-87.88801504624632,43.07075279367613,2020-07-17,1,30.0
55079011400,55079018500,-87.9106574898586,43.05269479350376,-87.91439743752404,42.98441904059949,2020-07-17,1,30.0
55079011400,55079012700,-87.9106574898586,43.05269479350376,-88.0122777504643,43.029662330242175,2020-07-17,1,30.0
55079011400,55079019700,-87.9106574898586,43.05269479350376,-88.00741820523533,42.97570820507905,2020-07-17,1,30.0
55079011400,55079019800,-87.9106574898586,43.05269479350376,-87.98973307517815,42.982078809345225,2020-07-17,1,30.0
55079011400,55079000304,-87.9106574898586,43.05269479350376,-88.02644618111368,43.14364069729464,2020-07-17,1,30.0
55079011400,55079018700,-87.9106574898586,43.05269479350376,-87.92991431934564,42.995583237143,2020-07-17,1,30.0
55079011400,55079011100,-87.9106574898586,43.05269479350376,-87.90155963599153,43.04933924860895,2020-07-17,1,30.0
55079011400,55079186200,-87.9106574898586,43.05269479350376,-87.93244814260824,43.04856605375616,2020-07-17,1,30.0
55079011400,55079101200,-87.9106574898586,43.05269479350376,-88.02772831407549,42.99180235090393,2020-07-17,1,30.0
55079011400,55079185600,-87.9106574898586,43.05269479350376,-87.91469071944607,43.06026722158336,2020-07-17,1,30.0
55079011400,55079002200,-87.9106574898586,43.05269479350376,-87.9335870089048,43.11469059411332,2020-07-17,1,30.0
55079011400,55079185400,-87.9106574898586,43.05269479350376,-87.93768935592728,43.06023552955454,2020-07-17,1,30.0
55079011400,55079013000,-87.9106574898586,43.05269479350376,-87.9876687698922,43.02770173765977,2020-07-17,1,30.0
55079080200,55079060200,-87.8877423232882,43.0942616397457,-87.9245165328896,43.11556508690733,2020-07-17,6,231.0
55079080200,55079004400,-87.8877423232882,43.0942616397457,-87.90608569163814,43.089298213737145,2020-07-17,4,154.0
55079080200,55079091300,-87.8877423232882,43.0942616397457,-88.0097444924032,43.037871666045895,2020-07-17,1,38.0
55079080200,55079000202,-87.8877423232882,43.0942616397457,-88.04132965001602,43.160382512849615,2020-07-17,1,38.0
55079080200,55079010800,-87.8877423232882,43.0942616397457,-87.88986181293924,43.05733829509928,2020-07-17,1,38.0
55079080200,55079011200,-87.8877423232882,43.0942616397457,-87.89756439120579,43.055476240018415,2020-07-17,1,38.0
55079080200,55079110100,-87.8877423232882,43.0942616397457,-87.9710022364233,43.012448953036525,2020-07-17,2,77.0
55079080200,55079021200,-87.8877423232882,43.0942616397457,-87.92101040508955,42.965284697357816,2020-07-17,1,38.0
55079080200,55079000600,-87.8877423232882,43.0942616397457,-88.00190569680801,43.14010292722225,2020-07-17,2,77.0
55079080200,55079021700,-87.8877423232882,43.0942616397457,-87.91312462574102,42.94052513723052,2020-07-17,1,38.0
55079080200,55079090900,-87.8877423232882,43.0942616397457,-88.00270912368009,43.06124682618238,2020-07-17,1,38.0
55079080200,55079120203,-87.8877423232882,43.0942616397457,-88.00776394431053,42.95694649923871,2020-07-17,1,38.0
55079080200,55079060101,-87.8877423232882,43.0942616397457,-87.92535691568614,43.13950788268824,2020-07-17,3,115.0
55079080200,55079185300,-87.8877423232882,43.0942616397457,-88.04265402690729,43.049880154873065,2020-07-17,2,77.0
55079080200,55079020800,-87.8877423232882,43.0942616397457,-87.87636299879055,42.985307292991365,2020-07-17,1,38.0
55079080200,55079187400,-87.8877423232882,43.0942616397457,-87.90767949876499,43.03217517915639,2020-07-17,1,38.0
55079080200,55079000800,-87.8877423232882,43.0942616397457,-87.97372753660457,43.14064967469203,2020-07-17,1,38.0
55079080200,55079160204,-87.8877423232882,43.0942616397457,-87.9317944903397,42.879700165258704,2020-07-17,1,38.0
55079080200,55079186800,-87.8877423232882,43.0942616397457,-87.9506670108877,43.02815858561159,2020-07-17,1,38.0
55079080200,55079080100,-87.8877423232882,43.0942616397457,-87.89773689723896,43.0955518884228,2020-07-17,1,38.0
55079080200,55079160203,-87.8877423232882,43.0942616397457,-87.91638950191752,42.89402789790319,2020-07-17,2,77.0
55079080200,55079100500,-87.8877423232882,43.0942616397457,-88.02674691869541,43.01326660162138,2020-07-17,2,77.0
55079080200,55079160202,-87.8877423232882,43.0942616397457,-87.87217546542965,42.881379330302295,2020-07-17,1,38.0
55079080200,55079005000,-87.8877423232882,43.0942616397457,-87.98327608357046,43.07665137069942,2020-07-17,1,38.0
55079080200,55079014600,-87.8877423232882,43.0942616397457,-87.93032605572249,43.04237842637439,2020-07-17,1,38.0
55079080200,55079140201,-87.8877423232882,43.0942616397457,-87.99911426080601,42.93902100763907,2020-07-17,1,38.0
55079080200,55079001600,-87.8877423232882,43.0942616397457,-88.01599665750028,43.11588641903863,2020-07-17,2,77.0
55079080200,55079070100,-87.8877423232882,43.0942616397457,-87.9076583493148,43.12063010988105,2020-07-17,1,38.0
55079080200,55079030100,-87.8877423232882,43.0942616397457,-87.89837270942148,43.1819862198906,2020-07-17,2,77.0
55079080200,55079070200,-87.8877423232882,43.0942616397457,-87.8919112738197,43.1133970416122,2020-07-17,3,115.0
55079080200,55079187000,-87.8877423232882,43.0942616397457,-87.88728455831759,43.05530607398437,2020-07-17,1,38.0
55079080200,55079002900,-87.8877423232882,43.0942616397457,-87.98131890013833,43.108341188298006,2020-07-17,1,38.0
55079080200,55079007300,-87.8877423232882,43.0942616397457,-87.88807891595606,43.0779148594549,2020-07-17,1,38.0
55079080200,55079080200,-87.8877423232882,43.0942616397457,-87.8877423232882,43.0942616397457,2020-07-17,87,3353.0
55079080200,55079005200,-87.8877423232882,43.0942616397457,-88.0124256780363,43.086227920709504,2020-07-17,1,38.0
55079080200,55079007200,-87.8877423232882,43.0942616397457,-87.89788270005259,43.07774402945858,2020-07-17,1,38.0
55079080200,55079007600,-87.8877423232882,43.0942616397457,-87.87859580944733,43.06399812725538,2020-07-17,1,38.0
55079080200,55079000900,-87.8877423232882,43.0942616397457,-87.95566887882444,43.14970170326806,2020-07-17,1,38.0
55079080200,55079001700,-87.8877423232882,43.0942616397457,-88.01621221830194,43.10855887721336,2020-07-17,1,38.0
55079080200,55079011000,-87.8877423232882,43.0942616397457,-87.89727240641399,43.050053518943756,2020-07-17,1,38.0
55079080200,55079080400,-87.8877423232882,43.0942616397457,-87.88848724040903,43.08594082590386,2020-07-17,4,154.0
55079080200,55079007800,-87.8877423232882,43.0942616397457,-87.88801504624632,43.07075279367613,2020-07-17,2,77.0
55079080200,55079021500,-87.8877423232882,43.0942616397457,-87.94398245259515,42.952098604888974,2020-07-17,1,38.0
55079080200,55079012700,-87.8877423232882,43.0942616397457,-88.0122777504643,43.029662330242175,2020-07-17,1,38.0
55079080200,55079001100,-87.8877423232882,43.0942616397457,-87.96901390366762,43.127689901740844,2020-07-17,1,38.0
55079080200,55079090700,-87.8877423232882,43.0942616397457,-88.02545440842808,43.059193901469925,2020-07-17,1,38.0
55079080200,55079091000,-87.8877423232882,43.0942616397457,-87.99705672432205,43.06433297165757,2020-07-17,1,38.0
55079080200,55079014800,-87.8877423232882,43.0942616397457,-87.9402035907502,43.042125624825495,2020-07-17,1,38.0
55079080200,55079060102,-87.8877423232882,43.0942616397457,-87.93974960524739,43.148654535590595,2020-07-17,3,115.0
55079080200,55079004900,-87.8877423232882,43.0942616397457,-87.97231517837423,43.077061406485264,2020-07-17,1,38.0
55079080200,55079008000,-87.8877423232882,43.0942616397457,-87.90282982859381,43.067480284048756,2020-07-17,1,38.0
55079080200,55079006400,-87.8877423232882,43.0942616397457,-87.94234792087695,43.07421796319209,2020-07-17,1,38.0
55079080200,55079006100,-87.8877423232882,43.0942616397457,-87.96847508739953,43.06791249267312,2020-07-17,1,38.0
55079080200,55079001000,-87.8877423232882,43.0942616397457,-87.95348314468296,43.12464896388482,2020-07-17,1,38.0
55079080200,55079003000,-87.8877423232882,43.0942616397457,-87.99619059962126,43.10851035065769,2020-07-17,1,38.0
55079080200,55079170400,-87.8877423232882,43.0942616397457,-87.8734267877277,42.89848248246609,2020-07-17,1,38.0
55079012900,55079004400,-87.99989477924994,43.028140622580246,-87.90608569163814,43.089298213737145,2020-07-17,2,45.0
55079012900,55079100100,-87.99989477924994,43.028140622580246,-87.98598444052216,43.01659648927991,2020-07-17,1,22.0
55079012900,55079000102,-87.99989477924994,43.028140622580246,-88.01167859828367,43.164645145767146,2020-07-17,2,45.0
55079012900,55079011400,-87.99989477924994,43.028140622580246,-87.9106574898586,43.05269479350376,2020-07-17,1,22.0
55079012900,55079110100,-87.99989477924994,43.028140622580246,-87.9710022364233,43.012448953036525,2020-07-17,5,113.0
55079012900,55079101000,-87.99989477924994,43.028140622580246,-88.05764456171738,42.99173938525954,2020-07-17,4,90.0
55079012900,55079160100,-87.99989477924994,43.028140622580246,-87.91471599062149,42.91513941042769,2020-07-17,2,45.0
55079012900,55079050101,-87.99989477924994,43.028140622580246,-87.98494662348081,43.17683059907653,2020-07-17,1,22.0
55079012900,55079090300,-87.99989477924994,43.028140622580246,-88.0515779905257,43.06739040507833,2020-07-17,4,90.0
55079012900,55079090200,-87.99989477924994,43.028140622580246,-88.05200796218348,43.081902180003375,2020-07-17,3,68.0
55079012900,55079120400,-87.99989477924994,43.028140622580246,-87.96548496050795,42.96670427425607,2020-07-17,1,22.0
55079012900,55079120203,-87.99989477924994,43.028140622580246,-88.00776394431053,42.95694649923871,2020-07-17,2,45.0
55079012900,55079009500,-87.99989477924994,43.028140622580246,-87.97530476217976,43.0530114064315,2020-07-17,1,22.0
55079012900,55079021400,-87.99989477924994,43.028140622580246,-87.93891709359613,42.96295890378409,2020-07-17,1,22.0
55079012900,55079060101,-87.99989477924994,43.028140622580246,-87.92535691568614,43.13950788268824,2020-07-17,1,22.0
55079012900,55079090600,-87.99989477924994,43.028140622580246,-88.05435154566402,43.03795832032663,2020-07-17,1,22.0
55079012900,55079185300,-87.99989477924994,43.028140622580246,-88.04265402690729,43.049880154873065,2020-07-17,2,45.0
55079012900,55079120502,-87.99989477924994,43.028140622580246,-87.96510992081555,42.95304728304586,2020-07-17,1,22.0
55079012900,55079180500,-87.99989477924994,43.028140622580246,-87.87471526249948,42.93725893299447,2020-07-17,2,45.0
55079012900,55079000400,-87.99989477924994,43.028140622580246,-88.05554472050937,43.110954423820296,2020-07-17,1,22.0
55079012900,55079187200,-87.99989477924994,43.028140622580246,-88.00769048889484,42.863813659193866,2020-07-17,1,22.0
55079012900,55079091200,-87.99989477924994,43.028140622580246,-88.00388284004167,43.0467075980639,2020-07-17,4,90.0
55079012900,55079100500,-87.99989477924994,43.028140622580246,-88.02674691869541,43.01326660162138,2020-07-17,1,22.0
55079012900,55079100600,-87.99989477924994,43.028140622580246,-88.02237498004419,43.02035162464835,2020-07-17,1,22.0
55079012900,55079101100,-87.99989477924994,43.028140622580246,-88.04276904850849,42.99420752845147,2020-07-17,5,113.0
55079012900,55079140100,-87.99989477924994,43.028140622580246,-88.0188613886232,42.93745223479677,2020-07-17,1,22.0
55079012900,55079140201,-87.99989477924994,43.028140622580246,-87.99911426080601,42.93902100763907,2020-07-17,1,22.0
55079012900,55079091400,-87.99989477924994,43.028140622580246,-87.99383660813824,43.04031315098078,2020-07-17,1,22.0
55079012900,55079016800,-87.99989477924994,43.028140622580246,-87.92935001478907,43.01036042537408,2020-07-17,2,45.0
55079012900,55079120101,-87.99989477924994,43.028140622580246,-88.04814010007517,42.95916305909443,2020-07-17,1,22.0
55079012900,55079011300,-87.99989477924994,43.028140622580246,-87.90713298111844,43.04890661506502,2020-07-17,1,22.0
55079012900,55079100400,-87.99989477924994,43.028140622580246,-88.01166560297426,43.0170103539625,2020-07-17,3,68.0
55079012900,55079018000,-87.99989477924994,43.028140622580246,-87.8945288084346,43.01098558683315,2020-07-17,1,22.0
55079012900,55079021600,-87.99989477924994,43.028140622580246,-87.92488475274558,42.952251222261935,2020-07-17,1,22.0
55079012900,55079003400,-87.99989477924994,43.028140622580246,-88.02444287795417,43.0934576342605,2020-07-17,1,22.0
55079012900,55079005500,-87.99989477924994,43.028140622580246,-88.03284541742188,43.08237006688624,2020-07-17,1,22.0
55079012900,55079005800,-87.99989477924994,43.028140622580246,-87.99994620357029,43.072303413103626,2020-07-17,1,22.0
55079012900,55079016100,-87.99989477924994,43.028140622580246,-87.95946595975387,43.016089910899275,2020-07-17,1,22.0
55079012900,55079021300,-87.99989477924994,43.028140622580246,-87.93877469638159,42.970224160413096,2020-07-17,3,68.0
55079012900,55079101800,-87.99989477924994,43.028140622580246,-88.00969812606968,42.99373426381014,2020-07-17,2,45.0
55079012900,55079150301,-87.99989477924994,43.028140622580246,-88.05345903025625,42.89781994777656,2020-07-17,1,22.0
55079012900,55079009400,-87.99989477924994,43.028140622580246,-87.98309572088205,43.053347935581954,2020-07-17,2,45.0
55079012900,55079050102,-87.99989477924994,43.028140622580246,-87.96743569232115,43.172443064752215,2020-07-17,2,45.0
55079012900,55079180300,-87.99989477924994,43.028140622580246,-87.87005593266791,42.951885652862586,2020-07-17,1,22.0
55079012900,55079019500,-87.99989477924994,43.028140622580246,-88.02769031152603,42.97732706705707,2020-07-17,2,45.0
55079012900,55079185700,-87.99989477924994,43.028140622580246,-87.91471207902771,43.06752585199898,2020-07-17,1,22.0
55079012900,55079000700,-87.99989477924994,43.028140622580246,-87.99009583376943,43.15588909293765,2020-07-17,1,22.0
55079012900,55079101500,-87.99989477924994,43.028140622580246,-88.00747595996755,43.007126720391405,2020-07-17,1,22.0
55079012900,55079101700,-87.99989477924994,43.028140622580246,-88.00697190300957,43.00173437379505,2020-07-17,1,22.0
55079012900,55079010700,-87.99989477924994,43.028140622580246,-87.90095083433016,43.0597678010215,2020-07-17,1,22.0
55079012900,55079100200,-87.99989477924994,43.028140622580246,-87.99137992566246,43.01460892403096,2020-07-17,9,204.0
55079012900,55079012600,-87.99989477924994,43.028140622580246,-87.99443577770006,43.034032251200934,2020-07-17,5,113.0
55079012900,55079020300,-87.99989477924994,43.028140622580246,-87.92658964497383,42.979242665655576,2020-07-17,1,22.0
55079012900,55079012700,-87.99989477924994,43.028140622580246,-88.0122777504643,43.029662330242175,2020-07-17,2,45.0
55079012900,55079019700,-87.99989477924994,43.028140622580246,-88.00741820523533,42.97570820507905,2020-07-17,1,22.0
55079012900,55079001100,-87.99989477924994,43.028140622580246,-87.96901390366762,43.127689901740844,2020-07-17,1,22.0
55079012900,55079186400,-87.99989477924994,43.028140622580246,-87.93038892981184,43.03695266796131,2020-07-17,1,22.0
55079012900,55079101300,-87.99989477924994,43.028140622580246,-88.02770018483265,42.99907770295741,2020-07-17,1,22.0
55079012900,55079170100,-87.99989477924994,43.028140622580246,-87.84892368656588,42.919583500675934,2020-07-17,3,68.0
55079012900,55079091000,-87.99989477924994,43.028140622580246,-87.99705672432205,43.06433297165757,2020-07-17,2,45.0
55079012900,55079100300,-87.99989477924994,43.028140622580246,-88.00316709835943,43.017354422985534,2020-07-17,2,45.0
55079012900,55079101200,-87.99989477924994,43.028140622580246,-88.02772831407549,42.99180235090393,2020-07-17,1,22.0
55079012900,55079005100,-87.99989477924994,43.028140622580246,-87.99757698420609,43.08261869423604,2020-07-17,1,22.0
55079012900,55079012900,-87.99989477924994,43.028140622580246,-87.99989477924994,43.028140622580246,2020-07-17,111,2521.0
55079012900,55079017100,-87.99989477924994,43.028140622580246,-87.95808412992528,43.01056521552099,2020-07-17,1,22.0
55079012900,55079006100,-87.99989477924994,43.028140622580246,-87.96847508739953,43.06791249267312,2020-07-17,1,22.0
55079012900,55079001000,-87.99989477924994,43.028140622580246,-87.95348314468296,43.12464896388482,2020-07-17,1,22.0
55079012900,55079008400,-87.99989477924994,43.028140622580246,-87.92332577697063,43.067583013115005,2020-07-17,1,22.0
55079012900,55079017000,-87.99989477924994,43.028140622580246,-87.9475259715867,43.01041841584858,2020-07-17,1,22.0
55079012900,55079090800,-87.99989477924994,43.028140622580246,-88.01754834659646,43.063072316879136,2020-07-17,1,22.0
55079012900,55079013000,-87.99989477924994,43.028140622580246,-87.9876687698922,43.02770173765977,2020-07-17,3,68.0
55079186400,55079004400,-87.93038892981184,43.03695266796131,-87.90608569163814,43.089298213737145,2020-07-17,2,149.0
55079186400,55079011400,-87.93038892981184,43.03695266796131,-87.9106574898586,43.05269479350376,2020-07-17,1,74.0
55079186400,55079186300,-87.93038892981184,43.03695266796131,-87.91799927397663,43.040616743150025,2020-07-17,3,223.0
55079186400,55079120502,-87.93038892981184,43.03695266796131,-87.96510992081555,42.95304728304586,2020-07-17,1,74.0
55079186400,55079014700,-87.93038892981184,43.03695266796131,-87.93551340137516,43.042200823908786,2020-07-17,1,74.0
55079186400,55079014600,-87.93038892981184,43.03695266796131,-87.93032605572249,43.04237842637439,2020-07-17,2,149.0
55079186400,55079016800,-87.93038892981184,43.03695266796131,-87.92935001478907,43.01036042537408,2020-07-17,1,74.0
55079186400,55079011300,-87.93038892981184,43.03695266796131,-87.90713298111844,43.04890661506502,2020-07-17,1,74.0
55079186400,55079150100,-87.93038892981184,43.03695266796131,-87.97759713310646,42.91424119290261,2020-07-17,1,74.0
55079186400,55079019500,-87.93038892981184,43.03695266796131,-88.02769031152603,42.97732706705707,2020-07-17,1,74.0
55079186400,55079186400,-87.93038892981184,43.03695266796131,-87.93038892981184,43.03695266796131,2020-07-17,9,671.0
55079186400,55079101200,-87.93038892981184,43.03695266796131,-88.02772831407549,42.99180235090393,2020-07-17,1,74.0
55079186400,55079186900,-87.93038892981184,43.03695266796131,-87.88804149673794,43.05226526687869,2020-07-17,1,74.0
55079011300,55079015700,-87.90713298111844,43.04890661506502,-87.92777138656925,43.021663598322064,2020-07-17,1,27.0
55079011300,55079011200,-87.90713298111844,43.04890661506502,-87.89756439120579,43.055476240018415,2020-07-17,1,27.0
55079011300,55079110100,-87.90713298111844,43.04890661506502,-87.9710022364233,43.012448953036525,2020-07-17,1,27.0
55079011300,55079186300,-87.90713298111844,43.04890661506502,-87.91799927397663,43.040616743150025,2020-07-17,2,54.0
55079011300,55079090600,-87.90713298111844,43.04890661506502,-88.05435154566402,43.03795832032663,2020-07-17,2,54.0
55079011300,55079187400,-87.90713298111844,43.04890661506502,-87.90767949876499,43.03217517915639,2020-07-17,4,108.0
55079011300,55079186800,-87.90713298111844,43.04890661506502,-87.9506670108877,43.02815858561159,2020-07-17,1,27.0
55079011300,55079160203,-87.90713298111844,43.04890661506502,-87.91638950191752,42.89402789790319,2020-07-17,1,27.0
55079011300,55079091200,-87.90713298111844,43.04890661506502,-88.00388284004167,43.0467075980639,2020-07-17,1,27.0
55079011300,55079020100,-87.90713298111844,43.04890661506502,-87.94099671150566,42.988482506396224,2020-07-17,1,27.0
55079011300,55079005000,-87.90713298111844,43.04890661506502,-87.98327608357046,43.07665137069942,2020-07-17,1,27.0
55079011300,55079014600,-87.90713298111844,43.04890661506502,-87.93032605572249,43.04237842637439,2020-07-17,1,27.0
55079011300,55079007000,-87.90713298111844,43.04890661506502,-87.91122456687498,43.07424564740019,2020-07-17,1,27.0
55079011300,55079013600,-87.90713298111844,43.04890661506502,-87.9527511611333,43.04369545920421,2020-07-17,1,27.0
55079011300,55079007700,-87.90713298111844,43.04890661506502,-87.88849935823362,43.06389053422122,2020-07-17,2,54.0
55079011300,55079011300,-87.90713298111844,43.04890661506502,-87.90713298111844,43.04890661506502,2020-07-17,60,1630.0
55079011300,55079014400,-87.90713298111844,43.04890661506502,-87.90784049253895,43.042413401572134,2020-07-17,2,54.0
55079011300,55079014100,-87.90713298111844,43.04890661506502,-87.92097269793881,43.04863570292668,2020-07-17,1,27.0
55079011300,55079010700,-87.90713298111844,43.04890661506502,-87.90095083433016,43.0597678010215,2020-07-17,1,27.0
55079011300,55079007200,-87.90713298111844,43.04890661506502,-87.89788270005259,43.07774402945858,2020-07-17,2,54.0
55079011300,55079006600,-87.90713298111844,43.04890661506502,-87.93135214789555,43.075399167305534,2020-07-17,1,27.0
55079011300,55079007600,-87.90713298111844,43.04890661506502,-87.87859580944733,43.06399812725538,2020-07-17,1,27.0
55079011300,55079000900,-87.90713298111844,43.04890661506502,-87.95566887882444,43.14970170326806,2020-07-17,1,27.0
55079011300,55079000201,-87.90713298111844,43.04890661506502,-88.0472441211064,43.1799495757708,2020-07-17,1,27.0
55079011300,55079007800,-87.90713298111844,43.04890661506502,-87.88801504624632,43.07075279367613,2020-07-17,1,27.0
55079011300,55079014300,-87.90713298111844,43.04890661506502,-87.90101539256612,43.042731429373134,2020-07-17,1,27.0
55079011300,55079011100,-87.90713298111844,43.04890661506502,-87.90155963599153,43.04933924860895,2020-07-17,4,108.0
55079011300,55079186900,-87.90713298111844,43.04890661506502,-87.88804149673794,43.05226526687869,2020-07-17,1,27.0
55079011300,55079060102,-87.90713298111844,43.04890661506502,-87.93974960524739,43.148654535590595,2020-07-17,1,27.0
55079005600,55079101000,-88.02758035548169,43.071050112322006,-88.05764456171738,42.99173938525954,2020-07-17,1,31.0
55079005600,55079090300,-88.02758035548169,43.071050112322006,-88.0515779905257,43.06739040507833,2020-07-17,5,157.0
55079005600,55079090200,-88.02758035548169,43.071050112322006,-88.05200796218348,43.081902180003375,2020-07-17,4,126.0
55079005600,55079000501,-88.02758035548169,43.071050112322006,-88.04340002069712,43.115390222488664,2020-07-17,4,126.0
55079005600,55079003500,-88.02758035548169,43.071050112322006,-87.99830093777771,43.09359369867719,2020-07-17,1,31.0
55079005600,55079009500,-88.02758035548169,43.071050112322006,-87.97530476217976,43.0530114064315,2020-07-17,1,31.0
55079005600,55079000302,-88.02758035548169,43.071050112322006,-88.04649688617519,43.13922972061493,2020-07-17,1,31.0
55079005600,55079090600,-88.02758035548169,43.071050112322006,-88.05435154566402,43.03795832032663,2020-07-17,1,31.0
55079005600,55079185300,-88.02758035548169,43.071050112322006,-88.04265402690729,43.049880154873065,2020-07-17,4,126.0
55079005600,55079005400,-88.02758035548169,43.071050112322006,-88.02259608100492,43.0824437803151,2020-07-17,1,31.0
55079005600,55079000502,-88.02758035548169,43.071050112322006,-88.03128731150349,43.12480634966938,2020-07-17,1,31.0
55079005600,55079001400,-88.02758035548169,43.071050112322006,-88.01656972395298,43.130900969315825,2020-07-17,1,31.0
55079005600,55079140201,-88.02758035548169,43.071050112322006,-87.99911426080601,42.93902100763907,2020-07-17,1,31.0
55079005600,55079003300,-88.02758035548169,43.071050112322006,-88.0173066794685,43.1010408446094,2020-07-17,1,31.0
55079005600,55079005800,-88.02758035548169,43.071050112322006,-87.99994620357029,43.072303413103626,2020-07-17,1,31.0
55079005600,55079130100,-88.02758035548169,43.071050112322006,-88.04407902007586,42.942752065148895,2020-07-17,2,63.0
55079005600,55079000700,-88.02758035548169,43.071050112322006,-87.99009583376943,43.15588909293765,2020-07-17,1,31.0
55079005600,55079005700,-88.02758035548169,43.071050112322006,-88.01309831915184,43.07138814037072,2020-07-17,1,31.0
55079005600,55079007600,-88.02758035548169,43.071050112322006,-87.87859580944733,43.06399812725538,2020-07-17,1,31.0
55079005600,55079001700,-88.02758035548169,43.071050112322006,-88.01621221830194,43.10855887721336,2020-07-17,2,63.0
55079005600,55079186400,-88.02758035548169,43.071050112322006,-87.93038892981184,43.03695266796131,2020-07-17,1,31.0
55079005600,55079090700,-88.02758035548169,43.071050112322006,-88.02545440842808,43.059193901469925,2020-07-17,2,63.0
55079005600,55079186900,-88.02758035548169,43.071050112322006,-87.88804149673794,43.05226526687869,2020-07-17,1,31.0
55079005600,55079005600,-88.02758035548169,43.071050112322006,-88.02758035548169,43.071050112322006,2020-07-17,57,1795.0
55079005600,55079090800,-88.02758035548169,43.071050112322006,-88.01754834659646,43.063072316879136,2020-07-17,1,31.0
55079009500,55079000202,-87.97530476217976,43.0530114064315,-88.04132965001602,43.160382512849615,2020-07-17,1,30.0
55079009500,55079010800,-87.97530476217976,43.0530114064315,-87.88986181293924,43.05733829509928,2020-07-17,1,30.0
55079009500,55079011200,-87.97530476217976,43.0530114064315,-87.89756439120579,43.055476240018415,2020-07-17,1,30.0
55079009500,55079110100,-87.97530476217976,43.0530114064315,-87.9710022364233,43.012448953036525,2020-07-17,2,60.0
55079009500,55079090300,-87.97530476217976,43.0530114064315,-88.0515779905257,43.06739040507833,2020-07-17,1,30.0
55079009500,55079012400,-87.97530476217976,43.0530114064315,-87.97680856828566,43.04580144948212,2020-07-17,2,60.0
55079009500,55079004800,-87.97530476217976,43.0530114064315,-87.96231596301399,43.077035360461494,2020-07-17,1,30.0
55079009500,55079009500,-87.97530476217976,43.0530114064315,-87.97530476217976,43.0530114064315,2020-07-17,50,1509.0
55079009500,55079186000,-87.97530476217976,43.0530114064315,-87.92039854147795,43.053956957431964,2020-07-17,1,30.0
55079009500,55079185300,-87.97530476217976,43.0530114064315,-88.04265402690729,43.049880154873065,2020-07-17,2,60.0
55079009500,55079187400,-87.97530476217976,43.0530114064315,-87.90767949876499,43.03217517915639,2020-07-17,1,30.0
55079009500,55079091200,-87.97530476217976,43.0530114064315,-88.00388284004167,43.0467075980639,2020-07-17,2,60.0
55079009500,55079100900,-87.97530476217976,43.0530114064315,-88.05216898532913,43.00959788353506,2020-07-17,1,30.0
55079009500,55079101100,-87.97530476217976,43.0530114064315,-88.04276904850849,42.99420752845147,2020-07-17,1,30.0
55079009500,55079091100,-87.97530476217976,43.0530114064315,-88.00381885772617,43.05493775558714,2020-07-17,1,30.0
55079009500,55079007700,-87.97530476217976,43.0530114064315,-87.88849935823362,43.06389053422122,2020-07-17,1,30.0
55079009500,55079021600,-87.97530476217976,43.0530114064315,-87.92488475274558,42.952251222261935,2020-07-17,2,60.0
55079009500,55079009400,-87.97530476217976,43.0530114064315,-87.98309572088205,43.053347935581954,2020-07-17,5,150.0
55079009500,55079020700,-87.97530476217976,43.0530114064315,-87.89282968229121,42.980391637955094,2020-07-17,2,60.0
55079009500,55079000201,-87.97530476217976,43.0530114064315,-88.0472441211064,43.1799495757708,2020-07-17,1,30.0
55079009500,55079020500,-87.97530476217976,43.0530114064315,-87.92272370744391,42.988321496925906,2020-07-17,1,30.0
55079009500,55079018600,-87.97530476217976,43.0530114064315,-87.92255649026754,42.995575414800356,2020-07-17,1,30.0
55079009500,55079009000,-87.97530476217976,43.0530114064315,-87.9610837883489,43.060355868415826,2020-07-17,3,90.0
55079009500,55079009100,-87.97530476217976,43.0530114064315,-87.96852806703085,43.060675408064526,2020-07-17,2,60.0
55079009500,55079001900,-87.97530476217976,43.0530114064315,-87.98367415791445,43.115686316787006,2020-07-17,1,30.0
55079009500,55079016500,-87.97530476217976,43.0530114064315,-87.91153110922029,43.01579142211555,2020-07-17,1,30.0
55079009500,55079018700,-87.97530476217976,43.0530114064315,-87.92991431934564,42.995583237143,2020-07-17,1,30.0
55079009500,55079009600,-87.97530476217976,43.0530114064315,-87.96486502955395,43.05277336645368,2020-07-17,1,30.0
55079009500,55079014300,-87.97530476217976,43.0530114064315,-87.90101539256612,43.042731429373134,2020-07-17,1,30.0
55079009500,55079004100,-87.97530476217976,43.0530114064315,-87.95681147526382,43.0940907627305,2020-07-17,1,30.0
55079009500,55079009200,-87.97530476217976,43.0530114064315,-87.97560474362125,43.06069020349929,2020-07-17,1,30.0
55079009500,55079012200,-87.97530476217976,43.0530114064315,-87.95271101560115,43.04866661559741,2020-07-17,1,30.0
55079009500,55079001000,-87.97530476217976,43.0530114064315,-87.95348314468296,43.12464896388482,2020-07-17,1,30.0
55079009500,55079015900,-87.97530476217976,43.0530114064315,-87.9473669417017,43.02159668337006,2020-07-17,1,30.0
55079009500,55079006700,-87.97530476217976,43.0530114064315,-87.92040407919447,43.07437828581977,2020-07-17,1,30.0
55079186900,55079011200,-87.88804149673794,43.05226526687869,-87.89756439120579,43.055476240018415,2020-07-17,1,54.0
55079186900,55079110100,-87.88804149673794,43.05226526687869,-87.9710022364233,43.012448953036525,2020-07-17,2,108.0
55079186900,55079070300,-87.88804149673794,43.05226526687869,-87.90380003116019,43.10631443965618,2020-07-17,1,54.0
55079186900,55079090200,-87.88804149673794,43.05226526687869,-88.05200796218348,43.081902180003375,2020-07-17,1,54.0
55079186900,55079185900,-87.88804149673794,43.05226526687869,-87.93229166080955,43.05383765471328,2020-07-17,1,54.0
55079186900,55079060101,-87.88804149673794,43.05226526687869,-87.92535691568614,43.13950788268824,2020-07-17,1,54.0
55079186900,55079185300,-87.88804149673794,43.05226526687869,-88.04265402690729,43.049880154873065,2020-07-17,1,54.0
55079186900,55079187400,-87.88804149673794,43.05226526687869,-87.90767949876499,43.03217517915639,2020-07-17,1,54.0
55079186900,55079000502,-87.88804149673794,43.05226526687869,-88.03128731150349,43.12480634966938,2020-07-17,1,54.0
55079186900,55079070100,-87.88804149673794,43.05226526687869,-87.9076583493148,43.12063010988105,2020-07-17,1,54.0
55079186900,55079018000,-87.88804149673794,43.05226526687869,-87.8945288084346,43.01098558683315,2020-07-17,1,54.0
55079186900,55079187000,-87.88804149673794,43.05226526687869,-87.88728455831759,43.05530607398437,2020-07-17,7,380.0
55079186900,55079180300,-87.88804149673794,43.05226526687869,-87.87005593266791,42.951885652862586,2020-07-17,1,54.0
55079186900,55079080200,-87.88804149673794,43.05226526687869,-87.8877423232882,43.0942616397457,2020-07-17,1,54.0
55079186900,55079011000,-87.88804149673794,43.05226526687869,-87.89727240641399,43.050053518943756,2020-07-17,1,54.0
55079186900,55079001500,-87.88804149673794,43.05226526687869,-88.01520145334699,43.123754077777434,2020-07-17,1,54.0
55079186900,55079007800,-87.88804149673794,43.05226526687869,-87.88801504624632,43.07075279367613,2020-07-17,2,108.0
55079186900,55079186900,-87.88804149673794,43.05226526687869,-87.88804149673794,43.05226526687869,2020-07-17,30,1629.0
55079186900,55079060102,-87.88804149673794,43.05226526687869,-87.93974960524739,43.148654535590595,2020-07-17,1,54.0
55079018100,55079110100,-87.88469234682039,42.998709042311724,-87.9710022364233,43.012448953036525,2020-07-17,2,67.0
55079018100,55079018100,-87.88469234682039,42.998709042311724,-87.88469234682039,42.998709042311724,2020-07-17,41,1388.0
55079018100,55079160100,-87.88469234682039,42.998709042311724,-87.91471599062149,42.91513941042769,2020-07-17,1,33.0
55079018100,55079186300,-87.88469234682039,42.998709042311724,-87.91799927397663,43.040616743150025,2020-07-17,1,33.0
55079018100,55079090200,-87.88469234682039,42.998709042311724,-88.05200796218348,43.081902180003375,2020-07-17,1,33.0
55079018100,55079018400,-87.88469234682039,42.998709042311724,-87.90417459790928,42.9917062933768,2020-07-17,1,33.0
55079018100,55079160300,-87.88469234682039,42.998709042311724,-87.8893867076047,42.856940087232964,2020-07-17,2,67.0
55079018100,55079090600,-87.88469234682039,42.998709042311724,-88.05435154566402,43.03795832032663,2020-07-17,2,67.0
55079018100,55079185300,-87.88469234682039,42.998709042311724,-88.04265402690729,43.049880154873065,2020-07-17,2,67.0
55079018100,55079020800,-87.88469234682039,42.998709042311724,-87.87636299879055,42.985307292991365,2020-07-17,1,33.0
55079018100,55079187400,-87.88469234682039,42.998709042311724,-87.90767949876499,43.03217517915639,2020-07-17,2,67.0
55079018100,55079021000,-87.88469234682039,42.998709042311724,-87.89993467732904,42.962739149255064,2020-07-17,2,67.0
55079018100,55079160204,-87.88469234682039,42.998709042311724,-87.9317944903397,42.879700165258704,2020-07-17,1,33.0
55079018100,55079186800,-87.88469234682039,42.998709042311724,-87.9506670108877,43.02815858561159,2020-07-17,1,33.0
55079018100,55079160203,-87.88469234682039,42.998709042311724,-87.91638950191752,42.89402789790319,2020-07-17,1,33.0
55079018100,55079020100,-87.88469234682039,42.998709042311724,-87.94099671150566,42.988482506396224,2020-07-17,1,33.0
55079018100,55079160202,-87.88469234682039,42.998709042311724,-87.87217546542965,42.881379330302295,2020-07-17,2,67.0
55079018100,55079018000,-87.88469234682039,42.998709042311724,-87.8945288084346,43.01098558683315,2020-07-17,2,67.0
55079018100,55079018200,-87.88469234682039,42.998709042311724,-87.87369831321716,42.99249911585218,2020-07-17,4,135.0
55079018100,55079020500,-87.88469234682039,42.998709042311724,-87.92272370744391,42.988321496925906,2020-07-17,1,33.0
55079018100,55079021500,-87.88469234682039,42.998709042311724,-87.94398245259515,42.952098604888974,2020-07-17,1,33.0
55079018100,55079180200,-87.88469234682039,42.998709042311724,-87.85506992096182,42.95465467367753,2020-07-17,2,67.0
55079018100,55079186400,-87.88469234682039,42.998709042311724,-87.93038892981184,43.03695266796131,2020-07-17,1,33.0
55079018100,55079019300,-87.88469234682039,42.998709042311724,-87.99612754588766,42.99498021323571,2020-07-17,1,33.0
55079018100,55079185200,-87.88469234682039,42.998709042311724,-87.88193798921913,42.967674094622936,2020-07-17,4,135.0
